[Header]
File opened	2020-07-17 12:37:19
Console s/n	68C-571038
Console ver	Bluestem v.1.3.4
Scripts ver	2018.05  1.3.4, Mar 2018
Head s/n	68H-581038
Head ver	1.4.0
Head cal	{"h2oaspanconc2": "0", "co2bspan2a": "0.163389", "ssb_ref": "36526.8", "co2aspanconc2": "0", "co2bzero": "0.880288", "chamberpressurezero": "2.59209", "co2aspan1": "0.992625", "co2aspan2b": "0.163711", "tbzero": "0.197721", "h2oaspan1": "1.00223", "h2oaspan2a": "0.0661155", "h2obspan2a": "0.0975941", "tazero": "0.00774765", "h2obspan1": "0.998578", "h2obspan2": "0", "co2bspanconc1": "1002", "h2oaspan2b": "0.0662632", "co2bspan2": "0", "co2bspan2b": "0.162103", "co2aspan2": "0", "co2azero": "0.869071", "h2oaspan2": "0", "h2obzero": "1.01783", "ssa_ref": "36614.9", "flowmeterzero": "0.990908", "flowbzero": "0.22736", "co2bspanconc2": "0", "co2bspan1": "0.992131", "h2oaspanconc1": "12.19", "co2aspan2a": "0.164928", "co2aspanconc1": "1002", "h2oazero": "1.00263", "h2obspanconc1": "20", "flowazero": "0.42932", "h2obspanconc2": "0", "h2obspan2b": "0.0963575", "oxygen": "21"}
Chamber type	6800-01A
Chamber s/n	MPF-551037
Chamber rev	0
Chamber cal	0
Fluorometer	MPF-551037
Flr. Version	1.4.0
12:37:19	Stability Definition:	H2O_s (Meas): Slp<0.2	CO2_s (Meas): Slp<0.3
SysConst:AvgTime	4
SysConst:Oxygen	21
SysConst:Chamber	6800-01A 2 cm²
Const:S	2.0
Const:CustomBLC	2.0
LTConst:deltaTw	0
LTConst:fT1	1
LTConst:fT2	0
LTConst:fTeb	0
LQConst:Leaf	standard
LQConst:Ambient	Sun+Sky
LQConst:abs_ambient	0.49
LQConst:abs_redLED	0.84
LQConst:abs_greenLED	0.7
LQConst:abs_blueLED	0.87
LQConst:abs_whiteLED	0.75
LQConst:abs_redFlr	0.84
LQConst:abs_blueFlr	0.87
LQConst:k_ambient	0.39
LQConst:k_redLED	0.18
LQConst:k_greenLED	0.23
LQConst:k_blueLED	0.26
LQConst:k_whiteLED	0.21
LQConst:k_redFlr	0.19
LQConst:k_blueFlr	0.25
QConst:fQ_Amb_in	0.0
QConst:fQ_Amb_out	0.0
QConst:fQ_HeadLS	0.0
QConst:fQ_ConsoleLS	0.0
QConst:fQ_Flr	1.0
LeakConst:fan_a	-6276.0
LeakConst:fan_b	6.6
LeakConst:fan_c	1.709e-05
LeakConst:fan_d	3.11
LeakConst:Fs_meas	2.8867 76.9944 384.338 617.676 844.529 1050.88 1230.97 1394.83
LeakConst:Fs_true	0.249995 100.784 401.701 601.178 800.155 1000.64 1200.01 1400.75
LeakConst:leak_wt	0.0
[Data]
Sys	Sys	Sys	Sys	Sys	UserDefVar	GasEx	GasEx	GasEx	GasEx	GasEx	GasEx	GasEx	GasEx	GasEx	GasEx	GasEx	GasEx	GasEx	GasEx	GasEx	GasEx	GasEx	GasEx	GasEx	GasEx	GasEx	GasEx	GasEx	GasEx	GasEx	GasEx	Leak	Leak	Leak	Leak	Leak	FLR	FLR	FLR	FLR	FLR	FLR	FLR	FLR	FLR	FLR	FLR	FLR	FLR	FLR	FLR	FLR	FLR	FLR	FLR	FLR	FLR	FLR	FLR	FLR	MPF	MPF	MPF	MPF	MPF	MPF	MPF	MPF	LeafQ	LeafQ	LeafQ	LeafQ	Const	Const	Meas	Meas	Meas	Meas	Meas	Meas	Meas	Meas	Meas	Meas	Meas	Meas	Meas	Meas	FlrLS	FlrLS	FlrLS	FlrLS	FlrLS	FlrLS	FlrLS	FlrLS	FlrLS	FlrLS	FlrLS	FlrLS	FlrLS	FlrLS	FlrLS	FlrLS	FlrLS	FlrStats	FlrStats	FlrStats	FlrStats	FlrStats	Match	Match	Match	Match	Match	Match	Match	Match	Match	Stability	Stability	Stability	Stability	Stability	Stability	Stability	Stability	Stability	Stability	Stability	Auxiliary	Auxiliary	Auxiliary	Auxiliary	Auxiliary	Auxiliary	Auxiliary	Auxiliary	Auxiliary	Auxiliary	Auxiliary	Auxiliary	Auxiliary	Auxiliary	Auxiliary	Auxiliary	Auxiliary	Auxiliary	Auxiliary	Status	Status	Status	Status	Status	Status	Status	Status	Status	Status	Status	Status	Status	Status	Status	Status	Status	Status	Status	Status	
obs	time	elapsed	date	hhmmss	plant	TIME	E	A	Ca	Ci	Pci	Pca	gsw	gbw	gtw	gtc	Rabs	TleafEB	TleafCnd	SVPleaf	RHcham	VPcham	SVPcham	VPDleaf	LatHFlux	SenHFlux	NetTherm	EBSum	blfa_1	blfa_2	blfa_3	Leak	LeakPct	CorrFact	CorrFactPct	Fan	DarkAdaptedID	Fo	Fm	Fv	Fv/Fm	Adark	LightAdaptedID	Fs	Fm'	PhiPS2	PS2/1	Qabs_fs	Afs	ETR	Fv'/Fm'	PhiCO2	NPQ	DarkPulseID	Fo'	Fv'	qP	qN	qP_Fo	qN_Fo	ID	P1_dur	P2_dur	P3_dur	P1_Qmax	P1_Fmax	P2_dQdt	P3_ΔF	Qin	Qabs	alpha	convert	K	Geometry	TIME	CO2_s	CO2_r	H2O_s	H2O_r	Flow	Pa	ΔPcham	Tair	Tleaf	Tleaf2	Fan_speed	Qamb_in	Qamb_out	Q	f_red	f_blue	f_farred	F	Q_modavg	F_dc	Pc	Tled	TDigital	TPreamp	TPwrSpy	TDrive	Q_red	Q_blue	Q_farred	TSPF	F_avg	dF/dt	dF_dc/dt	F_dc_avg	period	time	hhmmss	count	co2_adj	h2o_adj	co2_at	h2o_at	co2_cv	h2o_cv	CO2_s:MN	CO2_s:SLP	CO2_s:SD	CO2_s:OK	H2O_s:MN	H2O_s:SLP	H2O_s:SD	H2O_s:OK	Stable	Total	State	ADC_CH1	ADC_CH2	ADC_CH3	ADC_CH4	ADC_CH5	ADC_CH6	ADC_CH7	ADC_CH8	DAC_1	DAC_2	DAC_3	DAC_4	GPIO	GPIO_dir	excit_5v	power_12v	power_5v	ch1_pullup	AuxPower	MatchValveR	MatchValveS	MatchCO2	MatchH2O	DIAG	Flow_s	Flow_r	Txchg	Tirga	Tchopper	Ts	Tr	CO2_%	Desiccant_%	Humidifier_%	Txchg_sp	CO2_r_sp	H2O_r_sp	SS_s	SS_r	
	s	s				s	mol m⁻² s⁻¹	µmol m⁻² s⁻¹	µmol mol⁻¹	µmol mol⁻¹	Pa	Pa	mol m⁻² s⁻¹	mol m⁻² s⁻¹	mol m⁻² s⁻¹	mol m⁻² s⁻¹	W m⁻²	°C	°C	kPa	%	kPa	kPa	kPa	W m⁻²	W m⁻²	W m⁻²	W m⁻²				µmol s⁻¹	%		%	µmol s⁻¹						µmol m⁻² s⁻¹						µmol m⁻² s⁻¹	µmol m⁻² s⁻¹	µmol m⁻² s⁻¹		µmol µmol⁻¹										ms	ms	ms	µmol m⁻² s⁻¹		mol m⁻² s⁻²		µmol m⁻² s⁻¹	µmol m⁻² s⁻¹		J/µmol			s	µmol mol⁻¹	µmol mol⁻¹	mmol mol⁻¹	mmol mol⁻¹	µmol s⁻¹	kPa	kPa	°C	°C	°C	rpm	µmol m⁻² s⁻¹	µmol m⁻² s⁻¹	µmol m⁻² s⁻¹					µmol m⁻² s⁻¹			°C	°C	°C	°C	°C	µmol m⁻² s⁻¹	µmol m⁻² s⁻¹	µmol m⁻² s⁻¹	s		min⁻¹	min⁻¹		s	secs			µmol/mol	mmol/mol	µmol/mol	mmol/mol	%	%	µmol mol⁻¹	µmol mol⁻¹ min⁻¹	µmol mol⁻¹		mmol mol⁻¹	mmol mol⁻¹ min⁻¹	mmol mol⁻¹					V	V	V	V	V	V	V	V	V	V	V	V							V	%	%	µmol/mol	mmol/mol		µmol s⁻¹	µmol s⁻¹	°C	°C	°C	°C	°C	%	%	%	°C	µmol mol⁻¹	mmol mol⁻¹	%	%	
1	1595007820.3	0	20200717 12:43:40	12:43:40		1595007812.3000007	0.013063175644103439	38.77198617154687	382.5018562218125	304.67424683236277	30.42012674848378	38.190805651519526	1.0146716703528187	3.3905105970753255	0.8714802587536208	0.5558482083316417	353.3378935065086	27.365483325703295	27.028351612903226	3.5851239010598706	54.5213434164418	2.1313306726357486	3.9091675646293975	1.453793228424122	-576.0860459049617	270.8523302504208	17.37326975311941	65.4774476050871	-0.04130073691432435	0.04636369532960124	3.4629861540734206	157.0	31.0	1	0	52611.0	0	0	0	0	0	-1	MPF-4987-20200717-12_43_42	303.86016	433.267	0.29867688977004936	0.5	1849.1855997090554	38.77198617154687	276.15450176433205	0.5546395178954316	0.021507839006427727	-1.0	DARK-4988-20200717-12_43_49	192.96	240.307	0.538506327322966	2.2453720978441125	0.2986768897700494	0	4987	300	300	300	9867.88	395.99	-0.00639994	0.940063	2200.000322580645	1849.1855997090554	0.8405387857125054	0.19107757142501086	0.5	0: Broadleaf	1595007812.3000007	382.5018709677419	400.0074516129032	21.34644516129032	16.23326774193548	500.05396774193537	99.64476451612906	0.19999448387096774	28.510125806451615	27.028351612903226	999.9000000000003	9995.380645161289	0.0	84.98814838709676	2200.000322580645	0.9819987096774195	0.01800165483870967	0.0	304.000870967742	5.00054	8121.705161290324	20590.529032258066	49.15296774193548	50.49574193548387	49.44932258064515	49.55835483870968	50.68522580645159	2155.4893548387095	39.51096774193548	0.0	431.09999990463257	303.86016	-7.919384617661565	-746.8676934976072	8108.7011999999995	15	1595007849.8	12:44:09	57	-0.411	0.095	400.0	16.0	0.09	0.02	382.46303921568636	0.19736470588240212	0.027356728952721735	1	21.343001960784314	0.15492705882351218	0.03373351443528107	1	2	2	2/2	1.86676	1.86327	1.86893	1.86691	1.87157	1.86401	1.86554	1.86544	5	0	0	0	11111111	oooooooo	off	off	off	off	0.0	100.0	100.0	-0.411	0.095	2	324.48	460.394	24.2421	37.0897	29.9978	37.2954	37.3025	22.0213	55.3321	0	24.2681	400	16.3531	100.198	100.499	
2	1595007963.3	143.0	20200717 12:46:03	12:46:03		1595007955.3000007	0.01271098607096765	30.02156468108243	286.53753696025257	224.85929196861076	22.450567026718282	28.60869178621679	0.9804320468654231	3.3969630307633643	0.8462786417355542	0.5394405056469596	353.33834931641877	26.931319942436637	26.98584838709677	3.5761859200367425	55.865472394295956	2.119335034570886	3.7936402284629693	1.4568508854658564	-560.5544857296734	184.73568031417653	11.794061535366	-10.6863945637121	-0.04140067828876829	0.04647588827775982	3.4696139673629176	155.0	31.0	1	0	52442.0	0	0	0	0	0	-1	MPF-4989-20200717-12_46_04	275.36456000000004	379.943	0.2752477082088628	0.5	1849.185599708989	30.02156468108243	254.4920491863654	0.5106108021466378	0.016775798322225942	-1.0	DARK-4990-20200717-12_46_12	185.94	194.003	0.5390557877970956	2.0433634505754545	0.2752477082088628	0	4989	300	300	300	9869.46	349.311	-0.00640134	1.21881	2200.0	1849.185599708989	0.8405389089586314	0.1910778179172629	0.5	0: Broadleaf	1595007955.3000007	286.53754838709676	300.00177419354833	21.22673225806452	16.250732258064517	500.04716129032255	99.64275161290323	0.1999848387096774	27.994577419354844	26.98584838709677	999.9000000000003	10019.770322580645	0.0	199.16793548387096	2200.0	0.981995483870968	0.01800424516129032	0.0	275.40064516129024	5.00054	8615.502903225808	20590.51935483871	48.58848387096773	49.80799999999998	48.81199999999997	48.87893548387096	50.05209677419353	2155.48	39.519999999999996	0.0	142.29999995231628	275.36456000000004	-3.5179999921076948	-99.96846172310573	8614.070000000002	15	1595007995.3	12:46:35	58	-0.434	0.097	300.0	16.0	0.27	0.02	286.5716470588235	-0.19544253393664412	0.0336625838309124	1	21.24783137254902	-0.18556995475113247	0.035883665464047955	1	2	2	2/2	1.86676	1.86327	1.86895	1.86688	1.87162	1.86401	1.86554	1.86549	5	0	0	0	11111111	oooooooo	off	off	off	off	0.0	100.0	100.0	-0.434	0.097	2	326.041	462.077	23.4714	36.5899	29.9988	36.8812	36.9139	17.5307	56.713	0	23.3808	300	15.8701	100.292	100.606	
3	1595008086.8	266.5	20200717 12:48:06	12:48:06		1595008078.8000007	0.01185210772295913	19.37648124153138	191.36986359400055	147.44949644956864	14.720205945187374	19.104872323315043	0.8736447609720885	3.39096822576249	0.7652393727640309	0.48688898588072577	353.338967120623	26.917615447439726	27.047758064516128	3.5892113535963888	55.67878935824858	2.086956479302093	3.74820735751669	1.5022548742942958	-522.6779505824977	135.33947350306477	8.649482220398676	-25.350027738411256	-0.04130782227356035	0.04637164926605521	3.4634562163246208	156.0	31.0	1	0	52564.0	0	0	0	0	0	-1	MPF-4991-20200717-12_48_08	266.16895999999997	350.334	0.24024228307843376	0.5	1849.1888513218933	19.37648124153138	222.126675742379	0.4561761062300547	0.011019145625372576	-1.0	DARK-4992-20200717-12_48_16	190.52	159.814	0.5266437233283695	1.838830568969137	0.24024228307843382	0	4991	300	300	300	9869.96	325.109	-0.00640169	1.26498	2200.0038709677424	1849.1888513218933	0.8405389080104064	0.19107781602081286	0.5	0: Broadleaf	1595008078.8000007	191.3698709677419	200.02706451612906	20.904645161290322	16.263258064516133	500.0377419354839	99.63219999999998	0.19998864516129033	27.788070967741934	27.047758064516128	999.9000000000003	9998.35612903226	0.0	192.07335483870972	2200.0038709677424	0.9819950000000003	0.018004600000000003	0.0	266.212193548387	5.00054	8336.969354838708	20590.541935483878	48.48564516129031	49.82419354838707	48.70325806451611	48.89290322580645	49.941193548387076	2155.4838709677415	39.519999999999996	0.0	123.0	266.16895999999997	-2.201692305651875	-93.28923066191635	8335.4316	15	1595008116.8	12:48:36	59	-0.413	0.099	200.0	16.0	0.5	0.02	191.33405882352938	0.1620705882351949	0.022432829378168012	1	20.912860784313725	-0.124352579185541	0.015298636084681407	1	2	2	2/2	1.8667	1.86322	1.86885	1.86676	1.87148	1.86389	1.86541	1.86539	5	0	0	0	11111111	oooooooo	off	off	off	off	0.0	100.0	100.0	-0.413	0.099	2	325.794	460.544	21.2117	36.6243	30.0008	36.8161	36.8462	12.8564	56.0497	0	20.7608	200	16.0119	100.266	100.564	
4	1595008208.3	388.0	20200717 12:50:08	12:50:08		1595008200.3000007	0.011913294153142599	7.085143953812963	96.69406827116072	79.41067515805987	7.927852713627164	9.653315879878491	0.8411022849238896	3.390737320874746	0.7401189807265768	0.47063315089241825	353.3378525972128	26.85914311006661	27.052900000000008	3.5902950469166743	54.26140615974799	2.0285496130655916	3.738475938300329	1.5617454338510828	-525.3762721535886	126.2526924585065	8.067711897377988	-37.71801520049131	-0.04130424717266218	0.04636763590210097	3.463219037761193	156.0	31.0	1	0	52563.0	0	0	0	0	0	-1	MPF-4993-20200717-12_50_10	266.54548	331.774	0.1966052794974893	0.5	1849.1828997089863	7.085143953812963	181.77956041963148	0.39724029007698014	0.004372279213205658	-1.0	DARK-4994-20200717-12_50_17	199.98	131.794	0.49492784193514117	1.659035903590359	0.19660527949748927	0	4993	300	300	300	9870.43	311.791	-0.0064019	1.27905	2199.996774193549	1849.1828997089863	0.8405389141476536	0.19107782829530767	0.5	0: Broadleaf	1595008200.3000007	96.69407096774195	99.98852903225807	20.319309677419355	15.651354838709675	500.05729032258057	99.6335741935484	0.20001490322580645	27.743554838709677	27.052900000000008	999.9000000000003	9997.352903225807	0.0	189.5068387096774	2199.996774193549	0.9819940967741937	0.018005548387096774	0.0	266.5390967741935	5.00054	8321.736451612902	20590.470967741934	48.46138709677418	49.854677419354836	48.67899999999997	48.96341935483869	49.89699999999999	2155.4764516129035	39.52032258064516	0.0	120.70000004768372	266.54548	-1.8903845881802654	-75.82615382029778	8320.8548	15	1595008236.3	12:50:36	60	-0.377	0.095	100.0	16.0	0.66	0.02	96.63272549019608	0.2745306787330389	0.036126660858148855	1	20.31324117647059	0.10399493212669553	0.016693278869060756	1	2	2	2/2	1.86663	1.86317	1.86887	1.86676	1.87148	1.86388	1.86539	1.86537	5	0	0	0	11111111	oooooooo	off	off	off	off	0.0	100.0	100.0	-0.377	0.095	2	325.379	458.646	22.0045	36.8381	30.003	36.9167	36.9295	8.00302	56.6261	0	22.1525	100	15.8697	100.212	100.503	
5	1595008327.8	507.5	20200717 12:52:07	12:52:07		1595008319.8000007	0.011920638654409937	0.9236242632040645	49.3839867446596	46.27696763940463	4.620190497972837	4.930388440477952	0.8614305872968103	3.38939950402151	0.7557974592655865	0.48078046766812255	353.33933037561775	26.645189299328383	26.958983870967742	3.5705466331783047	55.25102636252897	2.040124833583632	3.6924650416399083	1.5304217995946727	-525.7001646594782	104.65202082789722	6.679828239283186	-61.02898521668004	-0.04128353591043099	0.046344385695840234	3.4618448762715532	157.0	31.0	1	0	52504.0	0	0	0	0	0	-1	MPF-4995-20200717-12_52_09	267.76176	321.83	0.16800248578442034	0.5	1849.1905061605955	0.9236242632040645	155.33430086196526	0.356057545909331	0.0010402520761357429	-1.0	DARK-4996-20200717-12_52_17	207.24	114.58999999999997	0.471840823806615	1.5529337965643697	0.16800248578442037	0	4995	300	300	300	9870.53	305.555	-0.00640199	0.916595	2200.005806451613	1849.1905061605955	0.840538920732738	0.19107784146547607	0.5	0: Broadleaf	1595008319.8000007	49.3839870967742	49.98884838709678	20.434393548387096	15.764067741935483	500.0528064516129	99.63777096774191	0.20002596774193548	27.531700000000004	26.958983870967742	999.9000000000003	9991.919032258063	0.0	190.24161290322579	2200.005806451613	0.9819935806451611	0.018006090322580645	0.0	267.77925806451617	5.00054	8339.876451612901	20590.558064516128	48.39093548387096	49.84451612903224	48.63699999999999	48.91893548387094	49.840451612903216	2155.484838709677	39.52096774193548	0.0	119.0	267.76176	-0.6763846131521615	-13.511538491269151	8339.594799999999	15	1595008358.8	12:52:38	61	-0.438	0.092	50.0	16.0	0.53	0.02	49.44281960784313	0.02243945701357859	0.006641167497403055	1	20.439476470588232	-0.019325972850678483	0.0034738004410211055	1	2	2	2/2	1.86676	1.86325	1.8689	1.86682	1.87151	1.86396	1.86551	1.8654	5	0	0	0	11111111	oooooooo	off	off	off	off	0.0	100.0	100.0	-0.438	0.092	2	324.568	457.387	22.3357	37.0419	30.0006	37.06	37.063	5.55218	57.6793	0	22.3719	50	15.6615	100.185	100.47	
6	1595008453.3	633.0	20200717 12:54:13	12:54:13		1595008445.325807	0.011871906534876102	36.780205313216214	383.45476020511603	297.8493299797642	29.738365177606198	38.285524056226336	0.8536006471602652	3.39073038022852	0.7497911825422818	0.4768902445323855	353.3401693629782	26.848767802131682	27.005867741935482	3.5803933534244545	54.73875275738074	2.044034694590196	3.7341638083169277	1.5363586588342586	-523.5510781880361	131.23818541569133	8.383512870523214	-30.589210538843332	-0.041304139712319644	0.04636751526845243	3.4632119085408934	157.0	31.0	1	0	52606.0	0	0	0	0	0	-1	MPF-4997-20200717-12_54_15	262.91728	359.34	0.26833283241498296	0.5	1849.1950932573752	36.780205313216214	248.09987853082004	0.5005287471475482	0.02043062165315722	-1.0	DARK-4998-20200717-12_54_22	179.48	179.85999999999999	0.536098743467141	2.0021172275462447	0.26833283241498296	0	4997	300	300	300	9870.58	329.973	-0.00640221	0.814972	2200.011290322581	1849.1950932573752	0.8405389105917876	0.19107782118357564	0.5	0: Broadleaf	1595008445.325807	383.4547741935485	399.98641935483874	20.472354838709684	15.821196774193547	500.0415161290323	99.64368709677417	0.19996599999999998	27.723796774193556	27.005867741935482	999.9000000000003	9996.312258064516	0.0	187.0026774193548	2200.011290322581	0.9819940645161289	0.018005612903225807	0.0	262.8957741935484	5.00054	8237.1	20590.603225806455	48.39693548387096	49.959419354838694	48.66699999999998	49.034064516129035	49.87487096774194	2155.4909677419355	39.52032258064516	0.0	124.90000009536743	262.91728	1.6550769259045002	-234.34384609943857	8232.234	15	1595008487.3	12:54:47	62	-0.409	0.094	400.0	16.0	0.07	0.02	383.3986862745098	0.287698959959777	0.04197968238540334	1	20.470272549019608	-0.0016714153023415334	0.001666871959674878	1	2	2	2/2	1.86676	1.86325	1.8689	1.86686	1.8715	1.864	1.86553	1.86542	5	0	0	0	11111111	oooooooo	off	off	off	off	0.0	100.0	100.0	-0.409	0.094	2	324.046	457.76	22.5913	37.2132	30.0006	37.2235	37.2227	22.0383	57.2098	0	22.5848	400	15.8537	100.148	100.431	
7	1595008578.8	758.5	20200717 12:56:18	12:56:18		1595008570.861291	0.010994639315969477	37.307896047652314	383.4139212961822	290.16258743092465	28.971475442471878	38.282216544469385	0.7800441360892674	3.3907495747631553	0.6923753099711923	0.4397873974595645	353.33697737459033	26.91212850220995	27.04508064516129	3.5886471846825314	55.27794394819608	2.047891523039547	3.704717246644947	1.5407556616429843	-484.86359383425395	99.30871018670565	6.340765321356739	-25.87714095160122	-0.04130443689688706	0.04636784888416415	3.463231624582375	158.0	32.0	1	0	52612.0	0	0	0	0	0	-1	MPF-4999-20200717-12_56_20	263.05816000000004	367.161	0.28353458019778777	0.5	1849.1782932573726	37.307896047652314	262.15299554479543	0.4996200576858653	0.020716172251931435	-1.0	DARK-5000-20200717-12_56_28	183.72	183.441	0.5675003952224419	1.998481384715872	0.28353458019778777	0	4999	300	300	300	9870.16	335.307	-0.00640189	0.707977	2199.991290322581	1849.1782932573726	0.840538915490993	0.1910778309819864	0.5	0: Broadleaf	1595008570.861291	383.4139354838709	400.0216451612904	20.51057096774193	16.203345161290322	500.04961290322586	99.64567096774192	0.19999038709677416	27.58833870967742	27.04508064516129	999.9000000000003	9996.185161290323	0.0	189.87535483870965	2199.991290322581	0.9819946774193551	0.018004938709677423	0.0	263.0627096774194	5.00054	8335.36612903226	20590.42903225806	48.503806451612896	50.070129032258045	48.758	49.16699999999999	49.96341935483869	2155.470967741935	39.52032258064516	0.0	124.89999985694885	263.05816000000004	1.5257692267339569	104.49923097542245	8336.728	15	1595008604.8	12:56:44	63	-0.345	0.098	400.0	16.0	0.1	0.02	383.3705098039215	-0.29239713412737495	0.037377445515908506	1	20.50474117647059	0.014584447907343099	0.006048534953731016	1	2	2	2/2	1.86664	1.86321	1.86881	1.86676	1.87148	1.86386	1.8654	1.86537	5	0	0	0	11111111	oooooooo	off	off	off	off	0.0	100.0	100.0	-0.345	0.098	2	323.761	457.037	21.2416	37.4227	30.001	37.4149	37.4141	22.0282	55.9994	0	21.1299	400	16.1005	100.104	100.377	
8	1595008705.0	884.7000000476837	20200717 12:58:25	12:58:25		1595008696.9935484	0.010459236358532496	43.12829465267376	480.70588683324297	364.7684836818654	36.42063262635998	47.99650542438713	0.7221732753364699	3.392094972521327	0.646381925361479	0.4101334124996596	353.3436063905725	26.747529986405482	26.94223870967742	3.567035487659404	54.79883537158413	1.9964207554745337	3.643180994517586	1.5706147321848705	-461.25232341128304	65.82837559751893	4.193251917037015	-37.887089506154595	-0.041325269270537826	0.046391235048603305	3.464613579506272	158.0	32.0	1	0	52613.0	0	0	0	0	0	-1	MPF-5001-20200717-12_58_26	269.6186	381.457	0.2931874365918046	0.5	1849.2127545476887	43.12829465267376	271.08297360935336	0.5292785294279565	0.02386328698206897	-1.0	DARK-5002-20200717-12_58_34	179.56	201.897	0.553937899027722	2.124398529739363	0.2931874365918045	0	5001	300	300	300	9870.79	348.983	-0.00640228	0.948853	2200.032258064516	1849.2127545476887	0.8405389274494267	0.19107785489885354	0.5	0: Broadleaf	1595008696.9935484	480.70590322580665	499.9665161290323	19.995022580645163	15.895370967741934	500.0475483870968	99.64588709677416	0.19999941935483875	27.302203225806455	26.94223870967742	999.9000000000003	10001.205161290321	0.0	47.13503225806452	2200.032258064516	0.9819939677419357	0.018005683870967744	0.0	269.66138709677415	5.00054	7076.7012903225805	20590.79032258065	48.403	49.9594193548387	48.68306451612901	49.05812903225805	49.874935483870956	2155.5103225806456	39.52193548387097	0.0	125.39999985694885	269.6186	-1.921461538661587	79.84769246036856	7077.575199999999	15	1595008730.0	12:58:50	64	-0.432	0.094	500.0	16.0	0.14	0.02	480.7688039215687	0.27396426586811584	0.04023948875432618	1	19.995696078431372	0.05479432053957198	0.012970161242656852	1	2	2	2/2	1.86676	1.86327	1.8689	1.86689	1.87152	1.86401	1.86553	1.8654	5	0	0	0	11111111	oooooooo	off	off	off	off	0.0	100.0	100.0	-0.432	0.094	2	323.472	455.934	22.4703	37.6389	29.9995	37.6086	37.5985	26.3409	56.8353	0	22.5016	500	16.0375	100.068	100.34	
9	1595008851.5	1031.2000000476837	20200717 13:00:51	13:00:51		1595008843.5	0.008908330655841193	45.72482623410577	579.6555632889693	433.7495047337889	43.30568253839821	57.872987822349046	0.5967501595006391	3.390607673023036	0.5439495510725302	0.34432223342001855	353.33729562494426	26.85438371230037	27.017448387096778	3.5828292099537014	55.506264641074175	1.993393157727211	3.5912940108964144	1.5894360522264903	-392.85738192259663	7.346567544433757	0.46778355346842715	-31.705735199750162	-0.04130223988278088	0.04636538254336096	3.463085867467438	156.0	31.0	1	0	52710.0	0	0	0	0	0	-1	MPF-5003-20200717-13_00_53	269.7248	386	0.30123108808290155	0.5	1849.1852803542947	45.72482623410577	278.51604703400477	0.529740932642487	0.025267790486172118	-1.0	DARK-5004-20200717-13_01_00	181.52	204.48	0.5686384976525821	2.126487439400617	0.3012310880829015	0	5003	300	300	300	9872.22	350.92	-0.00640352	1.16013	2200.000322580645	1849.1852803542947	0.8405386405512718	0.19107728110254402	0.5	0: Broadleaf	1595008843.5	579.6555806451612	600.0090967741934	19.965816129032255	16.47395806451613	500.04716129032255	99.64030000000001	0.2000042903225806	27.05763870967742	27.017448387096778	999.9000000000003	9996.192258064517	0.0	185.83625806451613	2200.000322580645	0.9820043225806452	0.01799584516129032	0.0	269.76445161290326	5.00054	8590.646774193548	20590.570967741936	48.01993548387096	49.362806451612904	48.26199999999999	48.50787096774193	49.47961290322581	2155.4999999999995	39.50032258064516	0.0	146.0	269.7248	-0.7015384664340072	326.5507691626394	8613.414	15	1595008884.0	13:01:24	65	-0.267	0.098	600.0	16.0	0.13	0.02	579.465274509804	0.2280108597285669	0.03864269630474624	1	19.987311764705883	-0.28558045248869096	0.035388857485665136	0	1	2	1/2	1.86672	1.86324	1.8689	1.86676	1.87149	1.86392	1.86543	1.86539	5	0	0	0	11111111	oooooooo	off	off	off	off	0.0	100.0	100.0	-0.267	0.098	2	325.187	457.757	20.9755	37.4356	29.9992	37.5255	37.5243	30.509	56.4832	0	20.9833	600	16.3261	100.11	100.398	
10	1595009005.5	1185.2000000476837	20200717 13:03:25	13:03:25		1595008997.5	0.00820256508772039	47.39051935655164	678.8234336831691	510.3597081943504	50.95280189346938	67.7717213599701	0.5333354379925764	3.392167155085925	0.4907496367282335	0.3102608307285467	353.3366778207379	26.5960629976659	26.89603870967742	3.557363841136026	55.2093979969947	1.9345487383014905	3.5040207075012786	1.6228151028345357	-361.7331203684692	-46.96320282276975	-2.9808902816131977	-58.340535652114234	-0.04132638706329082	0.046392489868892564	3.4646877236013034	156.0	31.0	1	0	52850.0	0	0	0	0	0	-1	MPF-5005-20200717-13_03_27	269.09688	381.864	0.295307020300421	0.5	1849.1820287413914	47.39051935655164	273.0382174503539	0.5211384157710598	0.026168607851703857	-1.0	DARK-5006-20200717-13_03_34	182.86	199.00399999999996	0.5666575546220176	2.0882861205293666	0.29530702030042105	0	5005	300	300	300	9873.35	348.364	-0.00640437	1.40936	2199.996451612903	1849.1820287413914	0.8405386414990279	0.19107728299805588	0.5	0: Broadleaf	1595008997.5	678.8234516129033	700.005	19.37706451612903	16.159903225806453	500.04477419354834	99.63704516129032	0.19999345161290324	26.63923870967742	26.89603870967742	999.9000000000003	10002.363225806454	0.0	44.068358064516126	2199.996451612903	0.9820031612903227	0.01799708064516129	0.0	269.10761290322586	5.00054	7039.871612903226	20590.51935483871	47.81219354838708	49.116741935483866	48.02799999999999	48.25987096774194	49.26180645161289	2155.4961290322576	39.50032258064516	0.0	153.20000004768372	269.09688	-1.6922307667977035	-36.62461540668771	7039.492000000001	15	1595009036.5	13:03:56	66	-0.233	0.096	700.0	16.0	0.19	0.03	678.7539019607843	0.32612850678745914	0.0641808886409603	0	19.40111960784314	-0.25721375565609855	0.03178095384498696	0	0	2	0/2	1.86676	1.86325	1.86892	1.86689	1.87158	1.86401	1.86554	1.86548	5	0	0	0	11111111	oooooooo	off	off	off	off	0.0	100.0	100.0	-0.233	0.096	2	325.327	457.568	21.8772	37.3551	29.9986	37.46	37.4621	34.5483	56.4269	0	21.9648	700	16.1161	100.127	100.426	
11	1595009142.0	1321.7000000476837	20200717 13:05:42	13:05:42		1595009134.0	0.007080763404458028	48.50164534091249	778.4064977484016	575.5739279089621	57.45517314502838	77.70240786935615	0.4466265566606714	3.3904236589031544	0.41632650225270684	0.2627549062129132	353.33948195745955	27.0444379425023	27.08394193548387	3.5968433872572487	54.91259847411458	1.946229681972951	3.5442316263550886	1.6506137052842977	-312.26166613659905	-45.844126573390874	-2.9169212026688194	-7.683231955199211	-0.041299390919403045	0.04636218433238644	3.4628968539159937	154.0	31.0	1	0	52789.0	0	0	0	0	0	-1	MPF-5007-20200717-13_05_43	266.3452	375.987	0.2916106141967676	0.5	1849.191560999312	48.50164534091249	269.6219434352444	0.5226430701061473	0.02676934417446809	-1.0	DARK-5008-20200717-13_05_51	179.48	196.50700000000003	0.5579536606838434	2.0948685090260755	0.29161061419676754	0	5007	300	300	300	9876.81	343.693	-0.00640683	1.38437	2200.007096774193	1849.191560999312	0.8405389072202214	0.19107781444044294	0.5	0: Broadleaf	1595009134.0	778.4065161290322	800.0095483870969	19.496922580645165	16.720135483870965	500.0534838709678	99.62240967741934	0.19999429032258065	26.833132258064513	27.08394193548387	999.9000000000003	9997.297741935483	0.0	190.6601935483871	2200.007096774193	0.9819958709677422	0.018003990322580644	0.0	266.3766451612903	5.00054	8503.91935483871	20590.570967741933	47.245774193548385	48.48577419354838	47.47154838709677	47.57229032258063	48.74177419354838	2155.487096774193	39.519999999999996	0.0	135.70000004768372	266.3452	-1.737384612065312	825.0561550401356	8516.290799999999	15	1595009173.0	13:06:13	67	-0.286	0.109	800.0	17.0	0.1	0.04	778.4299803921568	0.29496108597290566	0.044102149783575455	1	19.48206470588235	0.01762533936651949	0.004837144820194273	1	2	2	2/2	1.86675	1.86324	1.8689	1.86678	1.87149	1.864	1.8655	1.86539	5	0	0	0	11111111	oooooooo	off	off	off	off	0.0	100.0	100.0	-0.286	0.109	2	327.417	460.556	21.5245	36.9216	29.9993	37.1578	37.173	38.514	54.0522	0	21.4645	800	16.8342	100.205	100.527	
12	1595009288.0	1467.7000000476837	20200717 13:08:08	13:08:08		1595009280.0	0.007369823810858284	48.58200794939723	977.7129815950973	776.7539120552326	77.53231285930032	97.59120308136949	0.466840580667438	3.3902339359589515	0.4338426437004771	0.2739217693410488	353.33891563693936	26.47774143385959	26.937551612903224	3.5660532316463898	55.70937984583202	1.9170216776922084	3.441111143217354	1.6490315539541813	-325.00923005885033	-110.68634242473071	-7.020250131774201	-89.3769069784159	-0.04129645364319669	0.04635888698252527	3.4627019765666875	154.0	31.0	1	0	52807.0	0	0	0	0	0	-1	MPF-5009-20200717-13_08_09	265.95003999999994	365.169	0.27170696307736975	0.5	1849.1885803541513	48.58200794939723	251.21870666268958	0.5247132149771749	0.026812845631948162	-1.0	DARK-5010-20200717-13_08_17	173.56	191.60899999999998	0.5178199353892565	2.1039928554966583	0.2717069630773698	0	5009	300	300	300	9876.73	336.32	-0.00640691	1.09268	2200.003548387097	1849.1885803541513	0.8405389080894251	0.19107781617885014	0.5	0: Broadleaf	1595009280.0	977.7129999999997	1000.0262903225806	19.205593548387096	16.314506451612907	500.0390322580645	99.6158258064516	0.19997383870967742	26.33196129032258	26.937551612903224	999.9000000000003	9997.247419354839	0.0	149.16987741935486	2200.003548387097	0.981996741935484	0.018003380645161292	0.0	265.9506129032258	5.00054	7827.28	20590.53870967742	47.26199999999999	48.625	47.51199999999999	47.632935483870966	48.73374193548388	2155.483548387097	39.519999999999996	0.0	145.5	265.95003999999994	0.06269230587931264	-7392.739244486132	7737.772800000001	15	1595009316.5	13:08:36	68	0.115	0.097	1000.0	16.0	0.13	0.03	977.3279607843137	-0.25082592827581734	0.04946853259428895	1	19.23762745098039	-0.16306413343152312	0.03816425839699659	1	2	2	2/2	1.86676	1.86325	1.86891	1.86683	1.8715	1.86401	1.86553	1.86545	5	0	0	0	11111111	oooooooo	off	off	off	off	0.0	100.0	100.0	0.115	0.097	2	327.399	460.046	21.0704	36.7984	29.997	36.9917	37.0156	46.1123	56.8336	0	21.1492	1000	16.0508	100.231	100.55	
13	1595009418.0	1597.7000000476837	20200717 13:10:18	13:10:18		1595009410.0	0.006751937854881158	48.09905813038232	1177.5967559790959	951.8292555137073	95.00378652633675	117.53804600045054	0.4145083220296511	3.390415061141081	0.3882721701134461	0.24488880846223354	353.3371137080105	26.876262613935456	27.093729032258064	3.598910149690789	54.69815867052673	1.9111215528005159	3.4939412939146974	1.6877885968902733	-297.76045940025904	-92.01290455516835	-5.8476977440770765	-42.28394799149396	-0.041299257807901786	0.046362034903065064	3.462888022566558	154.0	31.0	1	0	52823.0	0	0	0	0	0	-1	MPF-5011-20200717-13_10_19	263.43352	355.858	0.2597229231884629	0.5	1849.1790964831816	48.09905813038232	240.13710021880632	0.4978896076524906	0.026551813301242816	-1.0	DARK-5012-20200717-13_10_27	178.68	177.178	0.5216476086195804	1.9915939109021714	0.25972292318846285	0	5011	300	300	300	9877.4	329.253	-0.00640727	1.38745	2199.992258064516	1849.1790964831816	0.8405389108550915	0.19107782171018292	0.5	0: Broadleaf	1595009410.0	1177.5967741935483	1200.0145161290322	19.147251612903226	16.49846129032258	500.0514193548387	99.61182258064515	0.19997241935483873	26.590332258064517	27.093729032258064	999.9000000000003	9998.328064516129	0.0	179.1737741935484	2199.992258064516	0.9819951935483874	0.018004464516129033	0.0	263.4317419354839	5.00054	8209.74193548387	20590.429032258064	47.122903225806446	48.346548387096774	47.336387096774175	47.380806451612884	48.550064516129005	2155.472258064516	39.519999999999996	0.0	129.20000004768372	263.43352	-1.542230782766096	-770.0207711848774	8204.713600000001	15	1595009442.0	13:10:42	69	0.195	0.105	1200.0	16.0	0.26	0.03	1177.4960784313723	0.21143891402770496	0.06877295499477003	1	19.142554901960786	-0.03674823529411099	0.004546634770408052	1	2	2	2/2	1.86675	1.86325	1.8689	1.86677	1.87149	1.86396	1.86544	1.86539	5	0	0	0	11111111	oooooooo	off	off	off	off	0.0	100.0	100.0	0.195	0.105	2	327.721	460.554	21.1213	36.706	30.0009	36.8836	36.8996	53.4165	55.1054	0	21.0247	1200	16.4685	100.241	100.562	
14	1595009563.5	1743.2000000476837	20200717 13:12:43	13:12:43		1595009555.5	0.006822046844019481	47.699498518214924	1576.5813045147306	1347.4015079223996	134.48883085510835	157.36406345510727	0.4266324954997982	3.3904547304118844	0.3988944913337277	0.2516507704192707	353.34046079836264	26.483218000346522	26.9018935483871	3.5585882425004267	55.550956680128074	1.8982018531550509	3.417046197935388	1.6603863893453759	-300.8522658212591	-125.89841434629786	-7.978379912181712	-81.38859928137602	-0.04129987197319837	0.04636272435741432	3.4629287695898494	154.0	31.0	1	0	52815.0	0	0	0	0	0	-1	MPF-5013-20200717-13_12_45	263.17036	347.786	0.24329800509508714	0.5	1849.1967097340905	47.699498518214924	224.95293525335157	0.49578188886269137	0.02633548841065036	-1.0	DARK-5014-20200717-13_12_52	175.36	172.426	0.49073596789347307	1.9832687043795618	0.24329800509508717	0	5013	300	300	300	9877.26	323.795	-0.00640718	0.910797	2200.013225806451	1849.1967097340905	0.8405389058769123	0.19107781175382474	0.5	0: Broadleaf	1595009555.5	1576.5813225806453	1599.9612903225807	19.017490322580645	16.340799999999998	500.0435483870968	99.61349032258063	0.19998774193548385	26.21311935483871	26.9018935483871	999.9000000000003	9998.309354838708	0.0	188.14216129032258	2200.013225806451	0.9819953870967745	0.018004329032258064	0.0	263.18877419354834	5.00054	8336.322258064516	20590.629032258068	47.17506451612901	48.53399999999998	47.41099999999999	47.60874193548388	48.59451612903224	2155.4925806451615	39.519999999999996	0.0	144.80000019073486	263.17036	-1.4754615284129935	0.7615384137817578	8336.238800000001	15	1595009590.5	13:13:10	70	-0.104	0.103	1600.0	16.0	0.16	0.03	1576.9150980392158	-0.5756742081451116	0.09354400346571101	0	19.0271431372549	-0.03902443438915673	0.024492105610103544	1	1	2	1/2	1.86676	1.86325	1.86891	1.86685	1.87152	1.86401	1.86553	1.86544	5	0	0	0	11111111	oooooooo	off	off	off	off	0.0	100.0	100.0	-0.104	0.103	2	327.764	460.538	21.0294	36.799	29.9983	36.8953	36.9082	67.2008	55.6905	0	21.1059	1600	16.2019	100.232	100.546	
