[Header]
File opened	2020-07-17 12:01:40
Console s/n	68C-571038
Console ver	Bluestem v.1.3.4
Scripts ver	2018.05  1.3.4, Mar 2018
Head s/n	68H-581038
Head ver	1.4.0
Head cal	{"h2oaspanconc2": "0", "co2bspan2a": "0.163389", "ssb_ref": "36526.8", "co2aspanconc2": "0", "co2bzero": "0.880288", "chamberpressurezero": "2.59209", "co2aspan1": "0.992625", "co2aspan2b": "0.163711", "tbzero": "0.197721", "h2oaspan1": "1.00223", "h2oaspan2a": "0.0661155", "h2obspan2a": "0.0975941", "tazero": "0.00774765", "h2obspan1": "0.998578", "h2obspan2": "0", "co2bspanconc1": "1002", "h2oaspan2b": "0.0662632", "co2bspan2": "0", "co2bspan2b": "0.162103", "co2aspan2": "0", "co2azero": "0.869071", "h2oaspan2": "0", "h2obzero": "1.01783", "ssa_ref": "36614.9", "flowmeterzero": "0.990908", "flowbzero": "0.22736", "co2bspanconc2": "0", "co2bspan1": "0.992131", "h2oaspanconc1": "12.19", "co2aspan2a": "0.164928", "co2aspanconc1": "1002", "h2oazero": "1.00263", "h2obspanconc1": "20", "flowazero": "0.42932", "h2obspanconc2": "0", "h2obspan2b": "0.0963575", "oxygen": "21"}
Chamber type	6800-01A
Chamber s/n	MPF-551037
Chamber rev	0
Chamber cal	0
Fluorometer	MPF-551037
Flr. Version	1.4.0
12:01:40	Stability Definition:	H2O_s (Meas): Slp<0.2	CO2_s (Meas): Slp<0.3
SysConst:AvgTime	4
SysConst:Oxygen	21
SysConst:Chamber	6800-01A 2 cm²
Const:S	2.0
Const:CustomBLC	2.0
LTConst:deltaTw	0
LTConst:fT1	1
LTConst:fT2	0
LTConst:fTeb	0
LQConst:Leaf	standard
LQConst:Ambient	Sun+Sky
LQConst:abs_ambient	0.49
LQConst:abs_redLED	0.84
LQConst:abs_greenLED	0.7
LQConst:abs_blueLED	0.87
LQConst:abs_whiteLED	0.75
LQConst:abs_redFlr	0.84
LQConst:abs_blueFlr	0.87
LQConst:k_ambient	0.39
LQConst:k_redLED	0.18
LQConst:k_greenLED	0.23
LQConst:k_blueLED	0.26
LQConst:k_whiteLED	0.21
LQConst:k_redFlr	0.19
LQConst:k_blueFlr	0.25
QConst:fQ_Amb_in	0.0
QConst:fQ_Amb_out	0.0
QConst:fQ_HeadLS	0.0
QConst:fQ_ConsoleLS	0.0
QConst:fQ_Flr	1.0
LeakConst:fan_a	-6276.0
LeakConst:fan_b	6.6
LeakConst:fan_c	1.709e-05
LeakConst:fan_d	3.11
LeakConst:Fs_meas	2.8867 76.9944 384.338 617.676 844.529 1050.88 1230.97 1394.83
LeakConst:Fs_true	0.249995 100.784 401.701 601.178 800.155 1000.64 1200.01 1400.75
LeakConst:leak_wt	0.0
[Data]
Sys	Sys	Sys	Sys	Sys	UserDefVar	GasEx	GasEx	GasEx	GasEx	GasEx	GasEx	GasEx	GasEx	GasEx	GasEx	GasEx	GasEx	GasEx	GasEx	GasEx	GasEx	GasEx	GasEx	GasEx	GasEx	GasEx	GasEx	GasEx	GasEx	GasEx	GasEx	Leak	Leak	Leak	Leak	Leak	FLR	FLR	FLR	FLR	FLR	FLR	FLR	FLR	FLR	FLR	FLR	FLR	FLR	FLR	FLR	FLR	FLR	FLR	FLR	FLR	FLR	FLR	FLR	FLR	MPF	MPF	MPF	MPF	MPF	MPF	MPF	MPF	LeafQ	LeafQ	LeafQ	LeafQ	Const	Const	Meas	Meas	Meas	Meas	Meas	Meas	Meas	Meas	Meas	Meas	Meas	Meas	Meas	Meas	FlrLS	FlrLS	FlrLS	FlrLS	FlrLS	FlrLS	FlrLS	FlrLS	FlrLS	FlrLS	FlrLS	FlrLS	FlrLS	FlrLS	FlrLS	FlrLS	FlrLS	FlrStats	FlrStats	FlrStats	FlrStats	FlrStats	Match	Match	Match	Match	Match	Match	Match	Match	Match	Stability	Stability	Stability	Stability	Stability	Stability	Stability	Stability	Stability	Stability	Stability	Auxiliary	Auxiliary	Auxiliary	Auxiliary	Auxiliary	Auxiliary	Auxiliary	Auxiliary	Auxiliary	Auxiliary	Auxiliary	Auxiliary	Auxiliary	Auxiliary	Auxiliary	Auxiliary	Auxiliary	Auxiliary	Auxiliary	Status	Status	Status	Status	Status	Status	Status	Status	Status	Status	Status	Status	Status	Status	Status	Status	Status	Status	Status	Status	
obs	time	elapsed	date	hhmmss	plant	TIME	E	A	Ca	Ci	Pci	Pca	gsw	gbw	gtw	gtc	Rabs	TleafEB	TleafCnd	SVPleaf	RHcham	VPcham	SVPcham	VPDleaf	LatHFlux	SenHFlux	NetTherm	EBSum	blfa_1	blfa_2	blfa_3	Leak	LeakPct	CorrFact	CorrFactPct	Fan	DarkAdaptedID	Fo	Fm	Fv	Fv/Fm	Adark	LightAdaptedID	Fs	Fm'	PhiPS2	PS2/1	Qabs_fs	Afs	ETR	Fv'/Fm'	PhiCO2	NPQ	DarkPulseID	Fo'	Fv'	qP	qN	qP_Fo	qN_Fo	ID	P1_dur	P2_dur	P3_dur	P1_Qmax	P1_Fmax	P2_dQdt	P3_ΔF	Qin	Qabs	alpha	convert	K	Geometry	TIME	CO2_s	CO2_r	H2O_s	H2O_r	Flow	Pa	ΔPcham	Tair	Tleaf	Tleaf2	Fan_speed	Qamb_in	Qamb_out	Q	f_red	f_blue	f_farred	F	Q_modavg	F_dc	Pc	Tled	TDigital	TPreamp	TPwrSpy	TDrive	Q_red	Q_blue	Q_farred	TSPF	F_avg	dF/dt	dF_dc/dt	F_dc_avg	period	time	hhmmss	count	co2_adj	h2o_adj	co2_at	h2o_at	co2_cv	h2o_cv	CO2_s:MN	CO2_s:SLP	CO2_s:SD	CO2_s:OK	H2O_s:MN	H2O_s:SLP	H2O_s:SD	H2O_s:OK	Stable	Total	State	ADC_CH1	ADC_CH2	ADC_CH3	ADC_CH4	ADC_CH5	ADC_CH6	ADC_CH7	ADC_CH8	DAC_1	DAC_2	DAC_3	DAC_4	GPIO	GPIO_dir	excit_5v	power_12v	power_5v	ch1_pullup	AuxPower	MatchValveR	MatchValveS	MatchCO2	MatchH2O	DIAG	Flow_s	Flow_r	Txchg	Tirga	Tchopper	Ts	Tr	CO2_%	Desiccant_%	Humidifier_%	Txchg_sp	CO2_r_sp	H2O_r_sp	SS_s	SS_r	
	s	s				s	mol m⁻² s⁻¹	µmol m⁻² s⁻¹	µmol mol⁻¹	µmol mol⁻¹	Pa	Pa	mol m⁻² s⁻¹	mol m⁻² s⁻¹	mol m⁻² s⁻¹	mol m⁻² s⁻¹	W m⁻²	°C	°C	kPa	%	kPa	kPa	kPa	W m⁻²	W m⁻²	W m⁻²	W m⁻²				µmol s⁻¹	%		%	µmol s⁻¹						µmol m⁻² s⁻¹						µmol m⁻² s⁻¹	µmol m⁻² s⁻¹	µmol m⁻² s⁻¹		µmol µmol⁻¹										ms	ms	ms	µmol m⁻² s⁻¹		mol m⁻² s⁻²		µmol m⁻² s⁻¹	µmol m⁻² s⁻¹		J/µmol			s	µmol mol⁻¹	µmol mol⁻¹	mmol mol⁻¹	mmol mol⁻¹	µmol s⁻¹	kPa	kPa	°C	°C	°C	rpm	µmol m⁻² s⁻¹	µmol m⁻² s⁻¹	µmol m⁻² s⁻¹					µmol m⁻² s⁻¹			°C	°C	°C	°C	°C	µmol m⁻² s⁻¹	µmol m⁻² s⁻¹	µmol m⁻² s⁻¹	s		min⁻¹	min⁻¹		s	secs			µmol/mol	mmol/mol	µmol/mol	mmol/mol	%	%	µmol mol⁻¹	µmol mol⁻¹ min⁻¹	µmol mol⁻¹		mmol mol⁻¹	mmol mol⁻¹ min⁻¹	mmol mol⁻¹					V	V	V	V	V	V	V	V	V	V	V	V							V	%	%	µmol/mol	mmol/mol		µmol s⁻¹	µmol s⁻¹	°C	°C	°C	°C	°C	%	%	%	°C	µmol mol⁻¹	mmol mol⁻¹	%	%	
1	1595005658.2	0	20200717 12:07:38	12:07:38		1595005650.1548383	0.012344372160374482	39.28781368203172	382.3955656938593	296.7134346069233	29.639007793302685	38.1978833103374	0.915168533153861	3.391528328390486	0.796973023028946	0.5074500394545789	353.33336007314335	27.224624850030686	27.178983870967745	3.6169574872256627	55.0449800655064	2.1141228817340325	3.8407187707546013	1.5028346054916302	-544.3868122725147	187.8386675922314	12.035674330472233	8.8208897233323	-0.041316494799753016	0.046381384936461496	3.4640315377165747	159.0	32.0	1	0	52583.0	0	0	0	0	0	-1	MPF-4959-20200717-12_07_39	288.38951999999995	410.988	0.2983018482291455	0.5	1849.1619964832523	39.28781368203172	275.80422061302545	0.5483566430163411	0.021787065578165316	-1.0	DARK-4960-20200717-12_07_47	185.62	225.368	0.543992403535551	2.214136407714686	0.2983018482291455	0	4959	300	300	300	9873.83	376.255	-0.00640404	1.60394	2199.972258064516	1849.1619964832523	0.840538779389019	0.19107755877803834	0.5	0: Broadleaf	1595005650.1548383	382.39558064516126	399.99661290322587	21.1642935483871	16.331670967741935	500.0643870967742	99.69101290322581	0.2000076451612903	28.206299999999995	27.178983870967745	999.9000000000003	9994.555483870969	0.0	287.0890322580645	2199.972258064516	0.9820010322580647	0.017999316129032262	0.0	288.4871290322581	5.00054	9262.879677419356	20590.27741935484	49.31619354838707	51.02999999999999	49.59048387096774	50.10874193548388	50.741806451612895	2155.4622580645164	39.51	0.0	578.0	288.38951999999995	-5.724769217323614	-1889.748457849233	9243.9672	15	1595005687.7	12:08:07	43	-0.487	0.1	400.0	16.0	0.2	0.02	382.5933921568627	0.12108383002803103	0.02344378209413923	1	21.156035294117647	0.19429816936149918	0.027361335418686843	1	2	2	2/2	1.86666	1.86314	1.86884	1.86676	1.87148	1.86389	1.8654	1.86537	5	0	0	0	11111111	oooooooo	off	off	off	off	0.0	100.0	100.0	-0.487	0.1	2	322.907	465.087	21.8437	37.0949	30.0008	37.1936	37.2073	22.0037	54.088	0	21.5827	400	16.2624	100.228	100.48	
2	1595005787.7	129.5	20200717 12:09:47	12:09:47		1595005779.6838703	0.012437720909679756	30.169329527565292	286.5088594889858	220.40315832099648	22.01753046827507	28.62126655209795	0.9082463453223096	3.3933089481913377	0.7917636273242916	0.5040676377447217	353.3371230562725	26.60372134242027	26.985499999999995	3.5761127383444618	55.30468652902067	2.051046780411925	3.708631056674835	1.525065957932537	-548.5034921168773	113.58690058478184	7.245442879449964	-74.33402559637297	-0.04134406988032325	0.046412340380111314	3.465860546952408	159.0	32.0	1	0	52562.0	0	0	0	0	0	-1	MPF-4961-20200717-12_09_49	267.6158	370.09	0.2768899456888865	0.5	1849.1844577736524	30.169329527565292	256.0102920408398	0.507309032937934	0.01685571679803754	-1.0	DARK-4962-20200717-12_09_56	182.34	187.74999999999997	0.5458013315579229	2.029669847537567	0.2768899456888865	0	4961	300	300	300	9871.64	339.525	-0.00640222	0.854492	2199.9993548387097	1849.1844577736524	0.8405386363893834	0.191077272778767	0.5	0: Broadleaf	1595005779.6838703	286.508870967742	300.0004838709678	20.531693548387096	15.659303225806454	500.05654838709677	99.69659032258063	0.20002929032258066	27.606396774193545	26.985499999999995	999.9000000000003	10000.666451612904	0.0	298.69700000000006	2199.9993548387097	0.9820049032258064	0.017995206451612903	0.0	267.63754838709684	5.00054	8867.458387096774	20590.570967741936	49.84654838709676	51.784129032258065	50.183129032258044	50.848483870967726	51.22745161290321	2155.4993548387097	39.5	0.0	128.59999990463257	267.6158	-3.1595384711469263	-41.139230903405874	8867.447999999999	15	1595005816.7	12:10:16	44	-0.489	0.09	300.0	16.0	0.28	0.02	286.4992156862745	0.11296880196426326	0.021766419293092348	1	20.559617647058825	-0.19758667701200505	0.024504579050937888	1	2	2	2/2	1.86669	1.8632	1.86881	1.86676	1.87149	1.86388	1.86539	1.86538	5	0	0	0	11111111	oooooooo	off	off	off	off	0.0	100.0	100.0	-0.489	0.09	2	322.748	462.861	21.2834	37.2138	30.001	37.2176	37.2282	17.5137	57.0663	0	21.5499	300	15.5357	100.203	100.448	
3	1595005909.2	251.0	20200717 12:11:49	12:11:49		1595005901.1999993	0.01206459926323177	19.384193776727926	191.3193474711161	146.46714426907243	14.631808078205761	19.112463671048943	0.854957242327095	3.393487321886099	0.7509126210793285	0.47760916024390543	353.3352784130292	26.70240798047792	27.050403225806445	3.5897688013191913	54.68909260778408	2.0298900870453025	3.7116909245562826	1.5598787142738888	-532.0488275085211	104.2996174124394	6.655303855808662	-67.75862782724383	-0.0413468325755099	0.04641544174748372	3.466043768693171	159.0	32.0	1	0	52614.0	0	0	0	0	0	-1	MPF-4963-20200717-12_11_50	260.27747999999997	340.975	0.23666696971918777	0.5	1849.1693513218875	19.384193776727926	218.8186534374736	0.45667570936285656	0.011023432635932555	-1.0	DARK-4964-20200717-12_11_58	185.26	155.71500000000003	0.5182385768872623	1.8405214293425458	0.23666696971918777	0	4963	300	300	300	9870.11	318.249	-0.00640087	2.32471	2199.980645161291	1849.1693513218875	0.840538918098671	0.19107783619734223	0.5	0: Broadleaf	1595005901.1999993	191.31935483870973	199.9955806451613	20.319580645161288	15.59219677419355	500.0419677419354	99.69824516129032	0.1999821935483871	27.620503225806452	27.050403225806445	999.9000000000003	10001.168709677419	0.0	298.6922580645162	2199.980645161291	0.9819940322580646	0.01800561612903226	0.0	260.28590322580646	5.00054	8680.991612903228	20590.316129032264	50.300064516129005	52.44525806451611	50.68919354838709	51.437258064516115	51.64893548387096	2155.460322580645	39.52032258064516	0.0	120.70000004768372	260.27747999999997	-2.8362307657645784	-52.18846157544559	8680.2452	15	1595005939.7	12:12:19	45	-0.444	0.091	200.0	16.0	0.11	0.02	191.27725490196076	-0.0056361990949948555	0.015268631353914638	1	20.300184313725488	0.19040144796379377	0.026023559254908454	1	2	2	2/2	1.86664	1.86318	1.86879	1.86676	1.87147	1.86388	1.86539	1.86539	5	0	0	0	11111111	oooooooo	off	off	off	off	0.0	100.0	100.0	-0.444	0.091	2	321.971	460.913	21.4452	37.4407	30.0012	37.3577	37.3568	12.8543	56.8384	0	21.3811	200	15.6591	100.166	100.405	
4	1595006046.7	388.5	20200717 12:14:06	12:14:06		1595006038.6999993	0.011796917517837674	7.2291420466747915	96.64182951143619	79.15969393878336	7.908374708146771	9.654911006203678	0.8454277080825818	3.392830849940562	0.7435250510645345	0.47283125383329067	353.3346424911941	26.557467755534905	26.921570967741932	3.562706006843535	55.1324482363337	2.0219115142545223	3.6673711742081334	1.5407944925890127	-520.2440625366414	90.28885707606817	5.75278656422091	-70.86777640515827	-0.04133666530155035	0.046404028091762015	3.4653694549632394	159.0	32.0	1	0	52650.0	0	0	0	0	0	-1	MPF-4965-20200717-12_14_08	260.83508	321.186	0.1879002198103279	0.5	1849.1660900315667	7.2291420466747915	173.72935739136798	0.3921901950894497	0.004450190867676096	-1.0	DARK-4966-20200717-12_14_16	195.22	125.96599999999998	0.4791048378133781	1.6452515111156643	0.1879002198103279	0	4965	300	300	300	9868.6	306.117	-0.0063997	1.77792	2199.9767741935484	1849.1660900315667	0.8405389146480515	0.1910778292961031	0.5	0: Broadleaf	1595006038.6999993	96.6418322580645	99.98926129032262	20.23853225806452	15.615622580645162	500.0385483870969	99.70409032258065	0.19996835483870967	27.41518387096774	26.921570967741932	999.9000000000003	9998.12322580645	0.0	176.13500000000002	2199.9767741935484	0.9819971290322583	0.01800303870967742	0.0	260.8757096774193	5.00054	7569.764516129034	20590.293548387097	50.67906451612902	52.924999999999976	51.11274193548387	51.88287096774193	52.00387096774193	2155.4567741935484	39.519999999999996	0.0	137.0	260.83508	-1.2560000113892034	-4780.468451578196	7522.606400000001	15	1595006075.2	12:14:35	46	-0.453	0.091	100.0	16.0	0.43	0.02	96.6578529411765	-0.07290678733047258	0.013117961835667085	1	20.257425490196077	-0.1996658823530029	0.025991626427900767	1	2	2	2/2	1.8667	1.8632	1.86884	1.86676	1.87149	1.8639	1.8654	1.86538	5	0	0	0	11111111	oooooooo	off	off	off	off	0.0	100.0	100.0	-0.453	0.091	2	321.877	459.356	21.2473	37.6587	29.9998	37.5345	37.5233	8.01613	57.2193	0	21.5536	100	15.632	100.129	100.363	
5	1595006182.2	524.0	20200717 12:16:22	12:16:22		1595006174.1999993	0.010786676083251397	0.7832670765304479	49.49439970133578	46.46511646091071	4.641533048257632	4.944136793688777	0.7597330777678971	3.3897959190128035	0.6762890497183626	0.4294115413657237	353.3348525824963	27.307734352155812	27.078806451612902	3.595759330490819	54.153730369556044	2.0474925297156608	3.780889175580623	1.548266800775158	-475.6924152713866	156.80597655178113	10.033870625754702	44.48228448864555	-0.04128967258097661	0.04635127464612955	3.4622520600444506	159.0	32.0	1	0	52515.0	0	0	0	0	0	-1	MPF-4967-20200717-12_16_23	261.6752	315.857	0.17153901923971926	0.5	1849.1686369310898	0.7832670765304479	158.60228719400382	0.3708545322725158	0.0009643615195042388	-1.0	DARK-4968-20200717-12_16_31	198.72	117.13700000000003	0.4625506885100352	1.5894575281803545	0.17153901923971926	0	4967	300	300	300	9870.21	300.14	-0.00640081	1.18753	2199.9799999999996	1849.1686369310898	0.8405388398672217	0.19107767973444353	0.5	0: Broadleaf	1595006174.1999993	49.494400000000006	50.02121290322581	20.496887096774195	16.271022580645162	500.0436129032258	99.69288709677417	0.19996590322580646	27.936838709677424	27.078806451612902	999.9000000000003	9987.87935483871	0.0	135.42164516129031	2199.9799999999996	0.9819966129032257	0.018003164516129027	0.0	261.6621612903225	5.00054	7335.508387096773	20590.332258064518	50.29809677419354	52.342483870967726	50.747903225806446	51.27796774193548	51.717483870967726	2155.4622580645164	39.51451612903226	0.0	134.5	261.6752	-1.0960769201971858	81.78153910174794	7336.6032	15	1595006212.7	12:16:52	47	-0.475	0.105	50.0	16.0	0.2	0.02	49.49589803921569	0.18275076923072564	0.0306589045389408	1	20.46958431372549	0.1715674208144668	0.035397736565221036	1	2	2	2/2	1.8667	1.86321	1.86887	1.86676	1.87149	1.8639	1.8654	1.86539	5	0	0	0	11111111	oooooooo	off	off	off	off	0.0	100.0	100.0	-0.475	0.105	2	322.661	461.02	22.2292	37.4677	29.9985	37.4676	37.4566	5.56678	53.9626	0	22.5127	50	16.5246	100.144	100.397	
6	1595006311.7	653.5	20200717 12:18:31	12:18:31		1595006303.6999993	0.010924965862700808	36.657816444710406	383.7027602789963	291.74822559912303	29.140256973630734	38.32481590268494	0.778009261495769	3.392723832135892	0.6908146364935595	0.43877614156275657	353.3392455258817	27.140017696574326	27.067900000000005	3.5934580176923503	54.883103545660525	2.058562690500695	3.750813196611693	1.5348953271916552	-481.79099454510566	133.90261257096108	8.554593175713961	14.005456727451076	-0.041335007920600526	0.04640216753645129	3.4652595287453916	157.0	31.0	1	0	52690.0	0	0	0	0	0	-1	MPF-4969-20200717-12_18_33	255.73744000000002	349.939	0.26919423099454476	0.5	1849.1899739025284	36.657816444710406	248.8956364937567	0.4980839517744522	0.02036449308949983	-1.0	DARK-4970-20200717-12_18_41	175.64	174.29900000000004	0.5404595551322726	1.9923650649054887	0.26919423099454476	0	4969	300	300	300	9869.88	322.778	-0.00640071	1.15878	2200.005161290322	1849.1899739025284	0.8405389252895945	0.191077850579189	0.5	0: Broadleaf	1595006303.6999993	383.7027741935484	400.041193548387	20.610045161290316	16.33051290322581	500.04538709677416	99.68157419354839	0.19994835483870974	27.799974193548383	27.067900000000005	999.9000000000003	9999.980645161291	0.0	295.31283870967735	2200.005161290322	0.9819941612903226	0.01800548064516129	0.0	255.6863548387097	5.00054	8556.191612903225	20590.548387096776	50.266	52.16499999999998	50.65699999999999	51.170999999999985	51.60670967741935	2155.483870967742	39.52129032258064	0.0	128.69999980926514	255.73744000000002	1.0842307746359099	18.404615354244115	8556.154	15	1595006341.7	12:19:01	48	-0.448	0.101	400.0	16.0	0.15	0.02	383.647156862745	0.2998914027148263	0.04036226763922973	1	20.615892156862746	-0.021785701357472303	0.0027690759510085343	1	2	2	2/2	1.86674	1.86324	1.86887	1.86676	1.87149	1.8639	1.86543	1.86539	5	0	0	0	11111111	oooooooo	off	off	off	off	0.0	100.0	100.0	-0.448	0.101	2	324.398	462.633	21.8717	37.1744	30.0004	37.2629	37.2744	22.0089	54.6783	0	21.795	400	16.3442	100.206	100.47	
7	1595006463.2	805.0	20200717 12:21:03	12:21:03		1595006455.1999993	0.010438076115584748	37.47346150983613	383.4105986512309	285.57492622366374	28.520586162533963	38.29150954904471	0.7387819148226307	3.3937588906606986	0.6597026139255031	0.4187115129667953	353.3402015467968	26.819949295101395	26.81816129032258	3.541112561289605	54.81188077772343	2.0047925149450365	3.657587527556291	1.5363200463445685	-460.3191566972874	100.8877115983816	6.421555046235235	0.33031149412624927	-0.04135103882463829	0.046420163630618	3.4663227186980157	156.0	31.0	1	0	52561.0	0	0	0	0	0	-1	MPF-4971-20200717-12_21_04	256.41024	360.925	0.2895747315924362	0.5	1849.1958408523365	37.47346150983613	267.74019463833235	0.5125303040797949	0.020805509432739604	-1.0	DARK-4972-20200717-12_21_12	175.94	184.985	0.5649904586858395	2.0514095714448106	0.2895747315924362	0	4971	300	300	300	9870.62	328.814	-0.00640125	0.990173	2200.012258064516	1849.1958408523365	0.8405388806693223	0.1910777613386445	0.5	0: Broadleaf	1595006455.1999993	383.41061290322574	399.99887096774194	20.073867741935484	15.982932258064519	500.0589032258065	99.67079354838707	0.1999708064516129	27.369567741935484	26.81816129032258	999.9000000000003	10004.940967741935	0.0	52.19089354838708	2200.012258064516	0.9819950645161287	0.018004703225806457	0.0	256.40287096774193	5.00054	6617.825483870968	20590.609677419347	50.19929032258063	52.13493548387097	50.59854838709677	51.094548387096765	51.60654838709676	2155.4896774193553	39.51806451612903	0.0	150.79999995231628	256.41024	0.265769236184888	172.8538464092349	6619.826	15	1595006492.2	12:21:32	49	-0.442	0.099	400.0	16.0	0.13	0.03	383.39117647058816	0.17270226244343667	0.03089241666090394	1	20.098198039215692	-0.23650425339366132	0.029838943432617223	0	1	2	1/2	1.86677	1.86327	1.86892	1.8669	1.87157	1.86401	1.86554	1.86548	5	0	0	0	11111111	oooooooo	off	off	off	off	0.0	100.0	100.0	-0.442	0.099	2	324.984	461.818	23.0823	37.0764	29.9985	37.1458	37.1521	21.9977	55.4658	0	23.1401	400	16.2004	100.227	100.502	
8	1595006583.7	925.5	20200717 12:23:03	12:23:03		1595006575.6999993	0.00885729045896907	44.12965643626948	480.62946706647705	342.233199237243	34.17719954005572	47.99817562227326	0.5983456981082184	3.3936267134290037	0.5453185320797701	0.34519589297642106	353.3340855189245	27.616786895858638	27.298906451612904	3.6424772214532157	55.075898298920755	2.0667906490910677	3.7526226769351987	1.575686572362148	-390.60650924053596	93.185415339318	5.958831048995579	61.87182266670213	-0.04134899155126982	0.0464178653869109	3.466186948860261	156.0	31.0	1	0	52495.0	0	0	0	0	0	-1	MPF-4973-20200717-12_23_05	261.0972	377.844	0.30898148442214246	0.5	1849.168470676876	44.12965643626948	285.67940950818206	0.5304411344364341	0.024405378499531772	-1.0	DARK-4974-20200717-12_23_13	177.42	200.424	0.5824991019039636	2.1296584376056815	0.3089814844221425	0	4973	300	300	300	9871.06	344.278	-0.00640182	1.78897	2199.9803225806454	1849.168470676876	0.8405386410491816	0.1910772820983633	0.5	0: Broadleaf	1595006575.6999993	480.62948387096776	499.9819677419354	20.695796774193546	17.2266	500.05706451612906	99.66523548387099	0.20000148387096772	27.808235483870973	27.298906451612904	999.9000000000003	10005.003548387096	0.0	294.1217419354839	2199.9803225806454	0.9820052903225805	0.01799478064516129	0.0	261.10345161290326	5.00054	8638.587419354839	20590.387096774197	50.005806451612884	51.79599999999998	50.35461290322579	50.81025806451611	51.35264516129032	2155.4803225806454	39.5	0.0	119.79999995231628	261.0972	-0.2437692444448019	-21.804615371943306	8638.376	15	1595006611.7	12:23:31	50	-0.411	0.116	500.0	17.0	0.17	0.03	480.57276470588226	0.2063999999998979	0.05328708346427906	1	20.66290588235294	0.20313339366515681	0.025302812459074644	0	1	2	1/2	1.86667	1.86311	1.8688	1.86675	1.87147	1.86387	1.86539	1.86536	5	0	0	0	11111111	oooooooo	off	off	off	off	0.0	100.0	100.0	-0.411	0.116	2	325.594	463.676	21.2084	36.8033	29.9995	36.9364	36.9538	26.3191	52.4531	0	20.0113	500	17.2184	100.269	100.553	
9	1595006705.2	1047.0	20200717 12:25:05	12:25:05		1595006697.1999993	0.009199142138967146	47.81298616653439	578.678691537813	430.77983439575155	43.01825259163549	57.78763102244292	0.6162002060417104	3.3921715809037893	0.5600981074573989	0.3546752382804164	353.3424867796584	27.001383098205412	27.128270967741937	3.6062127327553912	55.33528495863271	2.0122128165006217	3.6364009293616215	1.5939999162547696	-405.6821683284511	25.995919953702508	1.6571729415287548	-24.68658865356146	-0.04132645560023405	0.0463925668076155	3.4646922696894946	156.0	31.0	1	0	52717.0	0	0	0	0	0	-1	MPF-4975-20200717-12_25_06	263.25176	380.118	0.3074472663751783	0.5	1849.2072871534456	47.81298616653439	284.2668626981931	0.5344077365449676	0.026396708744141958	-1.0	DARK-4976-20200717-12_25_14	176.98	203.138	0.5753046697319064	2.1478020115267262	0.3074472663751783	0	4975	300	300	300	9870.49	346.851	-0.00640127	2.09848	2200.0258064516124	1849.2072871534456	0.8405389071940039	0.19107781438800825	0.5	0: Broadleaf	1595006697.1999993	578.6787096774192	599.9310645161288	20.15006774193548	16.544925806451612	500.0512580645161	99.66137096774193	0.19997154838709683	27.270419354838708	27.128270967741937	999.9000000000003	9999.938387096776	0.0	299.4227096774194	2200.0258064516124	0.981994322580645	0.01800539677419355	0.0	263.2522903225806	5.00054	8789.409032258065	20590.761290322578	50.239774193548385	52.19309677419351	50.61074193548387	51.19722580645159	51.572290322580635	2155.504838709677	39.52032258064516	0.0	120.69999980926514	263.25176	-2.029615382119988	7.724615352763122	8789.7624	15	1595006731.2	12:25:31	51	-0.381	0.101	600.0	17.0	0.14	0.03	578.6260784313724	0.21292669683256396	0.030547836570003435	1	20.18318431372549	-0.19549791855201315	0.024338232430938068	1	2	2	2/2	1.86663	1.86315	1.86881	1.86676	1.87148	1.86386	1.86539	1.86535	5	0	0	0	11111111	oooooooo	off	off	off	off	0.0	100.0	100.0	-0.381	0.101	2	325.395	461.93	21.0141	36.8805	30.0006	36.9078	36.9217	30.4783	54.9029	0	18.0444	600	16.4081	100.259	100.542	
10	1595006852.7	1194.5	20200717 12:27:32	12:27:32		1595006844.7032251	0.008666315670733225	49.02046245894686	678.0258522891193	515.3342872534911	51.4621877830685	67.70885344780898	0.5757336635207777	3.3908414474786466	0.526425329048187	0.33309336157748926	353.3345620639116	26.806109885058163	26.95090322580645	3.568851897316356	55.20126011727966	1.9704660844775537	3.569603447984946	1.5983858128388022	-382.18452107933524	0.6551568581076295	0.04167804334161114	-28.15312411397437	-0.04130585935152149	0.04636944571410517	3.4633259934565226	156.0	31.0	1	0	52515.0	0	0	0	0	0	-1	MPF-4977-20200717-12_27_34	261.65456	374.839	0.3019548125995427	0.5	1849.1667774760213	49.02046245894686	279.18240387903614	0.5313187795293446	0.027050271002176	-1.0	DARK-4978-20200717-12_27_42	175.68	199.159	0.5683119517571388	2.133646402550091	0.3019548125995427	0	4977	300	300	300	9870.23	342.388	-0.00640083	2.03766	2199.9777419354837	1849.1667774760213	0.8405388573836988	0.19107771476739793	0.5	0: Broadleaf	1595006844.7032251	678.0258709677419	699.9818709677418	19.731938709677415	16.334212903225804	500.0587419354839	99.6617483870968	0.2000094193548387	26.95448709677419	26.95090322580645	999.9000000000003	9994.916774193547	0.0	285.726935483871	2199.9777419354837	0.9819962580645158	0.0180035064516129	0.0	261.6713548387096	5.00054	8706.163225806451	20590.303225806456	50.3506129032258	52.4634193548387	50.77399999999999	51.39503225806451	51.68312903225804	2155.46129032258	39.5158064516129	0.0	146.59999990463257	261.65456	-2.888461520189579	377.9084620175602	8715.3512	15	1595006883.7	12:28:03	52	-0.364	0.101	700.0	16.0	0.13	0.03	677.9593333333333	0.4713750059186452	0.06986335870031636	0	19.74809411764706	-0.17572453491120127	0.021749306157647887	1	1	2	1/2	1.86661	1.86313	1.86885	1.86676	1.87147	1.86386	1.86539	1.86534	5	0	0	0	11111111	oooooooo	off	off	off	off	0.0	100.0	100.0	-0.364	0.101	2	325.248	460.2	20.8188	37.0381	30.0002	36.9703	36.9671	34.5225	55.6729	0	21.1503	700	16.2985	100.239	100.521	
11	1595007002.8	1344.5999999046326	20200717 12:30:02	12:30:02		1595006994.7451615	0.00832209009380734	50.071895747036095	777.4180132042037	598.2068535343919	59.7402674026748	77.6372917128493	0.5353334587994029	3.3920085516642695	0.4924398888939486	0.3113418432645473	353.34066608218427	27.091365587249772	27.20449032258065	3.622372199215075	54.85414314968774	1.9820296794692955	3.613272518104366	1.6403425197457795	-367.00417313690366	-7.842171984536776	-0.4998608516174706	-22.00553989087365	-0.041323931002914906	0.04638973272595789	3.464524810224013	157.0	31.0	1	0	52564.0	0	0	0	0	0	-1	MPF-4979-20200717-12_30_04	258.46328	365.429	0.2927127294221312	0.5	1849.1977932573777	50.071895747036095	270.64186665287446	0.5257628704892058	0.027618406172263764	-1.0	DARK-4980-20200717-12_30_12	173.3	192.12899999999996	0.5567390659400715	2.1086497403346796	0.2927127294221312	0	4979	300	300	300	9868.87	335.816	-0.00639999	1.82971	2200.014516129032	1849.1977932573777	0.8405389054028047	0.19107781080560976	0.5	0: Broadleaf	1595006994.7451615	777.4180322580647	800.0317741935481	19.846977419354836	16.584629032258064	500.06441935483866	99.66553870967742	0.2000296129032258	27.161606451612904	27.20449032258065	999.9000000000003	9998.90935483871	0.0	310.8185806451614	2200.014516129032	0.9819956774193551	0.018004103225806454	0.0	258.46112903225804	5.00054	8802.590322580647	20590.661290322576	50.66099999999999	52.87080645161291	51.11274193548387	51.8142258064516	51.953387096774186	2155.494516129032	39.519999999999996	0.0	149.5	258.46328	-1.1029230784177084	27.983076687373988	8800.614	15	1595007031.7	12:30:31	53	-0.51	0.103	800.0	17.0	0.08	0.03	777.5398039215686	0.2958085002136176	0.042887001370835585	1	19.83886862745098	0.06660131909077174	0.008395598524625712	1	2	2	2/2	1.86663	1.86316	1.86883	1.86676	1.87149	1.86386	1.86539	1.86531	5	0	0	0	11111111	oooooooo	off	off	off	off	0.0	100.0	100.0	-0.51	0.103	2	324.541	459.173	20.948	37.198	30.0008	37.0963	37.0897	38.4833	55.0561	0	18.7002	800	16.54	100.205	100.481	
12	1595007153.3	1495.0999999046326	20200717 12:32:33	12:32:33		1595007145.2548387	0.008061007405434991	50.75398116204413	976.530883962573	782.9269054093714	78.19150782055407	97.52688497842256	0.5122020216843822	3.3922462767827968	0.4727915754898303	0.298782508134187	353.3403828409552	27.264993779640875	27.352887096774197	3.6540155917417665	54.96571546662546	1.9994329819093593	3.637600211214191	1.6545826098324072	-355.4904265796831	-14.053066879761444	-0.8968580517674568	-17.09996867025683	-0.041327612325229426	0.04639386533275749	3.4647689954181993	158.0	32.0	1	0	52699.0	0	0	0	0	0	-1	MPF-4981-20200717-12_32_34	256.24724000000003	358.026	0.2842775664337226	0.5	1849.1986158380876	50.75398116204413	262.8428411815299	0.5184707255897616	0.02798724848633329	-1.0	DARK-4982-20200717-12_32_42	172.4	185.626	0.548300130369668	2.0767169373549885	0.2842775664337226	0	4981	300	300	300	9867.39	327.975	-0.00639878	1.42062	2200.015806451613	1849.1986158380876	0.8405387863192876	0.1910775726385754	0.5	0: Broadleaf	1595007145.2548387	976.5309032258064	999.9801612903224	20.020203225806448	16.86049677419355	500.0226774193548	99.67076451612903	0.19999899999999998	27.276045161290323	27.352887096774197	999.9000000000003	9999.275806451613	0.0	301.2355161290323	2200.015806451613	0.9819990322580644	0.018001316129032253	0.0	256.2900322580645	5.00054	8600.094516129035	20590.667741935486	51.0178387096774	53.32012903225804	51.48170967741935	52.19732258064514	52.296064516129015	2155.5045161290323	39.51129032258064	0.0	150.09999990463257	256.24724000000003	-2.3191538312655844	-106.03384630360432	8597.9788	15	1595007175.7	12:32:55	54	-0.1	0.104	1000.0	17.0	0.17	0.02	976.0828235294119	0.4084055839821237	0.05260161254605705	0	20.006082352941178	0.13924935738642377	0.01901623357980513	1	1	2	1/2	1.8667	1.86323	1.86884	1.86676	1.87149	1.86388	1.8654	1.86539	5	0	0	0	11111111	oooooooo	off	off	off	off	0.0	100.0	100.0	-0.1	0.104	2	323.573	458.217	21.1373	37.4883	30.0008	37.332	37.3181	46.1067	54.3971	0	17.911	1000	16.7917	100.151	100.413	
13	1595007267.3	1609.0999999046326	20200717 12:34:27	12:34:27		1595007259.2548387	0.007862260491736797	51.0553638475043	1175.82575477075	970.5590031750818	96.93009492540722	117.43016308417832	0.4958036041051698	3.392359112566687	0.45877968030576194	0.2898330169219255	353.33660354522084	27.31142143431685	27.391683870967746	3.6623280975892727	54.95835599053531	1.9993289456028807	3.637898022181006	1.662999151986392	-346.72568768559273	-20.89357785626579	-1.33363861544339	-15.616300612081044	-0.04132935969872157	0.04639582691258074	3.4648848975364115	158.0	32.0	1	0	52574.0	0	0	0	0	0	-1	MPF-4983-20200717-12_34_28	255.10139999999998	348.192	0.2673542183622829	0.5	1849.179067450997	51.0553638475043	247.19291209512826	0.5190010109364949	0.028150526232843462	-1.0	DARK-4984-20200717-12_34_36	167.48	180.71200000000002	0.5151323653105495	2.079006448531168	0.26735421836228296	0	4983	300	300	300	9866.41	323.426	-0.00639798	2.14301	2199.992580645161	1849.179067450997	0.8405387744120092	0.19107754882401848	0.5	0: Broadleaf	1595007259.2548387	1175.8257741935483	1199.9432258064514	20.01923870967742	16.93761935483871	500.052935483871	99.67038709677418	0.19999132258064517	27.27744193548387	27.391683870967746	999.9000000000003	9999.7364516129	0.0	297.4285806451613	2199.992580645161	0.9820006451612903	0.01799962258064516	0.0	255.13732258064522	5.00054	8570.061612903224	20590.461290322586	51.22364516129031	53.568387096774174	51.70132258064515	52.42699999999997	52.49351612903223	2155.482580645161	39.51	0.0	113.59999990463257	255.10139999999998	-1.5443846245129176	54.00384607217017	8571.2888	15	1595007294.8	12:34:54	55	-0.241	0.106	1200.0	17.0	0.14	0.04	1175.9429411764709	0.2669330563153911	0.06014016691900988	1	20.0165	0.006482162101765463	0.0013789737587969547	1	2	2	2/2	1.86668	1.86319	1.86887	1.86676	1.87149	1.8639	1.86539	1.86536	5	0	0	0	11111111	oooooooo	off	off	off	off	0.0	100.0	100.0	-0.241	0.106	2	323.541	457.814	21.1452	37.6616	30.0007	37.5018	37.485	53.4065	53.9847	0	17.9077	1200	16.8829	100.118	100.377	
14	1595007388.8	1730.5999999046326	20200717 12:36:28	12:36:28		1595007380.8000007	0.007631351284787095	51.09905724737369	1574.7274321728382	1349.8680681048315	134.8076209687098	157.26370881817132	0.47218346446603643	3.392846259586883	0.4384791244516289	0.27687690623730277	353.33531456004556	27.48414355997007	27.532225806451606	3.692578622383988	54.70083911883618	2.004047517023184	3.663650410680981	1.6885311053608039	-336.5425916591109	-24.57966280070578	-1.5707417965491102	-9.357681696320203	-0.04133690395213984	0.046404295997955654	3.4653852833995313	158.0	32.0	1	0	52561.0	0	0	0	0	0	-1	MPF-4985-20200717-12_36_30	254.42892000000003	346.366	0.265433327751569	0.5	1849.1725357143223	51.09905724737369	245.41600987072985	0.5090742162914373	0.028174254290040165	-1.0	DARK-4986-20200717-12_36_38	170.04	176.326	0.5214039903360818	2.036967772288873	0.265433327751569	0	4985	300	300	300	9865.57	318.451	-0.00639729	0.784271	2199.984838709677	1849.1725357143223	0.8405387633484277	0.1910775266968556	0.5	0: Broadleaf	1595007380.8000007	1574.727451612903	1599.9712903225807	20.067112903225805	17.076148387096772	500.05354838709684	99.66723548387098	0.20002129032258065	27.397848387096772	27.532225806451606	999.9000000000003	10001.878064516128	0.0	296.49138709677425	2199.984838709677	0.9820020645161294	0.01799813225806451	0.0	254.43464516129035	5.00054	8551.734838709679	20590.4064516129	51.439161290322566	53.74796774193548	51.91499999999998	52.67712903225805	52.66099999999999	2155.474838709677	39.509032258064515	0.0	120.79999995231628	254.42892000000003	-1.4466153874442413	-64.85307722946602	8550.7848	15	1595007413.8	12:36:53	56	-0.43	0.109	1600.0	17.0	0.15	0.03	1574.9058823529408	0.27464253393635935	0.06199862334301531	1	20.05571176470588	0.10059040723982092	0.013662882982577824	1	2	2	2/2	1.86664	1.8632	1.86887	1.86676	1.87149	1.86389	1.8654	1.86538	5	0	0	0	11111111	oooooooo	off	off	off	off	0.0	100.0	100.0	-0.43	0.109	2	323.258	458.341	21.2785	37.8245	30.0006	37.6671	37.6496	67.2009	53.8382	0	17.9554	1600	17.1533	100.09	100.347	
