[Header]
File opened	2020-07-17 09:58:04
Console s/n	68C-571038
Console ver	Bluestem v.1.3.4
Scripts ver	2018.05  1.3.4, Mar 2018
Head s/n	68H-581038
Head ver	1.4.0
Head cal	{"h2oaspanconc2": "0", "co2bspan2a": "0.163389", "ssb_ref": "36526.8", "co2aspanconc2": "0", "co2bzero": "0.880288", "chamberpressurezero": "2.59209", "co2aspan1": "0.992625", "co2aspan2b": "0.163711", "tbzero": "0.197721", "h2oaspan1": "1.00223", "h2oaspan2a": "0.0661155", "h2obspan2a": "0.0975941", "tazero": "0.00774765", "h2obspan1": "0.998578", "h2obspan2": "0", "co2bspanconc1": "1002", "h2oaspan2b": "0.0662632", "co2bspan2": "0", "co2bspan2b": "0.162103", "co2aspan2": "0", "co2azero": "0.869071", "h2oaspan2": "0", "h2obzero": "1.01783", "ssa_ref": "36614.9", "flowmeterzero": "0.990908", "flowbzero": "0.22736", "co2bspanconc2": "0", "co2bspan1": "0.992131", "h2oaspanconc1": "12.19", "co2aspan2a": "0.164928", "co2aspanconc1": "1002", "h2oazero": "1.00263", "h2obspanconc1": "20", "flowazero": "0.42932", "h2obspanconc2": "0", "h2obspan2b": "0.0963575", "oxygen": "21"}
Chamber type	6800-01A
Chamber s/n	MPF-551037
Chamber rev	0
Chamber cal	0
Fluorometer	MPF-551037
Flr. Version	1.4.0
09:58:04	Stability Definition:	H2O_s (Meas): Slp<0.2	CO2_s (Meas): Slp<0.3
SysConst:AvgTime	4
SysConst:Oxygen	21
SysConst:Chamber	6800-01A 2 cm²
Const:S	2.0
Const:CustomBLC	2.0
LTConst:deltaTw	0
LTConst:fT1	1
LTConst:fT2	0
LTConst:fTeb	0
LQConst:Leaf	standard
LQConst:Ambient	Sun+Sky
LQConst:abs_ambient	0.49
LQConst:abs_redLED	0.84
LQConst:abs_greenLED	0.7
LQConst:abs_blueLED	0.87
LQConst:abs_whiteLED	0.75
LQConst:abs_redFlr	0.84
LQConst:abs_blueFlr	0.87
LQConst:k_ambient	0.39
LQConst:k_redLED	0.18
LQConst:k_greenLED	0.23
LQConst:k_blueLED	0.26
LQConst:k_whiteLED	0.21
LQConst:k_redFlr	0.19
LQConst:k_blueFlr	0.25
QConst:fQ_Amb_in	0.0
QConst:fQ_Amb_out	0.0
QConst:fQ_HeadLS	0.0
QConst:fQ_ConsoleLS	0.0
QConst:fQ_Flr	1.0
LeakConst:fan_a	-6276.0
LeakConst:fan_b	6.6
LeakConst:fan_c	1.709e-05
LeakConst:fan_d	3.11
LeakConst:Fs_meas	2.8867 76.9944 384.338 617.676 844.529 1050.88 1230.97 1394.83
LeakConst:Fs_true	0.249995 100.784 401.701 601.178 800.155 1000.64 1200.01 1400.75
LeakConst:leak_wt	0.0
[Data]
Sys	Sys	Sys	Sys	Sys	UserDefVar	GasEx	GasEx	GasEx	GasEx	GasEx	GasEx	GasEx	GasEx	GasEx	GasEx	GasEx	GasEx	GasEx	GasEx	GasEx	GasEx	GasEx	GasEx	GasEx	GasEx	GasEx	GasEx	GasEx	GasEx	GasEx	GasEx	Leak	Leak	Leak	Leak	Leak	FLR	FLR	FLR	FLR	FLR	FLR	FLR	FLR	FLR	FLR	FLR	FLR	FLR	FLR	FLR	FLR	FLR	FLR	FLR	FLR	FLR	FLR	FLR	FLR	MPF	MPF	MPF	MPF	MPF	MPF	MPF	MPF	LeafQ	LeafQ	LeafQ	LeafQ	Const	Const	Meas	Meas	Meas	Meas	Meas	Meas	Meas	Meas	Meas	Meas	Meas	Meas	Meas	Meas	FlrLS	FlrLS	FlrLS	FlrLS	FlrLS	FlrLS	FlrLS	FlrLS	FlrLS	FlrLS	FlrLS	FlrLS	FlrLS	FlrLS	FlrLS	FlrLS	FlrLS	FlrStats	FlrStats	FlrStats	FlrStats	FlrStats	Match	Match	Match	Match	Match	Match	Match	Match	Match	Stability	Stability	Stability	Stability	Stability	Stability	Stability	Stability	Stability	Stability	Stability	Auxiliary	Auxiliary	Auxiliary	Auxiliary	Auxiliary	Auxiliary	Auxiliary	Auxiliary	Auxiliary	Auxiliary	Auxiliary	Auxiliary	Auxiliary	Auxiliary	Auxiliary	Auxiliary	Auxiliary	Auxiliary	Auxiliary	Status	Status	Status	Status	Status	Status	Status	Status	Status	Status	Status	Status	Status	Status	Status	Status	Status	Status	Status	Status	
obs	time	elapsed	date	hhmmss	plant	TIME	E	A	Ca	Ci	Pci	Pca	gsw	gbw	gtw	gtc	Rabs	TleafEB	TleafCnd	SVPleaf	RHcham	VPcham	SVPcham	VPDleaf	LatHFlux	SenHFlux	NetTherm	EBSum	blfa_1	blfa_2	blfa_3	Leak	LeakPct	CorrFact	CorrFactPct	Fan	DarkAdaptedID	Fo	Fm	Fv	Fv/Fm	Adark	LightAdaptedID	Fs	Fm'	PhiPS2	PS2/1	Qabs_fs	Afs	ETR	Fv'/Fm'	PhiCO2	NPQ	DarkPulseID	Fo'	Fv'	qP	qN	qP_Fo	qN_Fo	ID	P1_dur	P2_dur	P3_dur	P1_Qmax	P1_Fmax	P2_dQdt	P3_ΔF	Qin	Qabs	alpha	convert	K	Geometry	TIME	CO2_s	CO2_r	H2O_s	H2O_r	Flow	Pa	ΔPcham	Tair	Tleaf	Tleaf2	Fan_speed	Qamb_in	Qamb_out	Q	f_red	f_blue	f_farred	F	Q_modavg	F_dc	Pc	Tled	TDigital	TPreamp	TPwrSpy	TDrive	Q_red	Q_blue	Q_farred	TSPF	F_avg	dF/dt	dF_dc/dt	F_dc_avg	period	time	hhmmss	count	co2_adj	h2o_adj	co2_at	h2o_at	co2_cv	h2o_cv	CO2_s:MN	CO2_s:SLP	CO2_s:SD	CO2_s:OK	H2O_s:MN	H2O_s:SLP	H2O_s:SD	H2O_s:OK	Stable	Total	State	ADC_CH1	ADC_CH2	ADC_CH3	ADC_CH4	ADC_CH5	ADC_CH6	ADC_CH7	ADC_CH8	DAC_1	DAC_2	DAC_3	DAC_4	GPIO	GPIO_dir	excit_5v	power_12v	power_5v	ch1_pullup	AuxPower	MatchValveR	MatchValveS	MatchCO2	MatchH2O	DIAG	Flow_s	Flow_r	Txchg	Tirga	Tchopper	Ts	Tr	CO2_%	Desiccant_%	Humidifier_%	Txchg_sp	CO2_r_sp	H2O_r_sp	SS_s	SS_r	
	s	s				s	mol m⁻² s⁻¹	µmol m⁻² s⁻¹	µmol mol⁻¹	µmol mol⁻¹	Pa	Pa	mol m⁻² s⁻¹	mol m⁻² s⁻¹	mol m⁻² s⁻¹	mol m⁻² s⁻¹	W m⁻²	°C	°C	kPa	%	kPa	kPa	kPa	W m⁻²	W m⁻²	W m⁻²	W m⁻²				µmol s⁻¹	%		%	µmol s⁻¹						µmol m⁻² s⁻¹						µmol m⁻² s⁻¹	µmol m⁻² s⁻¹	µmol m⁻² s⁻¹		µmol µmol⁻¹										ms	ms	ms	µmol m⁻² s⁻¹		mol m⁻² s⁻²		µmol m⁻² s⁻¹	µmol m⁻² s⁻¹		J/µmol			s	µmol mol⁻¹	µmol mol⁻¹	mmol mol⁻¹	mmol mol⁻¹	µmol s⁻¹	kPa	kPa	°C	°C	°C	rpm	µmol m⁻² s⁻¹	µmol m⁻² s⁻¹	µmol m⁻² s⁻¹					µmol m⁻² s⁻¹			°C	°C	°C	°C	°C	µmol m⁻² s⁻¹	µmol m⁻² s⁻¹	µmol m⁻² s⁻¹	s		min⁻¹	min⁻¹		s	secs			µmol/mol	mmol/mol	µmol/mol	mmol/mol	%	%	µmol mol⁻¹	µmol mol⁻¹ min⁻¹	µmol mol⁻¹		mmol mol⁻¹	mmol mol⁻¹ min⁻¹	mmol mol⁻¹					V	V	V	V	V	V	V	V	V	V	V	V							V	%	%	µmol/mol	mmol/mol		µmol s⁻¹	µmol s⁻¹	°C	°C	°C	°C	°C	%	%	%	°C	µmol mol⁻¹	mmol mol⁻¹	%	%	
1	1594998458.8	0	20200717 10:07:38	10:07:38		1594998450.8032262	0.012104520339847324	37.65532449064786	383.10682439147763	300.37647074105075	30.01733088864654	38.2847707248395	0.9105532623516951	3.3904803768602307	0.7934344197464702	0.5051585224834947	353.33763321889637	27.265187082443486	27.057293548387094	3.5912212395013223	54.98502444056184	2.1101572973623495	3.8376945701704734	1.4810639421389729	-533.809346987267	207.55057780797415	13.293853311097623	40.37271735070118	-0.04130026903688528	0.04636317009618757	3.462955112815397	146.0	29.0	1	0	52669.0	0	0	0	0	0	-1	MPF-4875-20200717-10_07_40	273.88608	383.67	0.28614152787551805	0.5	1849.184486805837	37.65532449064786	264.564237189164	0.5261031615711419	0.02090398484654097	-1.0	DARK-4876-20200717-10_07_48	181.82	201.85000000000002	0.543888630170919	2.1101638983610167	0.28614152787551805	0	4875	300	300	300	9867.72	352.927	-0.00640104	1.2652	2199.9990322580647	1849.184486805837	0.8405387728320253	0.19107754566405064	0.5	0: Broadleaf	1594998450.8032262	383.1068387096774	400.02225806451617	21.115854838709676	16.37674516129032	500.0484838709677	99.7323387096774	0.20002554838709674	28.19276774193549	27.057293548387094	999.9000000000003	9986.490645161291	0.0	268.1517096774193	2199.9990322580647	0.9820020000000004	0.017998199999999995	0.0	273.94699999999995	5.00054	8753.025483870968	20590.541935483863	47.63896774193547	47.94938709677418	47.49187096774194	47.625	49.15706451612902	2155.489032258064	39.51	0.0	1587484250.3	273.88608	-2.760615386011056	32.80384731574527	8750.388799999999	15	1594998496.9	10:08:16	1	-0.492	0.104	400.0	17.0	0.1	0.02	383.28035294117643	0.020303014375867304	0.008231511736436513	1	21.1373431372549	0.03902461875492842	0.00863107143286354	1	2	2	2/2	1.86681	1.86331	1.86904	1.86691	1.87164	1.8641	1.86569	1.86566	5	0	0	0	11111111	oooooooo	off	off	off	off	0.0	100.0	100.0	-0.492	0.104	2	335.748	520.62	22.1782	32.5639	30.001	32.2848	32.2394	21.5817	49.9023	53.8875	22.1373	400	16.4556	101.128	101.133	
2	1594998588.9	130.10000014305115	20200717 10:09:48	10:09:48		1594998580.906452	0.011425800598964303	29.323759180699017	286.959150125622	218.92959893890466	21.879023739589385	28.677648377928783	0.8466958062253468	3.397015226452842	0.7446166145423148	0.47352732165347705	353.34000614256917	27.04247937527623	26.976696774193545	3.5742639792062265	55.51794330311295	2.0841998587117767	3.754101349418889	1.4900641204944498	-503.8778064143258	153.52380240676246	9.79201391040029	12.778016045406105	-0.041401487094719636	0.04647679623329551	3.4696675823651297	149.0	30.0	1	0	52474.0	0	0	0	0	0	-1	MPF-4877-20200717-10_09_50	259.62284	352.56	0.26360664851372817	0.5	1849.199631967203	29.323759180699017	243.730658707847	0.4877467665078285	0.01639831560448679	-1.0	DARK-4878-20200717-10_09_58	180.6	171.96	0.5404580134915097	1.9521594684385384	0.26360664851372817	0	4877	300	300	300	9866.42	326.852	-0.0063998	1.27905	2200.0174193548387	1849.199631967203	0.8405386319665987	0.19107726393319763	0.5	0: Broadleaf	1594998580.906452	286.9591612903226	299.9992903225807	20.85527419354839	16.380567741935486	500.0333548387097	99.73637419354837	0.19996993548387096	27.81498387096774	26.976696774193545	999.9000000000003	10010.560322580646	0.0	284.42964516129024	2200.0174193548387	0.9820038709677419	0.017996235483870967	0.0	259.6554193548387	5.00054	8436.83129032258	20590.72580645161	48.03999999999998	48.18525806451613	47.92899999999997	47.783999999999985	49.49993548387097	2155.517419354839	39.5	0.0	129.20000004768372	259.62284	-0.9782307719996407	248.26999920835868	8448.2096	15	1594998620.4	10:10:20	2	-0.55	0.1	300.0	16.0	0.13	0.02	287.04466666666667	-0.28975252945976915	0.03984955367509858	1	20.864321568627453	-0.029204953740026855	0.014651899612176236	1	2	2	2/2	1.86689	1.8634	1.86905	1.86693	1.87164	1.86415	1.86571	1.86567	5	0	0	0	11111111	oooooooo	off	off	off	off	0.0	100.0	100.0	-0.55	0.1	2	332.874	517.267	21.4969	32.7209	29.9948	32.517	32.4823	17.1128	49.5128	46.3454	21.6567	300	16.1269	101.092	101.104	
3	1594998712.0	253.20000004768372	20200717 10:11:52	10:11:52		1594998703.9483874	0.010897041514899102	18.478202062359486	191.74576714782071	145.82112723637357	14.572160431703479	19.161490066174235	0.785037770914263	3.397090183140968	0.6964566730590626	0.442408309191233	353.3365342692863	27.103170860259034	26.958896774193555	3.57052836281964	54.82016223277615	2.050933797821774	3.7412034446617373	1.519594564997866	-480.5595308070504	145.99229439354065	9.307866374016152	28.077164229792686	-0.04140264860689091	0.04647810013246182	3.469744577303608	149.0	30.0	1	0	52393.0	0	0	0	0	0	-1	MPF-4879-20200717-10_11_53	253.46808000000001	329.941	0.23177756023046536	0.5	1849.178786979635	18.478202062359486	214.29907383803564	0.4543872995474948	0.010533433651472014	-1.0	DARK-4880-20200717-10_12_01	180.02	149.92099999999996	0.5100881130728849	1.8328019108987887	0.23177756023046533	0	4879	300	300	300	9867.38	307.412	-0.00640036	1.06519	2199.992258064516	1849.178786979635	0.8405387701711661	0.19107754034233226	0.5	0: Broadleaf	1594998703.9483874	191.74577419354839	199.97212903225804	20.52334516129032	16.254354838709677	500.0431935483872	99.73177741935486	0.19997258064516124	27.756041935483868	26.958896774193555	999.9000000000003	10011.302580645159	0.0	100.8027258064516	2199.992258064516	0.9820021290322585	0.017998064516129033	0.0	253.51845161290325	5.00054	6671.830645161291	20590.477419354833	48.18699999999997	48.02193548387095	47.941064516129	47.79406451612902	49.60670967741935	2155.482258064516	39.50967741935484	0.0	122.60000014305115	253.46808000000001	-2.595692295203702	6.21692304942041	6672.397999999999	15	1594998742.4	10:12:22	3	-0.506	0.104	200.0	16.0	0.12	0.02	191.68215686274516	0.21415848423486644	0.02902289329573781	1	20.51786274509804	0.013161020134082406	0.00330252195874088	1	2	2	2/2	1.86681	1.86337	1.86905	1.86691	1.87164	1.86414	1.8657	1.86568	5	0	0	0	11111111	oooooooo	off	off	off	off	0.0	100.0	100.0	-0.506	0.104	2	332.985	514.778	22.9455	32.751	29.9995	32.632	32.603	12.5127	47.6926	39.6753	22.9726	200	16.3895	101.08	101.109	
4	1594998834.0	375.2000000476837	20200717 10:13:54	10:13:54		1594998825.9419358	0.009492508909735957	6.280056659235379	97.08298470470703	78.42022184429865	7.836042872715535	9.700896177872506	0.6664003610617955	3.392656577030917	0.601309523533731	0.3811353971738013	353.33953811519586	27.37327748294872	27.05432903225806	3.5905962746322224	55.154517813306946	2.0577440269266427	3.730871211478849	1.5328522477055797	-418.6196429193557	119.6870673055466	7.642556347468957	62.04951884885568	-0.04133396635524211	0.04640099828809033	3.4651904458757046	147.0	29.0	1	0	52531.0	0	0	0	0	0	-1	MPF-4881-20200717-10_13_55	255.504	314.771	0.1882860873460389	0.5	1849.1945126122894	6.280056659235379	174.08879976076668	0.4082046948416468	0.003936879873686792	-1.0	DARK-4882-20200717-10_14_03	186.28	128.491	0.461254095617592	1.6897734593085678	0.18828608734603894	0	4881	300	300	300	9867.38	297.76	-0.00640036	1.08624	2200.010967741935	1849.1945126122894	0.8405387699090794	0.191077539818159	0.5	0: Broadleaf	1594998825.9419358	97.08298709677418	99.96335806451616	20.593141935483867	16.874687096774192	500.047935483871	99.72374516129034	0.20000777419354843	27.708696774193548	27.05432903225806	999.9000000000003	9995.5	0.0	387.22509677419356	2200.010967741935	0.9820023225806453	0.01799786129032258	0.0	255.52880645161287	5.00054	6722.893225806451	20590.64516129032	48.125	47.79199999999999	47.89499999999999	47.44919354838707	49.54199999999997	2155.5009677419353	39.51	0.0	121.40000009536743	255.504	0.1407692330617394	86.53999999486649	6724.020000000001	15	1594998860.0	10:14:20	4	-0.422	0.112	100.0	17.0	0.18	0.02	96.97963529411766	0.19810645266054008	0.026231217919512134	1	20.58183529411765	0.016970673674907108	0.011075212095156774	1	2	2	2/2	1.86683	1.86335	1.86904	1.86691	1.87164	1.86407	1.86569	1.86567	5	0	0	0	11111111	oooooooo	off	off	off	off	0.0	100.0	100.0	-0.422	0.112	2	334.189	514.301	21.5113	32.5369	29.9992	32.5449	32.5307	7.77534	45.3569	33.5233	21.5096	100	16.9027	101.113	101.165	
5	1594998951.5	492.7000000476837	20200717 10:15:51	10:15:51		1594998943.5	0.009631574393622751	0.4481725323718855	49.572128861915544	47.19801197026973	4.715920325267551	4.953136801904873	0.6739297995183501	3.3919828028744696	0.607426380011625	0.38506820824285704	353.3398470172986	27.162989018202865	26.98655483870968	3.576334320259269	55.1582924424861	2.036501199081606	3.6921034152844356	1.5398331211776628	-424.7524307587633	99.38376244035076	6.339549220049925	34.310727918936024	-0.04132353227376634	0.046389285117558035	3.464498361734419	147.0	29.0	1	0	52654.0	0	0	0	0	0	-1	MPF-4883-20200717-10_15_53	257.74104	303.812	0.1516429897436573	0.5	1849.1961384187418	0.4481725323718855	140.20881552612198	0.3655286822113676	0.0007831362516310606	-1.0	DARK-4884-20200717-10_16_00	192.76	111.05200000000002	0.41485934517163137	1.5761153766341567	0.1516429897436573	0	4883	300	300	300	9867.95	291.983	-0.00640063	1.64017	2200.0129032258064	1849.1961384187418	0.8405387694350912	0.19107753887018256	0.5	0: Broadleaf	1594998943.5	49.57212903225807	49.942338709677415	20.38177096774194	16.608096774193548	500.05725806451613	99.71779677419353	0.19997790322580647	27.53002580645161	26.98655483870968	999.9000000000003	9993.572903225804	0.0	321.1299677419355	2200.0129032258064	0.9820005161290323	0.01799975806451613	0.0	257.75258064516134	5.00054	8162.239032258065	20590.667741935482	48.100612903225795	47.799999999999976	47.85467741935483	47.447161290322555	49.49187096774194	2155.502903225806	39.51	0.0	116.60000014305115	257.74104	-0.3379230764894067	-727.1792294015272	8164.9352	15	1594998984.5	10:16:24	5	-0.401	0.114	50.0	17.0	0.26	0.02	49.5574725490196	-0.08439420814482454	0.01274821138444508	1	20.377445098039217	0.03982371040724235	0.007120925081054861	1	2	2	2/2	1.86685	1.86332	1.86905	1.86692	1.87164	1.86407	1.86569	1.86565	5	0	0	0	11111111	oooooooo	off	off	off	off	0.0	100.0	100.0	-0.401	0.114	2	334.783	513.16	22.0542	32.3283	29.9996	32.3999	32.403	5.40539	44.9715	27.7997	22.0539	50	16.6503	101.146	101.22	
6	1594999076.0	617.2000000476837	20200717 10:17:56	10:17:56		1594999068.0	0.009798349132675178	35.71664775541073	384.1517284108858	284.29577047388796	28.406772335526885	38.38435820933004	0.6842388206452704	3.3947800442904543	0.6158460230095825	0.39047733902347515	353.3397675659332	27.216868439382683	27.00215161290323	3.579612014529979	54.81080565361708	2.034510905738098	3.7118792206693945	1.5451011087918811	-432.10719675097533	113.32914348884206	7.227010048086006	41.78872435188593	-0.041366856533891654	0.04643792039496235	3.467371629636096	146.0	29.0	1	0	52797.0	0	0	0	0	0	-1	MPF-4885-20200717-10_17_57	246.35832	330.293	0.254121885719649	0.5	1849.196826384438	35.71664775541073	234.96069229380188	0.4829439316001247	0.019855456829438414	-1.0	DARK-4886-20200717-10_18_05	170.78	159.513	0.5261933510121433	1.9340262325799273	0.25412188571964894	0	4885	300	300	300	9867.37	306.516	-0.00640032	1.19705	2200.013870967742	1849.196826384438	0.8405387124086692	0.1910774248173384	0.5	0: Broadleaf	1594999068.0	384.15174193548387	399.94238709677415	20.36144193548387	16.522303225806453	500.0517741935484	99.71981612903227	0.19996912903225805	27.621370967741928	27.00215161290323	999.9000000000003	10003.847741935484	0.0	141.30129032258066	2200.013870967742	0.9820024516129033	0.017997725806451613	0.0	246.34903225806457	5.00054	6830.55	20590.67096774194	48.24187096774194	48.209419354838694	48.05799999999997	47.792064516129024	49.63293548387097	2155.506451612903	39.505806451612905	0.0	123.90000009536743	246.35832	0.8385384553212737	3010.755385015872	6864.2156	15	1594999111.0	10:18:31	6	-0.345	0.11	400.0	17.0	0.11	0.02	384.0668627450981	0.27495746606316795	0.04047658224345763	1	20.36642156862745	-0.0002736651583684502	0.007384172626811027	1	2	2	2/2	1.86684	1.86335	1.86904	1.86691	1.87164	1.86409	1.86569	1.86566	5	0	0	0	11111111	oooooooo	off	off	off	off	0.0	100.0	100.0	-0.345	0.11	2	335.221	511.763	21.6257	32.3023	30.0002	32.3672	32.3796	21.6568	45.2211	21.9981	22.0647	400	16.5956	101.143	101.225	
7	1594999202.5	743.7000000476837	20200717 10:20:02	10:20:02		1594999194.5	0.00927230112878277	36.470787284572914	383.9381796966924	277.1387585650663	27.692410100781856	38.364080075116135	0.6455388877657606	3.393114120578086	0.5842666976345426	0.3701858969467182	353.3402055099913	27.24797485266636	26.967358064516127	3.5723036755226274	54.99807371374492	2.0309969641966656	3.6928510892356696	1.5413067113259618	-408.90847977932015	103.5617395685172	6.6033352379189285	54.59680053710727	-0.041341052417735835	0.046408953014012704	3.465660424221004	146.0	29.0	1	0	52673.0	0	0	0	0	0	-1	MPF-4887-20200717-10_20_04	247.93707999999998	341.259	0.27346361561160304	0.5	1849.1982776498032	36.470787284572914	252.8442234944321	0.4953393170583047	0.020263260969610876	-1.0	DARK-4888-20200717-10_20_11	172.22	169.03900000000002	0.5520733085264349	1.9815294390895368	0.273463615611603	0	4887	300	300	300	9867.41	313.243	-0.00640034	1.71799	2200.0154838709677	1849.1982776498032	0.8405387558437111	0.1910775116874222	0.5	0: Broadleaf	1594999194.5	383.9381935483871	399.94867741935474	20.325712903225803	16.692593548387098	500.05706451612895	99.72255161290323	0.19999348387096777	27.53348709677419	26.967358064516127	999.9000000000003	9997.333225806453	0.0	103.65277419354838	2200.0154838709677	0.9820023225806455	0.01799786129032258	0.0	247.94116129032255	5.00054	6564.763225806451	20590.69032258064	48.30799999999997	48.34654838709677	48.18699999999997	47.951225806451596	49.691064516129	2155.5054838709675	39.509032258064515	0.0	125.60000014305115	247.93707999999998	1.2224615412233908	80.34153821932674	6564.8432	15	1594999230.5	10:20:30	7	-0.368	0.112	400.0	17.0	0.13	0.03	383.96354901960785	-0.05419004524877613	0.014035408619533915	1	20.333635294117652	-0.10375710407239763	0.013030113290546515	1	2	2	2/2	1.86682	1.86334	1.86905	1.86691	1.87164	1.86409	1.86569	1.86563	5	0	0	0	11111111	oooooooo	off	off	off	off	0.0	100.0	100.0	-0.368	0.112	2	335.186	509.992	22.3138	32.3109	29.9997	32.3706	32.3775	21.7101	43.8053	16.6552	22.3275	400	16.8145	101.138	101.231	
8	1594999324.5	865.7000000476837	20200717 10:22:04	10:22:04		1594999316.5	0.007795059129666611	42.7973065861474	481.27849984127164	330.46866464076624	33.02166709840814	48.091150852852294	0.5231656942725486	3.3950021109968542	0.4821529511965456	0.30476205413114676	353.33830250678534	27.50813745488426	27.059338709677412	3.5916524458023127	54.98126621280648	2.021540878005047	3.676781233412519	1.570111567797266	-343.76210761829753	73.14287152403534	4.661568853174131	87.38063526569726	-0.041370296640271975	0.046441782215744125	3.467599733126454	145.0	29.0	1	0	52529.0	0	0	0	0	0	-1	MPF-4889-20200717-10_22_06	252.36396000000005	360.834	0.3006092552253944	0.5	1849.188009386482	42.7973065861474	277.9415151367	0.5079731954305858	0.02368461528186003	-1.0	DARK-4890-20200717-10_22_13	177.54	183.294	0.5917817277161279	2.0324095978371073	0.3006092552253944	0	4889	300	300	300	9867.67	326.668	-0.00640056	1.11703	2200.003225806451	1849.188009386482	0.8405387718050407	0.1910775436100815	0.5	0: Broadleaf	1594999316.5	481.27851612903225	499.89580645161294	20.230835483870973	17.17626451612903	500.06096774193554	99.72378064516128	0.19996593548387095	27.458958064516132	27.059338709677412	999.9000000000003	10004.28193548387	0.0	92.53268064516129	2200.003225806451	0.9820016774193552	0.017998538709677415	0.0	252.36777419354834	5.00054	6731.456774193548	20590.59032258065	48.25	48.350548387096765	48.18299999999997	47.83232258064514	49.65899999999997	2155.493225806452	39.51	0.0	121.40000009536743	252.36396000000005	0.34261538817332055	-112.63846156475032	6730.0616	15	1594999349.5	10:22:29	8	-0.405	0.118	500.0	17.0	0.1	0.03	481.2902941176471	0.2901610859728488	0.04319508601211463	1	20.23008431372549	-0.04122352941176289	0.009369085010863795	1	2	2	2/2	1.86679	1.86332	1.86903	1.86691	1.87164	1.86407	1.86569	1.86559	5	0	0	0	11111111	oooooooo	off	off	off	off	0.0	100.0	100.0	-0.405	0.118	2	336.667	510.036	21.4049	32.1822	29.9996	32.2855	32.2938	26.0357	41.8456	12.0531	21.3994	500	17.2302	101.152	101.263	
9	1594999449.5	990.7000000476837	20200717 10:24:09	10:24:09		1594999441.5	0.007240104266922619	46.380243582392474	579.6850469905307	400.8955554162855	40.06008348502617	57.925888834931754	0.4764928812646693	3.396737966112733	0.44223073869214635	0.279266952685705	353.33644909416955	27.39482899103418	27.042019354838708	3.588002223752422	55.10014490022734	1.9977521965145248	3.6256750324921234	1.590250027237897	-319.2885981712875	32.59860172919017	2.0738667579134704	68.7203194099857	-0.041397190830876514	0.04647197330075822	3.469382782834723	145.0	29.0	1	0	52873.0	0	0	0	0	0	-1	MPF-4891-20200717-10_24_11	254.4818	363.851	0.3005878780050075	0.5	1849.178254547771	46.380243582392474	277.9202837937591	0.51617557736546	0.025622323573115793	-1.0	DARK-4892-20200717-10_24_18	176.04	187.811	0.5823364978622125	2.066865485117019	0.3005878780050076	0	4891	300	300	300	9868.2	332.738	-0.00640098	1.61694	2199.991612903226	1849.178254547771	0.8405387746490075	0.19107754929801526	0.5	0: Broadleaf	1594999441.5	579.6850645161289	599.9131612903225	19.992219354838713	17.154467741935484	500.0690322580645	99.72652258064515	0.19996187096774193	27.220032258064514	27.042019354838708	999.9000000000003	10010.510322580645	0.0	571.4342903225806	2199.991612903226	0.9820006451612904	0.01799962258064516	0.0	254.50735483870966	5.00054	6984.506451612903	20590.454838709677	48.2032580645161	48.19538709677418	48.078258064516106	47.58029032258063	49.57216129032257	2155.4816129032256	39.51	0.0	124.40000009536743	254.4818	0.07130770502928419	257.6646153679159	6987.6359999999995	15	1594999475.0	10:24:35	9	-0.235	0.12	600.0	17.0	0.21	0.03	579.4850196078431	0.28238552036205594	0.046937375966190464	1	20.001313725490196	-0.1141715837104085	0.014285863293560401	1	2	2	2/2	1.86685	1.86336	1.86904	1.86691	1.87164	1.86409	1.86569	1.86562	5	0	0	0	11111111	oooooooo	off	off	off	off	0.0	100.0	100.0	-0.235	0.12	2	337.124	509.951	21.6568	31.9913	29.9995	32.1263	32.1359	30.2259	41.2144	7.05022	21.5747	600	17.2141	101.179	101.305	
10	1594999588.0	1129.2000000476837	20200717 10:26:28	10:26:28		1594999580.0064516	0.006236285590598824	49.12405988811844	678.5544329827204	456.8244654567097	45.64838472619623	67.80484881319573	0.4013022738201877	3.394865163281147	0.37668809874512266	0.2375156322252398	353.33624315943456	27.402634308107032	27.04547419354839	3.588730105862549	55.333452215407334	1.9805086396780998	3.57922479148452	1.6082214661844492	-275.0201945454081	-8.266189075903833	-0.5256022239776834	69.52425731414493	-0.04136817512738879	0.04643940063167801	3.4674590625273463	143.0	29.0	1	0	52717.0	0	0	0	0	0	-1	MPF-4893-20200717-10_26_29	254.2038	364.14	0.30190640962267257	0.5	1849.1771706768036	49.12405988811844	279.13922017762286	0.5157357060471247	0.027106142495677093	-1.0	DARK-4894-20200717-10_26_37	176.34	187.79999999999998	0.5853897763578274	2.0649880911874785	0.30190640962267257	0	4893	300	300	300	9867.98	332.97	-0.00640074	1.92218	2199.9903225806456	1849.1771706768036	0.8405387749650057	0.1910775499300116	0.5	0: Broadleaf	1594999580.0064516	678.5544516129032	699.8939032258064	19.819864516129034	17.375116129032257	500.0664516129032	99.72543548387098	0.20000235483870968	27.000309677419356	27.04547419354839	999.9000000000003	10003.602903225807	0.0	337.0750322580645	2199.9903225806456	0.9820007741935484	0.017999487096774194	0.0	254.18835483870973	5.00054	8188.093870967741	20590.451612903224	48.3222258064516	48.344580645161294	48.18306451612901	47.75793548387096	49.68712903225805	2155.480322580645	39.51	0.0	137.90000009536743	254.2038	-0.5652307812984453	595.2061510000794	8196.199999999999	15	1594999613.5	10:26:53	10	-0.196	0.123	700.0	17.0	0.2	0.04	678.4892156862744	0.28676219149342697	0.037080365146943066	1	19.820496078431372	-0.0384749965948102	0.005258716789137738	1	2	2	2/2	1.86676	1.86325	1.86892	1.8669	1.87156	1.86401	1.86563	1.86554	5	0	0	0	11111111	oooooooo	off	off	off	off	0.0	100.0	100.0	-0.196	0.123	2	338.861	509.411	19.5484	31.8807	30.0002	31.9923	32.011	34.3101	40.8432	2.07287	19.5207	700	17.2867	101.199	101.339	
11	1594999710.0	1251.2000000476837	20200717 10:28:30	10:28:30		1594999702.0064516	0.006920303801367599	50.25513376216769	777.7559809603913	568.9672047231019	56.8514795589325	77.71375553170235	0.4470723317721692	3.39377540952618	0.41674176815441316	0.2630170143360301	353.33711838205863	27.026981670379342	26.94994516129032	3.5686510111315477	55.34171713826787	1.9552621183066143	3.5330709262625746	1.6133888928249334	-305.1853976403111	-31.18376578152695	-1.9803085132639515	14.987646446956624	-0.04135129468540501	0.04642045085674328	3.4663396865543135	145.0	29.0	1	0	52790.0	0	0	0	0	0	-1	MPF-4895-20200717-10_28_31	252.88896000000005	361.151	0.2997694593120328	0.5	1849.181777128417	50.25513376216769	277.1641107497248	0.5139982998801056	0.027717736782892955	-1.0	DARK-4896-20200717-10_28_39	175.52	185.631	0.5832109938533971	2.057605970829535	0.2997694593120328	0	4895	300	300	300	9867.76	328.033	-0.00640053	1.38071	2199.995806451613	1849.181777128417	0.840538773622016	0.19107754724403225	0.5	0: Broadleaf	1594999702.0064516	777.7560000000002	800.0080967741935	19.568180645161284	16.85457741935484	500.06470967741933	99.7204870967742	0.19999880645161286	26.779509677419362	26.94994516129032	999.9000000000003	10000.017096774194	0.0	328.98412903225807	2199.995806451613	0.9820010967741938	0.017999148387096774	0.0	252.93332258064513	5.00054	8070.511612903226	20590.493548387094	48.62493548387097	48.826290322580626	48.47358064516128	48.243709677419346	49.90899999999998	2155.4858064516125	39.51	0.0	121.5	252.88896000000005	-1.717846146130607	-81.04692359358104	8069.581200000001	15	1594999741.0	10:29:01	11	-0.306	0.116	800.0	17.0	0.11	0.04	777.8364509803921	0.2996922295247224	0.040560926685036254	1	19.571333333333335	0.0444322195072039	0.005632074345914741	1	2	2	2/2	1.86682	1.86333	1.86895	1.86691	1.87164	1.86402	1.86569	1.86562	5	0	0	0	11111111	oooooooo	off	off	off	off	0.0	100.0	100.0	-0.306	0.116	2	337.039	506.634	20.5933	32.0495	30.0007	32.0706	32.0792	38.2299	43.016	0	20.598	800	16.7716	101.168	101.305	
12	1594999836.0	1377.2000000476837	20200717 10:30:36	10:30:36		1594999828.0064516	0.006488952960260998	50.898019702116706	977.1642710596798	744.7671742050228	74.42085731178894	97.6431364128457	0.41119595694472455	3.394329413464237	0.38539120783595926	0.24305288896100602	353.3347033231308	27.1871651852338	27.020538709677417	3.5834794685033353	54.92188675536865	1.9475749293396982	3.5460816159039212	1.635904539163637	-286.16282554751	-32.670526157288265	-2.0757671663060147	32.42558445202647	-0.04135987598003338	0.04643008411172632	3.4669087491609183	145.0	29.0	1	0	52837.0	0	0	0	0	0	-1	MPF-4897-20200717-10_30_37	251.20844	349.134	0.28048130517222614	0.5	1849.1717222897794	50.898019702116706	259.3290490777053	0.509414723286761	0.028065549065314922	-1.0	DARK-4898-20200717-10_30_45	171.28	177.854	0.5505952073048681	2.0383815973844	0.2804813051722262	0	4897	300	300	300	9866.83	320.432	-0.00639977	1.81937	2199.984193548387	1849.1717222897794	0.8405386401014195	0.19107728020283912	0.5	0: Broadleaf	1594999828.0064516	977.1642903225808	1000.0570322580645	19.49036774193548	16.945683870967745	500.0606129032257	99.72503870967743	0.19995783870967737	26.842006451612903	27.020538709677417	999.9000000000003	10001.635806451613	0.0	347.3944838709678	2199.984193548387	0.9820025161290324	0.017997658064516128	0.0	251.2374838709678	5.00054	8100.499999999999	20590.399999999998	48.87899999999999	49.25793548387096	48.799999999999976	48.635	50.147	2155.484193548387	39.5	0.0	125.5	251.20844	-1.5385384622676628	-63.197692389289514	8099.5008	15	1594999860.1	10:31:00	12	0.112	0.117	1000.0	17.0	0.13	0.03	976.7171764705881	0.24141006181273048	0.05018151596360926	1	19.488576470588235	0.007801154470899968	0.0014332998037976132	1	2	2	2/2	1.86676	1.86328	1.86896	1.86691	1.87163	1.86402	1.86565	1.86554	5	0	0	0	11111111	oooooooo	off	off	off	off	0.0	100.0	100.0	0.112	0.117	2	336.453	504.428	19.7386	32.2869	30.0006	32.2427	32.242	45.7871	43.2631	0	19.7414	1000	16.953	101.117	101.255	
13	1594999951.5	1492.7000000476837	20200717 10:32:31	10:32:31		1594999943.5580645	0.006650444662629934	50.255372066669835	1176.7384648424372	945.5493617557205	94.49027484347158	117.59337530024409	0.4198746200286574	3.3950345441235976	0.3930124813312995	0.24790290794828082	353.33259633718876	27.070955817761416	27.009648387096767	3.5811884099991507	54.8759660587395	1.9368616687785076	3.5295263261612226	1.644326741220643	-293.28460962198005	-45.24578289913598	-2.872856781432847	11.929347034639868	-0.04137079908072014	0.04644234624916339	3.4676330479481514	145.0	29.0	1	0	52802.0	0	0	0	0	0	-1	MPF-4899-20200717-10_32_33	249.96276	337.784	0.25999230277336993	0.5	1849.160371198148	50.255372066669835	240.383731552533	0.48564763280676404	0.027718186515893885	-1.0	DARK-4900-20200717-10_32_40	173.74	164.04399999999998	0.5353517349003926	1.9441924715091514	0.25999230277336993	0	4899	300	300	300	9866.33	314.083	-0.00639929	2.10635	2199.97064516129	1849.160371198148	0.8405386568522042	0.1910773137044084	0.5	0: Broadleaf	1594999943.5580645	1176.7384838709677	1199.9683870967742	19.381870967741932	16.773541935483866	500.05551612903224	99.73166451612904	0.1999505483870968	26.76244838709678	27.009648387096767	999.9000000000003	10003.612580645162	0.0	337.02622580645163	2199.97064516129	0.9820025161290324	0.017997658064516128	0.0	250.01138709677417	5.00054	8345.02741935484	20590.261290322585	49.06003225806448	49.55619354838708	49.05399999999997	48.908999999999985	50.34254838709676	2155.468709677419	39.50096774193548	0.0	114.79999995231628	249.96276	-1.5333076807696822	-1168.6538497988001	8327.901600000001	15	1594999984.0	10:33:04	13	-0.015	0.111	1200.0	17.0	0.14	0.04	1176.8539215686274	0.15648030609175897	0.031064665721135316	1	19.38865882352941	-0.007479316907444744	0.0010572210095224485	1	2	2	2/2	1.86676	1.86327	1.86898	1.86691	1.87163	1.86403	1.86567	1.86554	5	0	0	0	11111111	oooooooo	off	off	off	off	0.0	100.0	100.0	-0.015	0.111	2	336.275	503.029	20.1975	32.5174	30.0009	32.4346	32.4242	53.0367	44.249	0	20.1888	1200	16.7475	101.078	101.216	
14	1595000105.6	1646.7999999523163	20200717 10:35:05	10:35:05		1595000097.5580645	0.006212043579720119	49.586030677268006	1576.248432875522	1329.9549216216546	132.91115135473996	157.52488345931246	0.40210434234267095	3.398667260130656	0.37742074989948954	0.23797931713144255	353.3412083849183	26.709237624674206	26.706545161290325	3.5179337905805306	55.8315469622679	1.917791423166698	3.4349602106901687	1.6001423674138326	-273.9511218656572	-74.18762839959227	-4.687513830533814	0.5149442891349594	-0.041427089329418694	0.04650553698462414	3.4713645434790825	146.0	29.0	1	0	52839.0	0	0	0	0	0	-1	MPF-4901-20200717-10_35_07	249.7538	333.098	0.25020924772889663	0.5	1849.2058739026857	49.586030677268006	231.34420530252393	0.4886189649892824	0.02735554293395571	-1.0	DARK-4902-20200717-10_35_14	170.34	162.758	0.5120743680802172	1.9554890219560879	0.2502092477288966	0	4901	300	300	300	9866.03	308.069	-0.00639886	0.857269	2200.0248387096776	1849.2058739026857	0.8405386345488951	0.19107726909779046	0.5	0: Broadleaf	1595000097.5580645	1576.2484516129034	1599.9967741935482	19.19008387096774	16.75323548387097	500.05851612903234	99.7366064516129	0.19997725806451616	26.301654838709684	26.706545161290325	999.9000000000003	10016.72741935484	0.0	271.5173870967742	2200.0248387096776	0.9820041935483872	0.017995896774193547	0.0	249.74703225806454	5.00054	7788.9693548387095	20590.770967741933	49.31199999999997	49.80799999999998	49.320129032258045	49.173032258064495	50.549999999999976	2155.5245161290327	39.50032258064516	0.0	153.5	249.7538	0.019307681075731355	1179.598462441667	7817.066	15	1595000133.6	10:35:33	14	-0.113	0.103	1600.0	16.0	0.11	0.03	1576.3178431372548	0.13783014887627065	0.13269918399633876	1	19.103398039215687	1.1200823868850442	0.1530705661825599	0	1	2	1/2	1.86685	1.86338	1.86903	1.86691	1.87164	1.8641	1.86569	1.8656	5	0	0	0	11111111	oooooooo	off	off	off	off	0.0	100.0	100.0	-0.113	0.103	2	335.711	501.208	19.918	32.7942	29.9981	32.6769	32.6596	66.7095	46.0836	0	20.143	1600	16.2589	101.044	101.179	
