[Header]
File opened	2020-07-17 13:13:43
Console s/n	68C-571038
Console ver	Bluestem v.1.3.4
Scripts ver	2018.05  1.3.4, Mar 2018
Head s/n	68H-581038
Head ver	1.4.0
Head cal	{"h2oaspanconc2": "0", "co2bspan2a": "0.163389", "ssb_ref": "36526.8", "co2aspanconc2": "0", "co2bzero": "0.880288", "chamberpressurezero": "2.59209", "co2aspan1": "0.992625", "co2aspan2b": "0.163711", "tbzero": "0.197721", "h2oaspan1": "1.00223", "h2oaspan2a": "0.0661155", "h2obspan2a": "0.0975941", "tazero": "0.00774765", "h2obspan1": "0.998578", "h2obspan2": "0", "co2bspanconc1": "1002", "h2oaspan2b": "0.0662632", "co2bspan2": "0", "co2bspan2b": "0.162103", "co2aspan2": "0", "co2azero": "0.869071", "h2oaspan2": "0", "h2obzero": "1.01783", "ssa_ref": "36614.9", "flowmeterzero": "0.990908", "flowbzero": "0.22736", "co2bspanconc2": "0", "co2bspan1": "0.992131", "h2oaspanconc1": "12.19", "co2aspan2a": "0.164928", "co2aspanconc1": "1002", "h2oazero": "1.00263", "h2obspanconc1": "20", "flowazero": "0.42932", "h2obspanconc2": "0", "h2obspan2b": "0.0963575", "oxygen": "21"}
Chamber type	6800-01A
Chamber s/n	MPF-551037
Chamber rev	0
Chamber cal	0
Fluorometer	MPF-551037
Flr. Version	1.4.0
13:13:43	Stability Definition:	H2O_s (Meas): Slp<0.2	CO2_s (Meas): Slp<0.3
SysConst:AvgTime	4
SysConst:Oxygen	21
SysConst:Chamber	6800-01A 2 cm²
Const:S	2.0
Const:CustomBLC	2.0
LTConst:deltaTw	0
LTConst:fT1	1
LTConst:fT2	0
LTConst:fTeb	0
LQConst:Leaf	standard
LQConst:Ambient	Sun+Sky
LQConst:abs_ambient	0.49
LQConst:abs_redLED	0.84
LQConst:abs_greenLED	0.7
LQConst:abs_blueLED	0.87
LQConst:abs_whiteLED	0.75
LQConst:abs_redFlr	0.84
LQConst:abs_blueFlr	0.87
LQConst:k_ambient	0.39
LQConst:k_redLED	0.18
LQConst:k_greenLED	0.23
LQConst:k_blueLED	0.26
LQConst:k_whiteLED	0.21
LQConst:k_redFlr	0.19
LQConst:k_blueFlr	0.25
QConst:fQ_Amb_in	0.0
QConst:fQ_Amb_out	0.0
QConst:fQ_HeadLS	0.0
QConst:fQ_ConsoleLS	0.0
QConst:fQ_Flr	1.0
LeakConst:fan_a	-6276.0
LeakConst:fan_b	6.6
LeakConst:fan_c	1.709e-05
LeakConst:fan_d	3.11
LeakConst:Fs_meas	2.8867 76.9944 384.338 617.676 844.529 1050.88 1230.97 1394.83
LeakConst:Fs_true	0.249995 100.784 401.701 601.178 800.155 1000.64 1200.01 1400.75
LeakConst:leak_wt	0.0
[Data]
Sys	Sys	Sys	Sys	Sys	UserDefVar	GasEx	GasEx	GasEx	GasEx	GasEx	GasEx	GasEx	GasEx	GasEx	GasEx	GasEx	GasEx	GasEx	GasEx	GasEx	GasEx	GasEx	GasEx	GasEx	GasEx	GasEx	GasEx	GasEx	GasEx	GasEx	GasEx	Leak	Leak	Leak	Leak	Leak	FLR	FLR	FLR	FLR	FLR	FLR	FLR	FLR	FLR	FLR	FLR	FLR	FLR	FLR	FLR	FLR	FLR	FLR	FLR	FLR	FLR	FLR	FLR	FLR	MPF	MPF	MPF	MPF	MPF	MPF	MPF	MPF	LeafQ	LeafQ	LeafQ	LeafQ	Const	Const	Meas	Meas	Meas	Meas	Meas	Meas	Meas	Meas	Meas	Meas	Meas	Meas	Meas	Meas	FlrLS	FlrLS	FlrLS	FlrLS	FlrLS	FlrLS	FlrLS	FlrLS	FlrLS	FlrLS	FlrLS	FlrLS	FlrLS	FlrLS	FlrLS	FlrLS	FlrLS	FlrStats	FlrStats	FlrStats	FlrStats	FlrStats	Match	Match	Match	Match	Match	Match	Match	Match	Match	Stability	Stability	Stability	Stability	Stability	Stability	Stability	Stability	Stability	Stability	Stability	Auxiliary	Auxiliary	Auxiliary	Auxiliary	Auxiliary	Auxiliary	Auxiliary	Auxiliary	Auxiliary	Auxiliary	Auxiliary	Auxiliary	Auxiliary	Auxiliary	Auxiliary	Auxiliary	Auxiliary	Auxiliary	Auxiliary	Status	Status	Status	Status	Status	Status	Status	Status	Status	Status	Status	Status	Status	Status	Status	Status	Status	Status	Status	Status	
obs	time	elapsed	date	hhmmss	plant	TIME	E	A	Ca	Ci	Pci	Pca	gsw	gbw	gtw	gtc	Rabs	TleafEB	TleafCnd	SVPleaf	RHcham	VPcham	SVPcham	VPDleaf	LatHFlux	SenHFlux	NetTherm	EBSum	blfa_1	blfa_2	blfa_3	Leak	LeakPct	CorrFact	CorrFactPct	Fan	DarkAdaptedID	Fo	Fm	Fv	Fv/Fm	Adark	LightAdaptedID	Fs	Fm'	PhiPS2	PS2/1	Qabs_fs	Afs	ETR	Fv'/Fm'	PhiCO2	NPQ	DarkPulseID	Fo'	Fv'	qP	qN	qP_Fo	qN_Fo	ID	P1_dur	P2_dur	P3_dur	P1_Qmax	P1_Fmax	P2_dQdt	P3_ΔF	Qin	Qabs	alpha	convert	K	Geometry	TIME	CO2_s	CO2_r	H2O_s	H2O_r	Flow	Pa	ΔPcham	Tair	Tleaf	Tleaf2	Fan_speed	Qamb_in	Qamb_out	Q	f_red	f_blue	f_farred	F	Q_modavg	F_dc	Pc	Tled	TDigital	TPreamp	TPwrSpy	TDrive	Q_red	Q_blue	Q_farred	TSPF	F_avg	dF/dt	dF_dc/dt	F_dc_avg	period	time	hhmmss	count	co2_adj	h2o_adj	co2_at	h2o_at	co2_cv	h2o_cv	CO2_s:MN	CO2_s:SLP	CO2_s:SD	CO2_s:OK	H2O_s:MN	H2O_s:SLP	H2O_s:SD	H2O_s:OK	Stable	Total	State	ADC_CH1	ADC_CH2	ADC_CH3	ADC_CH4	ADC_CH5	ADC_CH6	ADC_CH7	ADC_CH8	DAC_1	DAC_2	DAC_3	DAC_4	GPIO	GPIO_dir	excit_5v	power_12v	power_5v	ch1_pullup	AuxPower	MatchValveR	MatchValveS	MatchCO2	MatchH2O	DIAG	Flow_s	Flow_r	Txchg	Tirga	Tchopper	Ts	Tr	CO2_%	Desiccant_%	Humidifier_%	Txchg_sp	CO2_r_sp	H2O_r_sp	SS_s	SS_r	
	s	s				s	mol m⁻² s⁻¹	µmol m⁻² s⁻¹	µmol mol⁻¹	µmol mol⁻¹	Pa	Pa	mol m⁻² s⁻¹	mol m⁻² s⁻¹	mol m⁻² s⁻¹	mol m⁻² s⁻¹	W m⁻²	°C	°C	kPa	%	kPa	kPa	kPa	W m⁻²	W m⁻²	W m⁻²	W m⁻²				µmol s⁻¹	%		%	µmol s⁻¹						µmol m⁻² s⁻¹						µmol m⁻² s⁻¹	µmol m⁻² s⁻¹	µmol m⁻² s⁻¹		µmol µmol⁻¹										ms	ms	ms	µmol m⁻² s⁻¹		mol m⁻² s⁻²		µmol m⁻² s⁻¹	µmol m⁻² s⁻¹		J/µmol			s	µmol mol⁻¹	µmol mol⁻¹	mmol mol⁻¹	mmol mol⁻¹	µmol s⁻¹	kPa	kPa	°C	°C	°C	rpm	µmol m⁻² s⁻¹	µmol m⁻² s⁻¹	µmol m⁻² s⁻¹					µmol m⁻² s⁻¹			°C	°C	°C	°C	°C	µmol m⁻² s⁻¹	µmol m⁻² s⁻¹	µmol m⁻² s⁻¹	s		min⁻¹	min⁻¹		s	secs			µmol/mol	mmol/mol	µmol/mol	mmol/mol	%	%	µmol mol⁻¹	µmol mol⁻¹ min⁻¹	µmol mol⁻¹		mmol mol⁻¹	mmol mol⁻¹ min⁻¹	mmol mol⁻¹					V	V	V	V	V	V	V	V	V	V	V	V							V	%	%	µmol/mol	mmol/mol		µmol s⁻¹	µmol s⁻¹	°C	°C	°C	°C	°C	%	%	%	°C	µmol mol⁻¹	mmol mol⁻¹	%	%	
1	1595010039.0	0	20200717 13:20:39	13:20:39		1595010031.0354836	0.01392354650652347	39.87786691588307	381.9262105765454	305.7328687490042	30.516621901200697	38.12183429937726	1.0782363982152057	3.391846064337122	0.9181014445958573	0.586208616532283	353.33711996364366	27.227670891897	27.18184838709677	3.6175652370850755	54.7554854971629	2.147532985565797	3.9220417206912885	1.4700322515192785	-614.028400937685	253.2450727078046	16.254501578024026	8.80829331178731	-0.04132141485185833	0.04638690812596995	3.4643579074926154	159.0	32.0	1	0	52350.0	0	0	0	0	0	-1	MPF-5015-20200717-13_20_40	303.02944	434.031	0.30182535348857564	0.5	1849.1798302287673	39.87786691588307	279.064677961371	0.5555616995099428	0.022105944618066677	-1.0	DARK-5016-20200717-13_20_48	192.9	241.131	0.5432796280859781	2.250031104199067	0.30182535348857564	0	5015	300	300	300	9869.02	395.683	-0.00640098	1.3063	2199.993225806452	1849.1798302287673	0.8405388746371767	0.19107774927435334	0.5	0: Broadleaf	1595010031.0354836	381.9262258064516	400.00283870967735	21.515206451612904	16.066109677419355	500.04538709677416	99.61464838709676	0.20001016129032256	28.56675161290322	27.18184838709677	999.9000000000003	10003.408387096775	0.0	321.40554838709676	2199.993225806452	0.9819979032258066	0.01800247096774193	0.0	303.21709677419346	5.00054	9697.880967741938	20590.470967741938	49.05216129032258	50.97361290322579	49.34448387096772	49.99374193548386	50.501935483870966	2155.4790322580648	39.51741935483871	0.0	475.2000000476837	303.02944	-12.398923068443032	-606.5538461733624	9689.1884	15	1595010072.5	13:21:12	71	-0.421	0.094	400.0	16.0	0.32	0.02	382.23639215686273	0.11388306150921937	0.02224117223544458	1	21.50682549019608	0.18147498511426763	0.0265381474827942	1	2	2	2/2	1.86669	1.86317	1.86881	1.86676	1.87148	1.86389	1.86539	1.86535	5	0	0	0	11111111	oooooooo	off	off	off	off	0.0	100.0	100.0	-0.421	0.094	2	321.901	455.191	22.7323	37.4714	30.002	37.3819	37.3725	21.9991	56.2388	0	22.5655	400	16.0884	100.117	100.429	
2	1595010174.5	135.5	20200717 13:22:54	13:22:54		1595010166.5645158	0.013842245546212245	31.375599618790357	285.8579880392501	226.16301186502005	22.574633205019232	28.53313269705767	1.0757623317091236	3.38854048571259	0.9161726233565832	0.5849631251986465	353.33669593835856	26.745028564515284	26.942783870967745	3.5671497502491945	55.171062319738176	2.1018819848787293	3.8097544192596655	1.465267765370465	-610.44302858796	205.43056330151836	13.149838000388504	-38.52593134769461	-0.0412702390552661	0.046329458811049155	3.460962524311556	160.0	32.0	1	0	52512.0	0	0	0	0	0	-1	MPF-5017-20200717-13_22_56	274.39268	387.577	0.292030538447844	0.5	1849.1820384188086	31.375599618790357	270.0088131837632	0.5157607391563482	0.017508065158622223	-1.0	DARK-5018-20200717-13_23_03	187.68	199.897	0.566213199797896	2.06509484228474	0.29203053844784393	0	5017	300	300	300	9865.68	351.109	-0.00639842	1.04529	2199.9964516129035	1849.1820384188086	0.8405386458978609	0.19107729179572192	0.5	0: Broadleaf	1595010166.5645158	285.858	299.9897419354839	21.05761612903225	15.637796774193548	500.0447419354839	99.61573548387096	0.20002580645161291	28.067303225806455	26.942783870967745	999.9000000000003	9990.910322580647	0.0	317.89703225806454	2199.9964516129035	0.9820029032258067	0.017997251612903224	0.0	274.40245161290323	5.00054	9041.555161290324	20590.512903225805	49.79403225806451	51.95548387096774	50.146935483870955	50.83848387096773	51.18325806451612	2155.4958064516127	39.50064516129032	0.0	134.60000014305115	274.39268	-3.6962307773488323	-108.36461534253631	9040.464399999999	15	1595010208.1	13:23:28	72	-0.464	0.089	300.0	16.0	0.14	0.01	285.8953529411765	0.059955463320511285	0.01840910210654188	1	21.0795568627451	-0.1878322794722461	0.023703431164731278	1	2	2	2/2	1.86676	1.86324	1.8689	1.86678	1.87149	1.86398	1.86545	1.86539	5	0	0	0	11111111	oooooooo	off	off	off	off	0.0	100.0	100.0	-0.464	0.089	2	321.868	453.601	22.8822	37.7023	30.0005	37.6025	37.5917	17.4878	56.6195	0	22.9137	300	15.6864	100.079	100.387	
3	1595010299.6	260.59999990463257	20200717 13:24:59	13:24:59		1595010291.5999994	0.01321497947730168	20.37642211568011	190.82489546716823	150.4621584348055	15.017515060565042	19.04608953785977	1.0247099017508687	3.3921530603433925	0.878947751733917	0.5607021348459583	353.33965772081905	26.830913631765423	26.95062258064516	3.568793050846004	55.59276144509096	2.110857761379133	3.79700109602224	1.4579352894668713	-582.7805949490041	193.69409015180034	12.38229209251779	-23.364554983866952	-0.04132616879642832	0.046392244845218186	3.4646732458386698	161.0	32.0	1	0	52499.0	0	0	0	0	0	-1	MPF-5019-20200717-13_25_01	264.62591999999995	348.935	0.2416182956711137	0.5	1849.1921418183108	20.37642211568011	223.39932683727832	0.4538810953329417	0.011559870730718482	-1.0	DARK-5020-20200717-13_25_08	190.56	158.375	0.5323383109707975	1.8311030646515534	0.24161829567111368	0	5019	300	300	300	9863.43	325.546	-0.00639651	2.13498	2200.0077419354834	1849.1921418183108	0.8405389247364473	0.19107784947289475	0.5	0: Broadleaf	1595010291.5999994	190.82490322580645	199.98341935483876	21.148919354838718	15.975145161290321	500.04103225806455	99.60927419354837	0.19997496774193546	28.009767741935487	26.95062258064516	999.9000000000003	10005.099032258064	0.0	88.09947096774196	2200.0077419354834	0.9819933870967741	0.018006193548387093	0.0	264.6658387096774	5.00054	7037.143225806452	20590.561290322577	50.354677419354836	52.618806451612905	50.761935483870964	51.473580645161285	51.75793548387096	2155.4861290322583	39.52129032258064	0.0	124.30000019073486	264.62591999999995	-2.6081538403518985	-400.7169222457351	7035.040399999999	15	1595010332.6	13:25:32	73	-0.371	0.091	200.0	16.0	0.37	0.02	190.71660784313727	0.1476271493213729	0.020762974617232526	1	21.14592156862745	0.016388416289592856	0.006395351060455303	1	2	2	2/2	1.86676	1.86325	1.8689	1.86679	1.8715	1.86398	1.86544	1.86539	5	0	0	0	11111111	oooooooo	off	off	off	off	0.0	100.0	100.0	-0.371	0.091	2	320.789	452.886	22.6746	37.9098	29.9966	37.8201	37.8076	12.8084	57.2195	0	22.7688	200	15.7277	100.041	100.343	
4	1595010424.1	385.09999990463257	20200717 13:27:04	13:27:04		1595010416.0999994	0.012817107717897808	7.451259974223359	96.50927457422809	80.13595183110388	7.997980333576829	9.632122192536887	0.9494421733390276	3.38961907731285	0.8228186380960085	0.5242247133479739	353.3366493784777	27.14403778268603	27.186041935483875	3.6184551217366403	54.80919162226514	2.1083865965969664	3.846775575760319	1.510068525139674	-565.2344503592933	191.39069466851763	12.272266999967018	-8.234839312330934	-0.041286934957257736	0.046348201423676114	3.462070414294529	160.0	32.0	1	0	52400.0	0	0	0	0	0	-1	MPF-5021-20200717-13_27_05	263.69024	329.38	0.19943457404821174	0.5	1849.1766572519764	7.451259974223359	184.39487948947198	0.3914020280527051	0.004570282639616814	-1.0	DARK-5022-20200717-13_27_13	200.46	128.92	0.5095389388768227	1.643120822109149	0.19943457404821172	0	5021	300	300	300	9861.5	310.972	-0.00639503	1.36557	2199.9893548387095	1849.1766572519764	0.8405389113292084	0.1910778226584171	0.5	0: Broadleaf	1595010416.0999994	96.50927741935482	99.98426129032258	21.12502903225806	16.10693548387097	500.04432258064514	99.60516451612904	0.19998100000000002	28.233374193548386	27.186041935483875	999.9000000000003	9996.012903225806	0.0	312.80412903225806	2199.9893548387095	0.9819975161290324	0.018002738709677415	0.0	263.6922258064517	5.00054	8781.973225806452	20590.41612903226	50.80412903225805	52.97967741935484	51.158999999999985	51.87887096774193	52.0844193548387	2155.4703225806447	39.519999999999996	0.0	123.59999990463257	263.69024	-1.6897692574466212	-113.84846169080541	8780.720800000001	15	1595010453.6	13:27:33	74	-0.37	0.099	100.0	16.0	0.46	0.02	96.508931372549	0.03686226244339057	0.015434078542920348	1	21.118386274509806	-0.009584796380089642	0.006961941908715596	1	2	2	2/2	1.86666	1.86316	1.86876	1.86676	1.87142	1.86386	1.86539	1.86529	5	0	0	0	11111111	oooooooo	off	off	off	off	0.0	100.0	100.0	-0.37	0.099	2	320.983	453.46	22.1778	37.9644	30.0005	37.9225	37.917	7.94971	56.2188	0	21.4334	100	16.2088	100.027	100.33	
5	1595010545.1	506.09999990463257	20200717 13:29:05	13:29:05		1595010537.0999994	0.012904189479984946	0.9908554087200124	49.38402865532026	46.37139835608561	4.628090799769377	4.928765937144539	0.9694111481632782	3.390976381230876	0.8378433023584743	0.5339780643096875	353.3375302515288	26.752565373262858	26.984541935483872	3.5759114954312485	55.31764451394654	2.0823227494036356	3.7643011876231385	1.493588746027613	-569.0747560673361	160.31518354974497	10.24617073876013	-45.175871527302206	-0.04130794854670202	0.04637179101871887	3.4634645933802464	161.0	32.0	1	0	52568.0	0	0	0	0	0	-1	MPF-5023-20200717-13_29_06	264.16896	320.431	0.1755823874718737	0.5	1849.183944870353	0.9908554087200124	162.34206595749714	0.36017426528644225	0.0010766129644607055	-1.0	DARK-5024-20200717-13_29_14	205.02	115.41099999999997	0.487492873296306	1.562925568237245	0.17558238747187369	0	5023	300	300	300	9859.45	304.057	-0.00639345	1.07687	2199.9983870967744	1849.183944870353	0.8405387729900232	0.1910775459800466	0.5	0: Broadleaf	1595010537.0999994	49.38402903225806	50.035212903225805	20.863941935483872	15.810445161290321	500.04809677419354	99.60485806451612	0.19999932258064515	27.861470967741937	26.984541935483872	999.9000000000003	10001.13129032258	0.0	160.88825806451612	2199.9983870967744	0.9820008387096775	0.01799941935483871	0.0	264.2245483870968	5.00054	7438.799999999999	20590.519354838714	51.2800322580645	53.51199999999999	51.66099999999999	52.37074193548386	52.51999999999998	2155.488387096774	39.51	0.0	120.10000014305115	264.16896	-0.826615382647553	-3253.7415380935327	7399.3196	15	1595010576.6	13:29:36	75	-0.415	0.093	50.0	16.0	0.47	0.02	49.41724313725491	0.09176904977375813	0.018019665237058967	1	20.876541176470585	-0.10174045248868355	0.017434270695797567	1	2	2	2/2	1.86669	1.86313	1.86881	1.86676	1.87145	1.86387	1.86539	1.86535	5	0	0	0	11111111	oooooooo	off	off	off	off	0.0	100.0	100.0	-0.415	0.093	2	320.193	451.736	21.992	38.2029	30.001	38.1139	38.1057	5.48828	57.2111	0	22.0718	50	15.7462	99.9853	100.283	
6	1595010698.1	659.0999999046326	20200717 13:31:38	13:31:38		1595010690.0999994	0.012075796946782333	37.830707367165935	383.0311791488075	300.14431081852285	29.95644166155229	38.22911432648991	0.9125170094303726	3.3936843011886046	0.7950229877108127	0.5061797177318195	353.34292562585415	27.275717742096834	26.986290322580647	3.576278754249587	54.79945499789839	2.103424338416812	3.8384037551057397	1.4728544158327752	-532.5426453531009	221.31823172472863	14.157518615536222	56.27603061301815	-0.0413498835150383	0.04641886669438134	3.466246101859995	160.0	32.0	1	0	52486.0	0	0	0	0	0	-1	MPF-5025-20200717-13_31_39	256.55188000000004	353.086	0.2734011543929806	0.5	1849.2101997090078	37.830707367165935	252.7881016578585	0.4976294727063662	0.020998536225506622	-1.0	DARK-5026-20200717-13_31_47	177.38	175.70600000000002	0.5494070777321205	1.9905626338933364	0.2734011543929807	0	5025	300	300	300	9860.78	323.541	-0.00639434	1.11075	2200.0293548387103	1849.2101997090078	0.8405388753754052	0.1910777507508104	0.5	0: Broadleaf	1595010690.0999994	383.0311935483871	400.0118064516129	21.074961290322587	16.346951612903226	500.0539677419354	99.60683548387095	0.19995938709677416	28.195941935483877	26.986290322580647	999.9000000000003	10011.08548387097	0.0	180.49301612903224	2200.0293548387103	0.9819976774193551	0.01800260322580645	0.0	256.51693548387095	5.00054	7836.28935483871	20590.78709677419	51.02399999999999	53.14296774193548	51.46951612903225	51.919129032258056	52.36470967741935	2155.5112903225804	39.51806451612903	0.0	152.20000004768372	256.55188000000004	0.48446153426746	6761.701538310784	7890.979200000001	15	1595010731.6	13:32:11	76	-0.42	0.1	400.0	16.0	0.13	0.02	383.06560784313723	-0.3637140271493171	0.04636009035475433	0	21.03195098039216	0.40250389140271237	0.05009902105633913	0	0	2	0/2	1.86676	1.86325	1.8689	1.86682	1.87149	1.86399	1.86552	1.8654	5	0	0	0	11111111	oooooooo	off	off	off	off	0.0	100.0	100.0	-0.42	0.1	2	321.427	453.983	23.2025	38.1046	29.9971	38.1376	38.1267	21.9699	55.6037	0	23.2326	400	16.435	100.003	100.317	
7	1595010823.1	784.0999999046326	20200717 13:33:43	13:33:43		1595010815.0999994	0.011616749639886017	39.3750569570215	382.4905011357186	292.04382075078644	29.148198581214157	38.17546645524094	0.8571049353682811	3.3918407891702644	0.7525268487298594	0.478657756627481	353.3343897468187	27.17359330274053	27.104451612903237	3.601175650174116	55.48747935540177	2.104485515026464	3.792721420173126	1.4966901351476518	-512.2986591189733	162.00946680897354	10.364686537810927	13.409883974629878	-0.04132133316568093	0.04638681642607971	3.464352488980829	159.0	32.0	1	0	52502.0	0	0	0	0	0	-1	MPF-5027-20200717-13_33_44	257.19384	364.706	0.2947913113576415	0.5	1849.167415838092	39.3750569570215	272.55924371736614	0.5088646745597825	0.02183418148687335	-1.0	DARK-5028-20200717-13_33_52	179.12	185.586	0.5793118015367538	2.036098704778919	0.2947913113576415	0	5027	300	300	300	9859.67	331.326	-0.00639367	1.0658	2199.9787096774194	1849.167415838092	0.840538777809006	0.1910775556180121	0.5	0: Broadleaf	1595010815.0999994	382.4905161290323	400.0163548387097	21.085419354838706	16.537087096774197	500.042870967742	99.60763548387098	0.19998416129032257	27.990422580645166	27.104451612903237	999.9000000000003	10004.092903225808	0.0	313.18974193548394	2199.9787096774194	0.9819998709677418	0.01800043548387097	0.0	257.16709677419357	5.00054	8724.96064516129	20590.332258064514	51.185129032258054	53.27393548387096	51.58438709677418	52.10264516129032	52.42719354838709	2155.468709677419	39.51	0.0	124.40000009536743	257.19384	-0.0009999862900096064	-37.943076900687174	8724.492800000002	15	1595010855.1	13:34:15	77	-0.438	0.103	400.0	17.0	0.26	0.02	382.5174705882353	-0.1173502262443649	0.021943200243102968	1	21.09290588235294	-0.12170389140271465	0.015039013471043904	1	2	2	2/2	1.86662	1.86317	1.86881	1.86676	1.87143	1.86387	1.86539	1.86533	5	0	0	0	11111111	oooooooo	off	off	off	off	0.0	100.0	100.0	-0.438	0.103	2	322.418	455.232	21.6891	37.9049	29.9999	38.0126	38.0232	21.9618	55.5543	0	20.6674	400	16.4006	100.033	100.353	
8	1595010962.6	923.5999999046326	20200717 13:36:02	13:36:02		1595010954.5999994	0.011261435412600529	44.97471631761887	479.86101508877016	370.4912977550151	36.973704726856596	47.888410846167304	0.8100526293634667	3.3900772557978365	0.7159265297389767	0.45499623986669435	353.3315066605277	26.813584978631074	26.94725483870968	3.5680869592675175	55.252710250913005	2.0424280352461928	3.696520995931495	1.5256589240213247	-496.6293016956833	110.246715981757	7.035773003183578	-26.01530605021503	-0.04129402798868286	0.04635616397283449	3.462541039806899	160.0	32.0	1	0	52397.0	0	0	0	0	0	-1	MPF-5029-20200717-13_36_04	260.69840000000005	370.124	0.2956457835752342	0.5	1849.152241644541	44.97471631761887	273.34703171545056	0.5178372653489101	0.024862591236258256	-1.0	DARK-5030-20200717-13_36_11	178.46	191.66400000000002	0.5709241172051087	2.073988568866973	0.29564578357523413	0	5029	300	300	300	9858.49	339.601	-0.00639264	2.3443	2199.96064516129	1849.152241644541	0.840538782233066	0.19107756446613222	0.5	0: Broadleaf	1595010954.5999994	479.86103225806454	500.01083870967733	20.465945161290318	16.05392258064516	500.0409354838709	99.59641612903228	0.20000270967741937	27.550467741935478	26.94725483870968	999.9000000000003	9998.608387096776	0.0	303.1701935483871	2199.96064516129	0.9820012903225809	0.01799894516129032	0.0	260.72590322580646	5.00054	8748.637741935485	20590.16129032258	51.60067741935483	53.85867741935483	52.029999999999994	52.58841935483869	52.782032258064504	2155.450645161291	39.51	0.0	139.20000004768372	260.69840000000005	-1.6110000014306065	-51.89692307709981	8747.837200000002	15	1595010989.1	13:36:29	78	-0.445	0.095	500.0	16.0	0.12	0.02	479.83927450980394	0.27335022624474886	0.03761522346768726	1	20.486756862745096	-0.13615819004523413	0.016775124614854826	1	2	2	2/2	1.86662	1.86314	1.86881	1.86676	1.87147	1.86388	1.86539	1.86534	5	0	0	0	11111111	oooooooo	off	off	off	off	0.0	100.0	100.0	-0.445	0.095	2	321.92	453.729	21.5345	38.0591	30.0007	38.085	38.0917	26.2689	56.3514	0	21.8135	500	16.0702	100.009	100.321	
9	1595011104.1	1065.0999999046326	20200717 13:38:24	13:38:24		1595011096.0999994	0.010656063528600176	47.62545921683302	578.522885128761	450.9399852313818	44.9980821772737	57.72923488499244	0.7341463580150324	3.3898707146272167	0.6559208488179497	0.4162820419742658	353.3353907286416	27.04497554022354	27.166638709677414	3.614339296497947	54.86062785729568	2.039121865896634	3.716913104240858	1.5752174306013127	-469.9324016112678	87.34142354983416	5.583064850827117	-23.672522481964933	-0.04129083048474936	0.046352574494552407	3.4623288875771094	160.0	32.0	1	0	52640.0	0	0	0	0	0	-1	MPF-5031-20200717-13_38_25	258.51268	370.038	0.3013888303363439	0.5	1849.1752545478428	47.62545921683302	278.66038352754265	0.5176171095941497	0.026295754876258518	-1.0	DARK-5032-20200717-13_38_33	178.5	191.538	0.5822621098685379	2.0730420168067227	0.3013888303363439	0	5031	300	300	300	9857.21	336.893	-0.00639162	1.37125	2199.9883870967747	1849.1752545478428	0.8405386434735302	0.1910772869470604	0.5	0: Broadleaf	1595011096.0999994	578.5229032258065	600.0371612903225	20.434683870967742	16.25971612903226	500.04267741935485	99.58731612903225	0.19998074193548385	27.644554838709677	27.166638709677414	999.9000000000003	9998.747741935485	0.0	298.9871612903226	2199.9883870967747	0.9820040000000001	0.017996099999999998	0.0	258.54661290322576	5.00054	8698.285483870966	20590.454838709684	51.933129032258044	54.31606451612901	52.42906451612902	53.041935483870944	53.0884193548387	2155.4880645161293	39.50032258064516	0.0	141.09999990463257	258.51268	-0.9866923193101924	0.49153846890572794	8698.3068	15	1595011135.1	13:38:55	79	-0.35	0.098	600.0	16.0	0.11	0.03	578.399431372549	0.2582986425339328	0.04904909701231698	1	20.426664705882352	0.05541719457013438	0.006951592384353471	1	2	2	2/2	1.86663	1.86312	1.86876	1.86676	1.87145	1.86386	1.86539	1.86534	5	0	0	0	11111111	oooooooo	off	off	off	off	0.0	100.0	100.0	-0.35	0.098	2	321.28	453.099	21.6355	38.2338	30.0007	38.2178	38.2171	30.4433	56.0545	0	20.2864	600	16.2539	99.9763	100.284	
10	1595011244.6	1205.5999999046326	20200717 13:40:44	13:40:44		1595011236.5999994	0.01040751403596119	49.07112493151324	677.5485297335068	538.1503872685995	53.69947287547927	67.60935187450767	0.6976266088465201	3.390659852346621	0.6266026953827839	0.397403621906657	353.34008392221483	27.177159935615933	27.325051612903227	3.6480617760050853	54.58607170913705	2.0379058654505355	3.7333806988521845	1.6101559105545498	-458.9713689858885	72.2332194050206	4.621635405710712	-28.776430252942333	-0.041303047751847975	0.046366289447161986	3.4631394644596893	161.0	32.0	1	0	52603.0	0	0	0	0	0	-1	MPF-5033-20200717-13_40_46	256.51311999999996	362.359	0.29210225218636776	0.5	1849.1948041516755	49.07112493151324	270.07698351201685	0.5140178662597038	0.027077258068807706	-1.0	DARK-5034-20200717-13_40_53	176.1	186.259	0.5682725666947639	2.057688813174333	0.29210225218636776	0	5033	300	300	300	9855.55	332.237	-0.00639036	2.07016	2200.0109677419355	1849.1948041516755	0.8405389024263213	0.19107780485264278	0.5	0: Broadleaf	1595011236.5999994	677.5485483870968	699.9953225806453	20.42291612903226	16.345351612903226	500.0515483870967	99.58525806451611	0.19999554838709674	27.7202064516129	27.325051612903227	999.9000000000003	10001.912903225808	0.0	304.5279999999999	2200.0109677419355	0.9819943225806449	0.01800544838709677	0.0	256.5314516129032	5.00054	8700.780322580647	20590.587096774198	52.336387096774175	54.78799999999998	52.84248387096773	53.578451612903216	53.475548387096765	2155.4890322580645	39.519677419354835	0.0	140.09999990463257	256.51311999999996	-1.8649230733670463	-15.682307704898706	8700.3968	15	1595011272.1	13:41:12	80	-0.317	0.101	700.0	17.0	0.15	0.02	677.4879215686274	0.2678443438918041	0.042972788077880665	1	20.417339215686276	0.027696651583700736	0.0035749168881808067	1	2	2	2/2	1.86664	1.86312	1.86876	1.86676	1.87143	1.86386	1.86539	1.86535	5	0	0	0	11111111	oooooooo	off	off	off	off	0.0	100.0	100.0	-0.317	0.101	2	320.009	452.243	21.875	38.4857	30.001	38.4112	38.4043	34.4954	55.6101	0	18.211	700	16.5176	99.9321	100.233	
11	1595011393.6	1354.5999999046326	20200717 13:43:13	13:43:13		1595011385.5999994	0.009399320713238544	49.15619171524285	777.4147232273332	622.8938299696326	62.15585678306214	77.57482234222445	0.6276052527030594	3.391509141201617	0.5695016536875265	0.3607095787155623	353.34037995701135	27.235787066111286	27.272829032258063	3.636914570329079	55.10199860053419	2.036826970560662	3.6964665933930685	1.600087599768417	-414.5100434538198	50.718300258553455	3.24065469908427	-7.210708539170724	-0.04131619769816377	0.04638105141390003	3.464011829166472	162.0	32.0	1	0	52524.0	0	0	0	0	0	-1	MPF-5035-20200717-13_43_15	255.05284000000003	356.087	0.2837344806185004	0.5	1849.200562042049	49.15619171524285	262.3409805152199	0.5090525629972451	0.027123175681850322	-1.0	DARK-5036-20200717-13_43_23	174.82	181.267	0.5573775701037693	2.036877931586775	0.28373448061850043	0	5035	300	300	300	9856.03	327.232	-0.00639059	1.94922	2200.0183870967744	1849.200562042049	0.8405386849890479	0.19107736997809585	0.5	0: Broadleaf	1595011385.5999994	777.4147419354839	799.9980645161291	20.412025806451613	16.729370967741932	500.0447741935484	99.5856580645161	0.1999776129032258	27.550216129032258	27.272829032258063	999.9000000000003	10005.057096774193	0.0	51.425077419354835	2200.0183870967744	0.9820034838709676	0.017996448387096773	0.0	255.08125806451613	5.00054	6615.16193548387	20590.719354838704	52.32025806451612	54.75387096774193	52.886870967741935	53.43125806451613	53.52599999999999	2155.512580645162	39.50387096774193	0.0	148.40000009536743	255.05284000000003	-0.2443076936509417	26.291538422005875	6615.4264	15	1595011421.6	13:43:41	81	-0.367	0.102	800.0	17.0	0.13	0.03	777.4070588235295	0.7472253393663199	0.09551458399363344	0	20.432658823529408	-0.2649252488688554	0.03254156423003485	0	0	2	0/2	1.86664	1.86316	1.86878	1.86676	1.87147	1.86386	1.86539	1.86531	5	0	0	0	11111111	oooooooo	off	off	off	off	0.0	100.0	100.0	-0.367	0.102	2	319.492	451.754	21.6086	38.6761	29.9998	38.6019	38.5844	38.4427	55.3519	0	18.2251	800	16.7888	99.8981	100.196	
12	1595011513.6	1474.5999999046326	20200717 13:45:13	13:45:13		1595011505.6516123	0.008441239078169759	49.45955853845166	976.9875618797828	802.020744964822	80.02786425889887	97.48654068564922	0.5617904621674069	3.388597415700606	0.5147087028497798	0.3255935997635628	353.3379268725663	26.8701361524172	26.94148064516129	3.5668766071200415	55.31078680895746	1.9758864943786352	3.5723348163592656	1.5909901127414063	-372.25864334728635	4.754552139824417	0.30266831909775754	-13.863496015797901	-0.04127112023494113	0.046330448012429956	3.4610210006155104	159.0	32.0	1	0	52743.0	0	0	0	0	0	-1	MPF-5037-20200717-13_45_15	255.80739999999997	350.642	0.2704598992704811	0.5	1849.1858609993799	49.45955853845166	250.06531084914505	0.501542884195276	0.027287445574119377	-1.0	DARK-5038-20200717-13_45_23	174.78	175.862	0.5392557801003061	2.0061906396612885	0.2704598992704811	0	5037	300	300	300	9860	322.625	-0.00639338	1.11029	2200.00064516129	1849.1858609993799	0.8405387812346798	0.19107756246936003	0.5	0: Broadleaf	1595011505.6516123	976.9875806451613	1000.0677741935483	19.801877419354838	16.492590322580647	500.05251612903226	99.58277096774194	0.20001490322580648	26.967506451612902	26.94148064516129	999.9000000000003	9994.430967741935	0.0	287.2199677419355	2200.00064516129	0.9819983225806452	0.018002061290322575	0.0	255.82338709677416	5.00054	8478.647096774193	20590.519354838707	51.648967741935465	53.860677419354836	52.20129032258064	52.51793548387096	52.88080645161289	2155.49	39.51064516129032	0.0	119.70000004768372	255.80739999999997	-2.352076910183763	-182.4792307890308	8475.4344	15	1595011541.6	13:45:41	82	-0.094	0.099	1000	16.0	0.12	0.03	976.689450980392	0.2862303053816342	0.04533505492354855	1	19.80263529411765	0.024495249520440947	0.01207809268687384	1	2	2	2/2	1.86674	1.8632	1.8689	1.86677	1.8715	1.86393	1.86541	1.86538	5	0	0	0	11111111	oooooooo	off	off	off	off	0.0	100.0	100.0	-0.094	0.099	2	322.011	453.177	21.7527	38.4091	29.9985	38.4556	38.4459	46.0558	56.0203	0	21.7532	1000	16.3791	99.9581	100.28	
13	1595011651.7	1612.7000000476837	20200717 13:47:31	13:47:31		1595011643.6483865	0.008065621060261832	49.17799759700679	1176.5130458391588	984.9629464267508	98.28317582698186	117.39673960978514	0.5185805190307587	3.3905947911439482	0.4782057979591143	0.3022437519836217	353.3355538752121	27.15791037584283	27.213083870967743	3.624198098607799	55.00706903199365	1.9885386660062274	3.6150602113514494	1.6356594326015717	-355.6938887575468	-7.86838629579535	-0.5017835637816449	-10.72850474191171	-0.04130204043928622	0.046365158650565994	3.463072635599961	159.0	32.0	1	0	52652.0	0	0	0	0	0	-1	MPF-5039-20200717-13_47_33	254.01868000000002	341.711	0.25662714984299595	0.5	1849.172176606913	49.17799759700679	237.2738926258006	0.4966506784973267	0.027135384271831035	-1.0	DARK-5040-20200717-13_47_41	172	169.711	0.5167155929786519	1.9866918604651163	0.25662714984299595	0	5039	300	300	300	9860.51	316.982	-0.00639394	1.76141	2199.984193548387	1849.172176606913	0.8405388466106912	0.19107769322138263	0.5	0: Broadleaf	1595011643.6483865	1176.5130645161291	1199.977741935484	19.92850645161291	16.766854838709676	500.04783870967736	99.58363870967743	0.19998887096774193	27.170038709677424	27.213083870967743	999.9000000000003	10001.831612903226	0.0	286.35838709677415	2199.984193548387	0.981997806451613	0.018002535483870964	0.0	254.05983870967745	5.00054	8375.223225806452	20590.37096774194	51.471612903225804	53.566064516129	51.949258064516115	52.34248387096773	52.658999999999985	2155.4700000000003	39.515161290322574	0.0	137.59999990463257	254.01868000000002	-2.233923076746057	-57.08615392845636	8374.2968	15	1595011685.6	13:48:05	83	-0.039	0.109	1200.0	17.0	0.27	0.02	1176.4547058823528	0.05239515992894002	0.052742546771164245	1	19.937956862745096	-0.18443305233504254	0.029981296489265216	1	2	2	2/2	1.86664	1.86312	1.86881	1.86676	1.87142	1.86386	1.86539	1.86529	5	0	0	0	11111111	oooooooo	off	off	off	off	0.0	100.0	100.0	-0.039	0.109	2	322.789	455.345	21.1357	38.1283	29.9997	38.2504	38.2642	53.3574	55.1498	0	17.9861	1200	16.8212	100.008	100.336	
14	1595011791.7	1752.7000000476837	20200717 13:49:51	13:49:51		1595011783.6999993	0.00796404644390348	48.80878995927418	1575.4859169459562	1371.0238440796452	136.8076351564311	157.2098862104959	0.507301147875971	3.390767972551758	0.46859526963115733	0.2961031324913315	353.34370361952165	27.11257273839633	27.239948387096774	3.6299112723369937	55.03821375200088	1.9816937072498846	3.6005778025051574	1.6482175650871091	-351.2144481761435	-25.286383868992086	-1.6121488957992607	-24.769277321413167	-0.04130472174633045	0.046368168652618544	3.463250522231843	158.0	32.0	1	0	52646.0	0	0	0	0	0	-1	MPF-5041-20200717-13_49_53	253.92904	335.499	0.24313026268334637	0.5	1849.213780354155	48.80878995927418	224.79991608758485	0.4910267988876271	0.026935117231137534	-1.0	DARK-5042-20200717-13_50_00	170.76	164.73900000000003	0.49514662587486885	1.9647399859451864	0.2431302626833464	0	5041	300	300	300	9861.02	312.496	-0.00639437	1.74448	2200.033548387097	1849.213780354155	0.8405389007407922	0.1910778014815845	0.5	0: Broadleaf	1595011783.6999993	1575.4859354838713	1600.0261290322578	19.85963225806451	16.737561290322578	500.04522580645164	99.58500645161291	0.2000087741935484	27.101622580645163	27.239948387096774	999.9000000000003	10002.343548387096	0.0	283.2701612903225	2200.033548387097	0.9819965483870969	0.01800341612903225	0.0	253.94554838709675	5.00054	8363.619032258064	20590.819354838703	51.35670967741935	53.53999999999998	51.87487096774193	52.28193548387095	52.566064516129	2155.5135483870968	39.519999999999996	0.0	139.5	253.92904	-1.0153076865328339	-37.259999920528706	8362.9336	15	1595011819.7	13:50:19	84	-0.235	0.104	1600.0	17.0	0.13	0.02	1575.6601960784317	0.26030769230788237	0.04603878143899948	1	19.87060980392157	-0.06266606334841507	0.007952389082434003	1	2	2	2/2	1.86661	1.86313	1.86878	1.86676	1.8714	1.86386	1.86539	1.86527	5	0	0	0	11111111	oooooooo	off	off	off	off	0.0	100.0	100.0	-0.235	0.104	2	323.309	455.317	21.1548	38.0608	29.9999	38.1525	38.1654	67.1298	55.6708	0	17.777	1600	16.7718	100.021	100.355	
