[Header]
File opened	2020-07-17 11:12:48
Console s/n	68C-571038
Console ver	Bluestem v.1.3.4
Scripts ver	2018.05  1.3.4, Mar 2018
Head s/n	68H-581038
Head ver	1.4.0
Head cal	{"h2oaspanconc2": "0", "co2bspan2a": "0.163389", "ssb_ref": "36526.8", "co2aspanconc2": "0", "co2bzero": "0.880288", "chamberpressurezero": "2.59209", "co2aspan1": "0.992625", "co2aspan2b": "0.163711", "tbzero": "0.197721", "h2oaspan1": "1.00223", "h2oaspan2a": "0.0661155", "h2obspan2a": "0.0975941", "tazero": "0.00774765", "h2obspan1": "0.998578", "h2obspan2": "0", "co2bspanconc1": "1002", "h2oaspan2b": "0.0662632", "co2bspan2": "0", "co2bspan2b": "0.162103", "co2aspan2": "0", "co2azero": "0.869071", "h2oaspan2": "0", "h2obzero": "1.01783", "ssa_ref": "36614.9", "flowmeterzero": "0.990908", "flowbzero": "0.22736", "co2bspanconc2": "0", "co2bspan1": "0.992131", "h2oaspanconc1": "12.19", "co2aspan2a": "0.164928", "co2aspanconc1": "1002", "h2oazero": "1.00263", "h2obspanconc1": "20", "flowazero": "0.42932", "h2obspanconc2": "0", "h2obspan2b": "0.0963575", "oxygen": "21"}
Chamber type	6800-01A
Chamber s/n	MPF-551037
Chamber rev	0
Chamber cal	0
Fluorometer	MPF-551037
Flr. Version	1.4.0
11:12:48	Stability Definition:	H2O_s (Meas): Slp<0.2	CO2_s (Meas): Slp<0.3
SysConst:AvgTime	4
SysConst:Oxygen	21
SysConst:Chamber	6800-01A 2 cm²
Const:S	2.0
Const:CustomBLC	2.0
LTConst:deltaTw	0
LTConst:fT1	1
LTConst:fT2	0
LTConst:fTeb	0
LQConst:Leaf	standard
LQConst:Ambient	Sun+Sky
LQConst:abs_ambient	0.49
LQConst:abs_redLED	0.84
LQConst:abs_greenLED	0.7
LQConst:abs_blueLED	0.87
LQConst:abs_whiteLED	0.75
LQConst:abs_redFlr	0.84
LQConst:abs_blueFlr	0.87
LQConst:k_ambient	0.39
LQConst:k_redLED	0.18
LQConst:k_greenLED	0.23
LQConst:k_blueLED	0.26
LQConst:k_whiteLED	0.21
LQConst:k_redFlr	0.19
LQConst:k_blueFlr	0.25
QConst:fQ_Amb_in	0.0
QConst:fQ_Amb_out	0.0
QConst:fQ_HeadLS	0.0
QConst:fQ_ConsoleLS	0.0
QConst:fQ_Flr	1.0
LeakConst:fan_a	-6276.0
LeakConst:fan_b	6.6
LeakConst:fan_c	1.709e-05
LeakConst:fan_d	3.11
LeakConst:Fs_meas	2.8867 76.9944 384.338 617.676 844.529 1050.88 1230.97 1394.83
LeakConst:Fs_true	0.249995 100.784 401.701 601.178 800.155 1000.64 1200.01 1400.75
LeakConst:leak_wt	0.0
[Data]
Sys	Sys	Sys	Sys	Sys	UserDefVar	GasEx	GasEx	GasEx	GasEx	GasEx	GasEx	GasEx	GasEx	GasEx	GasEx	GasEx	GasEx	GasEx	GasEx	GasEx	GasEx	GasEx	GasEx	GasEx	GasEx	GasEx	GasEx	GasEx	GasEx	GasEx	GasEx	Leak	Leak	Leak	Leak	Leak	FLR	FLR	FLR	FLR	FLR	FLR	FLR	FLR	FLR	FLR	FLR	FLR	FLR	FLR	FLR	FLR	FLR	FLR	FLR	FLR	FLR	FLR	FLR	FLR	MPF	MPF	MPF	MPF	MPF	MPF	MPF	MPF	LeafQ	LeafQ	LeafQ	LeafQ	Const	Const	Meas	Meas	Meas	Meas	Meas	Meas	Meas	Meas	Meas	Meas	Meas	Meas	Meas	Meas	FlrLS	FlrLS	FlrLS	FlrLS	FlrLS	FlrLS	FlrLS	FlrLS	FlrLS	FlrLS	FlrLS	FlrLS	FlrLS	FlrLS	FlrLS	FlrLS	FlrLS	FlrStats	FlrStats	FlrStats	FlrStats	FlrStats	Match	Match	Match	Match	Match	Match	Match	Match	Match	Stability	Stability	Stability	Stability	Stability	Stability	Stability	Stability	Stability	Stability	Stability	Auxiliary	Auxiliary	Auxiliary	Auxiliary	Auxiliary	Auxiliary	Auxiliary	Auxiliary	Auxiliary	Auxiliary	Auxiliary	Auxiliary	Auxiliary	Auxiliary	Auxiliary	Auxiliary	Auxiliary	Auxiliary	Auxiliary	Status	Status	Status	Status	Status	Status	Status	Status	Status	Status	Status	Status	Status	Status	Status	Status	Status	Status	Status	Status	
obs	time	elapsed	date	hhmmss	plant	TIME	E	A	Ca	Ci	Pci	Pca	gsw	gbw	gtw	gtc	Rabs	TleafEB	TleafCnd	SVPleaf	RHcham	VPcham	SVPcham	VPDleaf	LatHFlux	SenHFlux	NetTherm	EBSum	blfa_1	blfa_2	blfa_3	Leak	LeakPct	CorrFact	CorrFactPct	Fan	DarkAdaptedID	Fo	Fm	Fv	Fv/Fm	Adark	LightAdaptedID	Fs	Fm'	PhiPS2	PS2/1	Qabs_fs	Afs	ETR	Fv'/Fm'	PhiCO2	NPQ	DarkPulseID	Fo'	Fv'	qP	qN	qP_Fo	qN_Fo	ID	P1_dur	P2_dur	P3_dur	P1_Qmax	P1_Fmax	P2_dQdt	P3_ΔF	Qin	Qabs	alpha	convert	K	Geometry	TIME	CO2_s	CO2_r	H2O_s	H2O_r	Flow	Pa	ΔPcham	Tair	Tleaf	Tleaf2	Fan_speed	Qamb_in	Qamb_out	Q	f_red	f_blue	f_farred	F	Q_modavg	F_dc	Pc	Tled	TDigital	TPreamp	TPwrSpy	TDrive	Q_red	Q_blue	Q_farred	TSPF	F_avg	dF/dt	dF_dc/dt	F_dc_avg	period	time	hhmmss	count	co2_adj	h2o_adj	co2_at	h2o_at	co2_cv	h2o_cv	CO2_s:MN	CO2_s:SLP	CO2_s:SD	CO2_s:OK	H2O_s:MN	H2O_s:SLP	H2O_s:SD	H2O_s:OK	Stable	Total	State	ADC_CH1	ADC_CH2	ADC_CH3	ADC_CH4	ADC_CH5	ADC_CH6	ADC_CH7	ADC_CH8	DAC_1	DAC_2	DAC_3	DAC_4	GPIO	GPIO_dir	excit_5v	power_12v	power_5v	ch1_pullup	AuxPower	MatchValveR	MatchValveS	MatchCO2	MatchH2O	DIAG	Flow_s	Flow_r	Txchg	Tirga	Tchopper	Ts	Tr	CO2_%	Desiccant_%	Humidifier_%	Txchg_sp	CO2_r_sp	H2O_r_sp	SS_s	SS_r	
	s	s				s	mol m⁻² s⁻¹	µmol m⁻² s⁻¹	µmol mol⁻¹	µmol mol⁻¹	Pa	Pa	mol m⁻² s⁻¹	mol m⁻² s⁻¹	mol m⁻² s⁻¹	mol m⁻² s⁻¹	W m⁻²	°C	°C	kPa	%	kPa	kPa	kPa	W m⁻²	W m⁻²	W m⁻²	W m⁻²				µmol s⁻¹	%		%	µmol s⁻¹						µmol m⁻² s⁻¹						µmol m⁻² s⁻¹	µmol m⁻² s⁻¹	µmol m⁻² s⁻¹		µmol µmol⁻¹										ms	ms	ms	µmol m⁻² s⁻¹		mol m⁻² s⁻²		µmol m⁻² s⁻¹	µmol m⁻² s⁻¹		J/µmol			s	µmol mol⁻¹	µmol mol⁻¹	mmol mol⁻¹	mmol mol⁻¹	µmol s⁻¹	kPa	kPa	°C	°C	°C	rpm	µmol m⁻² s⁻¹	µmol m⁻² s⁻¹	µmol m⁻² s⁻¹					µmol m⁻² s⁻¹			°C	°C	°C	°C	°C	µmol m⁻² s⁻¹	µmol m⁻² s⁻¹	µmol m⁻² s⁻¹	s		min⁻¹	min⁻¹		s	secs			µmol/mol	mmol/mol	µmol/mol	mmol/mol	%	%	µmol mol⁻¹	µmol mol⁻¹ min⁻¹	µmol mol⁻¹		mmol mol⁻¹	mmol mol⁻¹ min⁻¹	mmol mol⁻¹					V	V	V	V	V	V	V	V	V	V	V	V							V	%	%	µmol/mol	mmol/mol		µmol s⁻¹	µmol s⁻¹	°C	°C	°C	°C	°C	%	%	%	°C	µmol mol⁻¹	mmol mol⁻¹	%	%	
1	1595003401.4	0	20200717 11:30:01	11:30:01		1595003393.4000006	0.006932905143978715	28.55744629315206	387.4661827272333	268.2768503713423	26.808598800815957	38.71905245361284	0.4392503186910571	3.391254227271161	0.40991425721310315	0.25866868961680956	353.3380132754665	26.859583345337455	26.984848387096775	3.575975864984697	55.22919204230442	1.932455166781144	3.4989741752892627	1.6435206982035528	-305.7411168494613	-67.66158452145517	-4.297216558829641	-24.361904654279627	-0.04131225058769755	0.046376620436615834	3.4637499887487193	153.0	31.0	1	0	52835.0	0	0	0	0	0	-1	MPF-4931-20200717-11_30_03	283.80228000000005	369.29	0.2314921064745863	0.5	1849.18785489536	28.55744629315206	214.03619589847426	0.4678978580519375	0.015984014936559612	-1.0	DARK-4932-20200717-11_30_10	196.5	172.79000000000002	0.4947492331732158	1.8793384223918577	0.23149210647458626	0	4931	300	300	300	9866.38	346.507	-0.00639957	0.997925	2200.003225806451	1849.18785489536	0.8405387015819064	0.1910774031638126	0.5	0: Broadleaf	1595003393.4000006	387.46619354838697	399.96232258064515	19.338309677419357	16.619070967741933	500.05425806451615	99.72884516129032	0.20001103225806455	26.614767741935488	26.984848387096775	999.9000000000003	9989.737741935483	0.0	449.41996774193547	2200.003225806451	0.9820023225806453	0.01799786129032258	0.0	283.79087096774197	5.00054	8996.117096774195	20590.577419354835	48.179193548387076	50.04399999999999	48.57419354838707	49.03793548387095	49.572290322580635	2155.497741935484	39.504838709677415	0.0	1097.5999999046326	283.80228000000005	-1.6070769248466736	84.22692276218172	8995.9208	15	1595003427.4	11:30:27	29	-0.457	0.105	400.0	17.0	0.13	0.03	387.82790196078435	-0.20698642533934292	0.028630338291142157	1	19.323664705882358	0.14168470588234527	0.019305102683471236	1	2	2	2/2	1.86676	1.86325	1.8689	1.86681	1.87149	1.86399	1.86554	1.86542	5	0	0	0	11111111	oooooooo	off	off	off	off	0.0	100.0	100.0	-0.457	0.105	2	328.503	474.162	20.6536	35.9994	29.9999	35.9106	35.9076	22.0035	51.2214	0	20.6499	400	16.5212	100.445	100.645	
2	1595003519.4	118.0	20200717 11:31:59	11:31:59		1595003511.4000006	0.007282404622360513	21.31141958366869	290.66931449870873	206.94329091434972	20.678875707995385	29.045225868833555	0.4709080347157209	3.39356656834125	0.4373851735513119	0.2761785017686049	353.339336854679	26.654481064227703	26.868351612903226	3.551578718487591	55.66997879605932	1.9334983169393845	3.4731436202311796	1.6180804015482064	-321.1540438460986	-69.39856856220568	-4.399193933787501	-41.61246948741278	-0.0413480599849192	0.046416819622072635	3.4661251690367814	154.0	31.0	1	0	52745.0	0	0	0	0	0	-1	MPF-4933-20200717-11_32_01	274.93964	350.176	0.21485298821164212	0.5	1849.1961093865582	21.31141958366869	198.65265494552233	0.4432513935849401	0.012065469676480206	-1.0	DARK-4934-20200717-11_32_08	194.96	155.21599999999998	0.4847203896505515	1.7961427985227738	0.21485298821164212	0	4933	300	300	300	9865.79	327.966	-0.00639901	0.881714	2200.0132258064523	1849.1961093865582	0.8405386329933102	0.19107726598662042	0.5	0: Broadleaf	1595003511.4000006	290.6693225806451	300.0395483870967	19.349432258064517	16.49315483870968	500.05606451612914	99.72533548387096	0.1999900322580645	26.48902903225806	26.868351612903226	999.9000000000003	9998.74870967742	0.0	123.10851612903228	2200.0132258064523	0.9820037419354838	0.017996370967741936	0.0	274.9320967741935	5.00054	7238.101935483871	20590.674193548388	48.362741935483854	50.215451612903216	48.766	49.14493548387095	49.761999999999986	2155.5132258064523	39.5	0.0	117.29999995231628	274.93964	-0.5966153914502628	362.3230769475037	7243.7092	15	1595003546.4	11:32:26	30	-0.455	0.102	300.0	16.0	0.19	0.04	290.6446666666667	0.2660850678734416	0.03552169547858484	1	19.357452941176472	-0.14004054298643978	0.03526437047053046	1	2	2	2/2	1.86676	1.86325	1.8689	1.86685	1.87155	1.86401	1.86554	1.86548	5	0	0	0	11111111	oooooooo	off	off	off	off	0.0	100.0	100.0	-0.455	0.102	2	327.127	472.891	21.0888	36.1398	29.999	36.0437	36.0331	17.5271	51.7971	0	21.2222	300	16.3413	100.421	100.629	
3	1595003637.9	236.5	20200717 11:33:57	11:33:57		1595003629.9000006	0.006950644834582454	13.416223189927452	194.09818846401558	137.35853389462363	13.726375544281542	19.396425921127975	0.43578594481077326	3.393362738075233	0.4069111634947483	0.2567541568249349	353.33712592545004	27.091918928695716	27.10336129032258	3.6009452265580606	54.715310145710916	1.9413108458923773	3.548021277266862	1.6596343806656833	-306.5234372050862	-46.11166128417395	-2.9319535764166664	-2.2299261402268087	-0.04134490298423054	0.046413275612231165	3.465915798787693	153.0	31.0	1	0	52788.0	0	0	0	0	0	-1	MPF-4935-20200717-11_33_59	271.68732	333.016	0.18416136161625873	0.5	1849.1842158381614	13.416223189927452	170.27414153402475	0.4149830638768108	0.00779599083014731	-1.0	DARK-4936-20200717-11_34_07	194.82	138.19600000000003	0.4437804277981997	1.7093522225644187	0.18416136161625873	0	4935	300	300	300	9865.87	315.515	-0.00639903	0.224365	2199.9990322580643	1849.1842158381614	0.840538649664846	0.19107729932969195	0.5	0: Broadleaf	1595003629.9000006	194.09819354838712	200.0035806451613	19.42651290322581	16.700609677419354	500.0630967741935	99.73100967741935	0.19998954838709676	26.851306451612903	27.10336129032258	999.9000000000003	9997.416451612904	0.0	483.5938709677419	2199.9990322580643	0.9820026451612904	0.01799752258064516	0.0	271.72422580645167	5.00054	8874.87193548387	20590.54193548387	48.26993548387095	49.98767741935483	48.68299999999997	48.91712903225805	49.643064516129016	2155.498064516129	39.50096774193548	0.0	117.69999980926514	271.68732	-2.4771538496171144	-2232.550005792782	8861.608	15	1595003664.9	11:34:24	31	-0.43	0.109	200.0	17.0	0.59	0.04	194.08719607843133	-0.13708235294114654	0.018797183359970413	1	19.408601960784313	0.11832000000000777	0.01493932158729649	1	2	2	2/2	1.86676	1.86325	1.8689	1.86678	1.87149	1.86398	1.86554	1.86541	5	0	0	0	11111111	oooooooo	off	off	off	off	0.0	100.0	100.0	-0.43	0.109	2	328.712	473.809	20.9611	35.9872	30.0005	35.9891	35.9858	12.8787	50.8854	0	20.8424	200	16.7062	100.445	100.667	
4	1595003764.4	363.0	20200717 11:36:04	11:36:04		1595003756.4000006	0.0076404877644381435	4.859837417932717	97.74459815943494	78.73003385581892	7.86733037870688	9.767416687035798	0.4979857668186233	3.3949879114470445	0.46067495941364006	0.2910407760541451	353.33670651258836	26.67451602970026	26.800903225806447	3.5375199740459276	55.10912505327905	1.9254760859313225	3.493933326050428	1.612043888114605	-336.9455104117221	-38.54801315593093	-2.4429586795517575	-24.59977573461643	-0.041370076667461744	0.04644153527699397	3.4675851475629034	153.0	31.0	1	0	52788.0	0	0	0	0	0	-1	MPF-4937-20200717-11_36_06	273.50632	321.348	0.14887810099953946	0.5	1849.179609386481	4.859837417932717	137.6511743262647	0.3608797938683297	0.003168884941293987	-1.0	DARK-4938-20200717-11_36_13	205.38	115.96800000000002	0.41254208057395136	1.5646508910312593	0.14887810099953944	0	4937	300	300	300	9866.76	308.295	-0.00639953	0.505676	2199.9932258064514	1849.179609386481	0.8405387742540104	0.19107754850802086	0.5	0: Broadleaf	1595003756.4000006	97.74460000000002	99.98705161290324	19.268645161290326	16.27161935483871	500.0468064516129	99.7279741935484	0.19996935483870965	26.590293548387102	26.800903225806447	999.9000000000003	10003.80806451613	0.0	106.56254838709677	2199.9932258064514	0.9820016774193552	0.017998538709677415	0.0	273.5131935483871	5.00054	7099.059032258063	20590.48709677419	48.0722258064516	49.656935483870946	48.45332258064514	48.562193548387086	49.501838709677415	2155.483225806452	39.51	0.0	125.69999980926514	273.50632	-0.11592309308066927	-9.997692249364702	7098.998	15	1595003789.9	11:36:29	32	-0.397	0.103	100.0	16.0	0.2	0.03	97.71157843137254	0.007808144796377441	0.006088507777047934	1	19.291545098039215	-0.18078950226243173	0.024055143461454955	1	2	2	2/2	1.86681	1.86332	1.86905	1.86691	1.87164	1.86405	1.86559	1.86553	5	0	0	0	11111111	oooooooo	off	off	off	off	0.0	100.0	100.0	-0.397	0.103	2	328.763	473.74	22.5663	35.7688	29.9982	35.8485	35.8522	8.04681	52.3195	0	22.6424	100	16.2302	100.485	100.726	
5	1595003882.9	481.5	20200717 11:38:02	11:38:02		1595003874.9032264	0.007317128438806475	0.18179650854127982	49.783474124588295	47.81732316338287	4.77821666642476	4.974687206179546	0.4670901281149786	3.393685504251933	0.4340892928150672	0.2740762555454559	353.34005582122677	27.340655231041687	27.178729032258065	3.616903423706155	54.72005999050475	1.9796840607109134	3.6178397118980428	1.6372193629952414	-322.68536415136555	0.8073864197887295	0.05143637748168679	31.51351446713166	-0.04134990214908665	0.04641888761273303	3.466247337622814	151.0	30.0	1	0	52730.0	0	0	0	0	0	-1	MPF-4939-20200717-11_38_04	274.29192	317.106	0.13501504228869843	0.5	1849.1969803542188	0.18179650854127982	124.83470425132914	0.351131798199971	0.0006390863283342067	-1.0	DARK-4940-20200717-11_38_12	205.76	111.346	0.38451385770481195	1.5411450233281494	0.1350150422886984	0	4939	300	300	300	9867.89	303.721	-0.00640056	0.0844116	2200.013870967742	1849.1969803542188	0.8405387823944919	0.19107756478898397	0.5	0: Broadleaf	1595003874.9032264	49.783474193548386	50.00187741935484	19.811406451612907	16.94285806451613	500.05541935483876	99.72649677419356	0.19998070967741935	27.183141935483874	27.178729032258065	999.9000000000003	9999.077741935484	0.0	458.7932258064516	2200.013870967742	0.9819994838709677	0.01800084193548387	0.0	274.26025806451617	5.00054	8750.839999999998	20590.654838709677	47.68519354838708	49.07032258064515	48.00787096774193	48.04612903225805	49.10648387096772	2155.5029032258067	39.51096774193548	0.0	117.79999995231628	274.29192	-0.35284616378667116	-309.6799999674179	8747.1716	15	1595003911.4	11:38:31	33	-0.376	0.117	50.0	17.0	0.18	0.03	49.76478823529411	0.0006712000255064635	0.009842079468199826	1	19.78103725490196	0.17703087479524787	0.023374176808692894	1	2	2	2/2	1.86676	1.86325	1.86891	1.86683	1.87152	1.86401	1.86554	1.86543	5	0	0	0	11111111	oooooooo	off	off	off	off	0.0	100.0	100.0	-0.376	0.117	2	330.374	475.63	21.6565	35.3351	30.0005	35.5435	35.5644	5.61148	50.148	0	21.4597	50	17.0258	100.55	100.809	
6	1595004007.5	606.0999999046326	20200717 11:40:07	11:40:07		1595003999.4193552	0.008166209320225219	27.794762880981015	387.62560236353323	289.8381181601279	28.960814086948844	38.7318033827069	0.5375041392958974	3.393118902180205	0.49428997849599987	0.31252382044863125	353.3347501326051	26.851360185639535	26.948309677419356	3.568308107017607	55.21866764497284	1.9632032819583758	3.5553253377657468	1.605104825059231	-360.12983102193215	-11.345779901266036	-0.7210261807097911	-18.861886971302845	-0.041341126473578904	0.046409036148184195	3.4656653357781524	150.0	30.0	1	0	52756.0	0	0	0	0	0	-1	MPF-4941-20200717-11_40_09	274.69824	347.855	0.21030820313061482	0.5	1849.1693126122857	27.794762880981015	194.44773770988198	0.454370355464202	0.015571728713312472	-1.0	DARK-4942-20200717-11_40_16	189.8	158.055	0.4628563474739807	1.8327449947312962	0.21030820313061482	0	4941	300	300	300	9867.64	326.931	-0.00640058	1.00656	2199.9809677419353	1849.1693126122857	0.8405387772560036	0.1910775545120073	0.5	0: Broadleaf	1595003999.4193552	387.62561290322583	400.0085483870968	19.647622580645162	16.445612903225808	500.046129032258	99.72066451612905	0.19998867741935483	26.88628709677419	26.948309677419356	999.9000000000003	9997.540322580646	0.0	432.1084193548387	2199.9809677419353	0.9820003870967742	0.017999893548387096	0.0	274.67867741935487	5.00054	8604.57870967742	20590.35161290323	47.78206451612902	49.29406451612901	48.11470967741934	48.23964516129031	49.20538709677418	2155.4709677419355	39.51	0.0	123.59999990463257	274.69824	1.0050769203226129	67.81692297918326	8605.3436	15	1595004041.4	11:40:41	34	-0.297	0.108	400.0	16.0	0.22	0.02	387.51594117647056	0.2766482938825444	0.04145037749761233	1	19.66283529411765	-0.06396838643445255	0.009979740723760984	1	2	2	2/2	1.86676	1.86326	1.86893	1.86688	1.8716	1.86401	1.86554	1.86548	5	0	0	0	11111111	oooooooo	off	off	off	off	0.0	100.0	100.0	-0.297	0.108	2	331.32	475.512	21.7474	35.1602	29.9999	35.349	35.3807	22.0036	52.1326	0	21.7821	400	16.4264	100.583	100.849	
7	1595004133.0	731.5999999046326	20200717 11:42:13	11:42:13		1595004124.9580646	0.007678474900651984	28.814451295213836	387.2747309930252	278.11694817351645	27.7891597097908	38.69609321477609	0.4912930876362682	3.394004021712778	0.45492949463162546	0.28737344364051187	353.34124846525526	27.10321307270945	27.13263225806451	3.607135681270675	54.88797444475888	1.9677120620577786	3.584960243045862	1.6394236192128964	-338.6207431187525	-19.223266708552536	-1.2233131990824773	-5.726074561132272	-0.04135483571811815	0.04642442597617528	3.4665745126329	151.0	30.0	1	0	52660.0	0	0	0	0	0	-1	MPF-4943-20200717-11_42_14	273.63980000000004	354.228	0.2275037546439016	0.5	1849.2056518433096	28.814451295213836	210.3506144515382	0.45910543491762373	0.016122842402895778	-1.0	DARK-4944-20200717-11_42_22	191.6	162.62800000000001	0.49553705388985886	1.8487891440501045	0.22750375464390157	0	4943	300	300	300	9866.44	329.407	-0.00639958	0.598999	2200.0245161290327	1849.2056518433096	0.8405386568587006	0.1910773137174011	0.5	0: Broadleaf	1595004124.9580646	387.2747419354839	399.98851612903223	19.69307741935484	16.68252258064516	500.0581290322581	99.71896129032261	0.20001125806451614	27.027574193548386	27.13263225806451	999.9000000000003	10001.026451612901	0.0	437.5782580645162	2200.0245161290327	0.9820025161290324	0.017997658064516128	0.0	273.6591935483871	5.00054	8600.538387096774	20590.790322580648	48.03999999999999	49.653	48.358741935483856	48.6086129032258	49.419064516129026	2155.5216129032256	39.501935483870966	0.0	125.0	273.63980000000004	0.14884613346212142	-65.1738458441223	8600.0104	15	1595004160.0	11:42:40	35	-0.342	0.11	400.0	17.0	0.25	0.04	387.33654901960784	-0.17448843986553075	0.028335049815704488	1	19.67315294117647	0.17642671705481322	0.02368527591714007	1	2	2	2/2	1.86671	1.86322	1.86887	1.86676	1.87149	1.86395	1.86545	1.86539	5	0	0	0	11111111	oooooooo	off	off	off	off	0.0	100.0	100.0	-0.342	0.11	2	330.633	474.269	20.6558	35.2076	30.0016	35.329	35.3557	22.0069	51.5381	0	20.5509	400	16.7323	100.568	100.824	
8	1595004272.9	871.5	20200717 11:44:32	11:44:32		1595004264.9516132	0.006957430009803673	33.44280100317054	485.28069698880853	344.3520127076232	34.406549206057996	48.487691558440915	0.43761908028605573	3.395553748519409	0.40852700886792503	0.2577818486296545	353.3353726110211	26.865707302973554	27.017835483870968	3.582910656320765	55.06879042869899	1.9282036426470759	3.5014454242346975	1.654707013673689	-306.822663432342	-71.59165062428539	-4.542081598428334	-29.621023044034615	-0.04137884267351653	0.04645137588673477	3.4681663674400056	153.0	31.0	1	0	52676.0	0	0	0	0	0	-1	MPF-4945-20200717-11_44_34	279.70604	366.474	0.23676429978661517	0.5	1849.1752448704253	33.44280100317054	218.90934101724446	0.47537888090287445	0.018626034010953894	-1.0	DARK-4946-20200717-11_44_42	192.26	174.214	0.49805388774725345	1.9061375221054822	0.2367642997866152	0	4945	300	300	300	9865.03	342.725	-0.00639871	0.874329	2199.988387096774	1849.1752448704253	0.8405386390746811	0.19107727814936215	0.5	0: Broadleaf	1595004264.9516132	485.2807096774193	500.0071612903227	19.298093548387104	16.569048387096775	500.0404516129033	99.7168580645161	0.19993619354838707	26.626754838709683	27.017835483870968	999.9000000000003	10007.043225806454	0.0	437.0271612903226	2199.988387096774	0.9820046451612902	0.017995422580645157	0.0	279.7150967741935	5.00054	8745.23451612903	20590.451612903234	48.505838709677406	50.25399999999999	48.85061290322581	49.14893548387096	49.80606451612901	2155.488387096774	39.5	0.0	139.40000009536743	279.70604	0.25807693035159385	-9.76384613575605	8745.065200000001	15	1595004306.9	11:45:06	36	-0.343	0.106	500.0	17.0	0.17	0.04	485.2528039215686	0.2994822543859238	0.038871845554057656	1	19.31449019607843	-0.135825785442733	0.016725995440958416	1	2	2	2/2	1.86675	1.86324	1.8689	1.86676	1.8715	1.86401	1.86551	1.86539	5	0	0	0	11111111	oooooooo	off	off	off	off	0.0	100.0	100.0	-0.343	0.106	2	329.035	471.678	20.4888	35.5692	30.0016	35.5389	35.5482	26.3035	52.0034	0	20.4846	500	16.603	100.492	100.732	
9	1595004408.5	1007.0999999046326	20200717 11:46:48	11:46:48		1595004400.5	0.006184376413620985	36.684632113626805	583.8119538823502	408.2940658656878	40.794133456362935	58.33075900723751	0.3816839857298333	3.3940693003001425	0.35934080361234483	0.22648637752536982	353.3384297295019	26.956403735689115	27.027312903225805	3.5849052391195353	54.89814676143448	1.9126658682439979	3.484026294285822	1.6722393708755374	-272.73099984068546	-88.78418309443973	-5.633195417308281	-13.809948622931557	-0.04135584685464349	0.046425561065505404	3.4666415655877056	154.0	31.0	1	0	52928.0	0	0	0	0	0	-1	MPF-4947-20200717-11_46_50	283.37052	373.986	0.24229644959971763	0.5	1849.186616533365	36.684632113626805	224.02567591667443	0.4828148647275567	0.02037903139504301	-1.0	DARK-4948-20200717-11_46_57	193.42	180.566	0.5018413211789594	1.9335435839106607	0.2422964495997176	0	4947	300	300	300	9863.78	348.701	-0.00639749	1.06955	2200.001290322581	1849.186616533365	0.84053887816685	0.19107775633370025	0.5	0: Broadleaf	1595004400.5	583.8119677419354	599.9283870967741	19.143196774193544	16.717048387096774	500.05083870967746	99.71362258064516	0.19998593548387097	26.542103225806446	27.027312903225805	999.9000000000003	10001.806451612905	0.0	438.16316129032265	2200.001290322581	0.981995516129032	0.01800416451612903	0.0	283.3896129032258	5.00054	8839.109677419356	20590.51290322581	48.81212903225804	50.68712903225805	49.2378064516129	49.590451612903216	50.141000000000005	2155.4822580645155	39.51774193548387	0.0	134.59999990463257	283.37052	-1.6307692239077451	-64.78230756716158	8838.5164	15	1595004432.0	11:47:12	37	-0.331	0.108	600.0	17.0	0.23	0.03	583.7758823529412	0.28325367155663617	0.040509329382409094	1	19.133488235294116	0.07897978478545323	0.012599340895596816	1	2	2	2/2	1.86676	1.86324	1.86889	1.86676	1.87149	1.86397	1.86549	1.86539	5	0	0	0	11111111	oooooooo	off	off	off	off	0.0	100.0	100.0	-0.331	0.108	2	327.504	470.103	20.2473	35.9582	30.0014	35.8404	35.8328	30.4815	51.3747	0	20.2244	600	16.7392	100.427	100.656	
10	1595004536.0	1134.5999999046326	20200717 11:48:56	11:48:56		1595004528.0	0.005931133632535151	38.40782120437985	683.0495338462023	491.7697059363241	49.135585031897165	68.24747040364359	0.3684489615689232	3.391693351769163	0.3475692395389088	0.21900807113193888	353.3383521856279	26.761040712247716	26.929432258064512	3.564352249897709	55.529942127573136	1.9060020458707194	3.432386155728232	1.6583502040269897	-261.56299319480013	-117.11260976718567	-7.422739113727739	-32.759989890085635	-0.041319050114592054	0.04638425350122619	3.464201045225079	155.0	31.0	1	0	52866.0	0	0	0	0	0	-1	MPF-4949-20200717-11_48_57	283.97860000000003	376.412	0.24556443471515244	0.5	1849.1853577734973	38.40782120437985	227.0470785325929	0.49045195158496535	0.02131090917344741	-1.0	DARK-4950-20200717-11_49_05	191.8	184.61199999999997	0.5006900959850928	1.9625234619395202	0.24556443471515244	0	4949	300	300	300	9863.28	349.268	-0.00639705	1.78299	2199.9996774193546	1849.1853577734973	0.8405389222341297	0.19107784446825993	0.5	0: Broadleaf	1595004528.0	683.0495483870968	700.0319354838709	19.076074193548386	16.74904838709677	500.03664516129027	99.71586451612902	0.1999790967741935	26.288958064516134	26.929432258064512	999.9000000000003	9992.682580645162	0.0	465.29129032258066	2199.9996774193546	0.9819937096774194	0.018005854838709673	0.0	283.9886451612903	5.00054	8887.594193548388	20590.4935483871	49.02193548387096	50.908999999999985	49.46138709677418	49.755806451612884	50.32438709677418	2155.47870967742	39.52096774193548	0.0	126.79999995231628	283.97860000000003	-2.369461519321265	-24.261538408956213	8887.162400000001	15	1595004575.5	11:49:35	38	-0.199	0.104	700.0	17.0	0.35	0.04	682.8884117647059	0.282309502262255	0.04325309757493273	1	19.0812568627451	0.004758733031669792	0.006953240319588333	1	2	2	2/2	1.86676	1.86325	1.86891	1.86684	1.87156	1.86401	1.86554	1.86543	5	0	0	0	11111111	oooooooo	off	off	off	off	0.0	100.0	100.0	-0.199	0.104	2	326.927	468.099	20.5117	36.2781	29.9985	36.1166	36.0979	34.5248	51.9164	0	20.586	700	16.5916	100.376	100.601	
11	1595004693.5	1292.0999999046326	20200717 11:51:33	11:51:33		1595004685.5	0.005107332623439826	39.53278146031286	782.5975979324252	550.9115113907193	55.03968008078822	78.18664255800054	0.3093430515606376	3.3930535589007995	0.2944855231402509	0.18532886195319154	353.3370622243268	26.937829690888606	27.02597096774194	3.58462276142581	55.37193866555157	1.8994752943737274	3.430393336680199	1.6851474670520825	-225.23336869369632	-136.6182147022478	-8.659318075684366	-17.173839247301686	-0.041340114462952306	0.04640790007759884	3.465598216597411	155.0	31.0	1	0	52820.0	0	0	0	0	0	-1	MPF-4951-20200717-11_51_35	281.4204	371.781	0.24304792337424463	0.5	1849.1788255154395	39.53278146031286	224.71953674457612	0.4839435043748873	0.021919341115651574	-1.0	DARK-4952-20200717-11_51_42	191.86	179.921	0.5022237537585943	1.9377723339935369	0.2430479233742446	0	4951	300	300	300	9862.53	346.318	-0.00639646	0.833862	2199.9919354838707	1849.1788255154395	0.8405389109341109	0.19107782186822184	0.5	0: Broadleaf	1595004685.5	782.5976129032258	800.0077419354841	19.012516129032257	17.008629032258067	500.05106451612903	99.70656451612903	0.2000065806451613	26.279122580645165	27.02597096774194	999.9000000000003	9998.70935483871	0.0	467.45619354838703	2199.9919354838707	0.9819953870967745	0.01800422903225806	0.0	281.4356451612903	5.00054	8849.92612903226	20590.44838709678	49.18719354838708	51.16299999999998	49.65699999999998	49.977580645161275	50.4836129032258	2155.4719354838708	39.519999999999996	0.0	156.59999990463257	281.4204	-3.0835384470281304	-29.820769422062483	8849.6396	15	1595004721.5	11:52:01	39	-0.389	0.111	800.0	17.0	0.34	0.05	782.7620980392155	0.26288144796419294	0.04079564322276458	1	19.024239215686276	-0.19807927601808864	0.024763501593061635	1	2	2	2/2	1.86673	1.86321	1.86887	1.86676	1.87149	1.86394	1.8654	1.86537	5	0	0	0	11111111	oooooooo	off	off	off	off	0.0	100.0	100.0	-0.389	0.111	2	326.18	467.698	19.8702	36.5795	30.0008	36.4229	36.4039	38.4749	51.01	0	18.9919	800	16.9123	100.316	100.535	
12	1595004843.0	1441.5999999046326	20200717 11:54:03	11:54:03		1595004835.0	0.004492611008258024	40.52460983472108	982.0399846265199	705.610763507679	70.4847510035202	98.09777198948264	0.2660543584934871	3.388965338277847	0.2549714048726031	0.1603144154584529	353.3380404143167	27.01603921569065	27.069948387096776	3.5938901389613185	55.065168210767304	1.882033305601962	3.417829031954095	1.7118568333593565	-198.12414546417887	-155.83929150957024	-9.88863598456547	-10.5140325439979	-0.04127681521323888	0.04633684112447668	3.461398916881849	156.0	31.0	1	0	52800.0	0	0	0	0	0	-1	MPF-4953-20200717-11_54_04	278.98960000000005	366.501	0.23877533758434477	0.5	1849.1839739025372	40.52460983472108	220.76976381206927	0.47770947418970205	0.02245564012059174	-1.0	DARK-4954-20200717-11_54_12	191.42	175.081	0.49983379121663646	1.9146431929787902	0.23877533758434474	0	4953	300	300	300	9861.67	340.399	-0.00639584	0.700195	2199.998064516129	1849.1839739025372	0.8405389094327451	0.19107781886549038	0.5	0: Broadleaf	1595004835.0	982.0400000000001	1000.0127419354837	18.84071290322581	17.077709677419357	500.05206451612906	99.69180967741934	0.20002112903225808	26.21699677419355	27.069948387096776	999.9000000000003	9984.877096774193	0.0	478.62922580645153	2199.998064516129	0.9819973225806454	0.018002874193548384	0.0	279.0354516129032	5.00054	8813.916451612902	20590.496774193547	49.40699999999999	51.38693548387097	49.84858064516128	50.20338709677417	50.64900000000001	2155.478064516129	39.519999999999996	0.0	149.0	278.98960000000005	-3.042692310006494	-29.99307681394941	8813.799200000001	15	1595004867.0	11:54:27	40	-0.009	0.111	1000.0	17.0	0.2	0.06	981.630137254902	0.32102443438930717	0.04431970287640832	0	18.837492156862748	0.03712832579185804	0.004619092650788792	1	1	2	1/2	1.86671	1.86318	1.86886	1.86676	1.87149	1.86391	1.86539	1.86539	5	0	0	0	11111111	oooooooo	off	off	off	off	0.0	100.0	100.0	-0.009	0.111	2	325.399	466.716	19.9078	36.895	30.0011	36.7321	36.7129	46.0861	50.8785	0	19.4007	1000	17.0289	100.258	100.466	
13	1595004958.5	1557.0999999046326	20200717 11:55:58	11:55:58		1595004950.5	0.004144642029253509	41.253965237630894	1181.4658876206265	867.6099642089541	86.67509228727015	118.02960900425593	0.2397344110165933	3.3914396661341417	0.23070206874929816	0.1449719593989011	353.3390776312351	27.160080282836002	27.197158064516124	3.620814925158918	54.65954438556814	1.87543028357452	3.4311121774913538	1.745384641584398	-182.77871349007975	-167.20417631741557	-10.612286868269829	-7.25609904453006	-0.04131512192664494	0.04637984376612739	3.463940466308467	157.0	31.0	1	0	52908.0	0	0	0	0	0	-1	MPF-4955-20200717-11_56_00	277.10764	362.485	0.23553349793784573	0.5	1849.1918319671208	41.253965237630894	217.77331027065452	0.4813578492903155	0.022849963160762102	-1.0	DARK-4956-20200717-11_56_07	188	174.485	0.4893105997650228	1.9281117021276597	0.23553349793784573	0	4955	300	300	300	9860.83	336.09	-0.00639509	0.139343	2200.0077419354834	1849.1918319671208	0.840538783895493	0.191077567790986	0.5	0: Broadleaf	1595004950.5	1181.4659032258062	1199.9241935483874	18.772890322580643	17.14633225806451	500.0540967741935	99.7009935483871	0.19999406451612903	26.28267096774194	27.197158064516124	999.9000000000003	9993.222903225807	0.0	463.4947096774194	2200.0077419354834	0.9819988387096775	0.01800151935483871	0.0	277.1072258064516	5.00054	8714.823548387096	20590.583870967745	49.582387096774184	51.625	50.05399999999997	50.37283870967741	50.80399999999997	2155.4967741935484	39.51096774193548	0.0	114.69999980926514	277.10764	-2.832923083761023	-26.773076953192017	8714.4512	15	1595004980.5	11:56:20	41	-0.026	0.111	1200.0	17.0	0.26	0.05	1181.469411764706	0.14942986425325355	0.042074246452309186	1	18.75722156862745	0.1875138461538553	0.02508021885732971	1	2	2	2/2	1.86672	1.86319	1.86888	1.86676	1.87149	1.86388	1.8654	1.86539	5	0	0	0	11111111	oooooooo	off	off	off	off	0.0	100.0	100.0	-0.026	0.111	2	324.658	465.689	20.0635	37.2224	30.0015	37.0351	37.0131	53.3704	50.9245	0	17.7271	1200	17.1278	100.189	100.387	
14	1595005079.5	1678.0999999046326	20200717 11:57:59	11:57:59		1595005071.5	0.004019445676868641	41.280320183335505	1580.9604682784382	1250.488392590751	124.93271176705379	157.9492298119852	0.23487936993635367	3.393759209388753	0.22620773768733285	0.14213227404203693	353.3400739388526	27.092008733774463	27.116380645161293	3.603697516246676	55.02089283139874	1.87715933583489	3.4117209649561566	1.726538180411786	-177.25755434990705	-170.0942802394564	-10.778802881011625	-4.790563531522508	-0.04135104376141296	0.04642016917258005	3.466323046089245	157.0	31.0	1	0	52942.0	0	0	0	0	0	-1	MPF-4957-20200717-11_58_01	276.34608000000003	354.257	0.219927679622421	0.5	1849.1969900316356	41.280320183335505	203.3448015912114	0.4677310540088128	0.02286415152698912	-1.0	DARK-4958-20200717-11_58_08	188.56	165.697	0.47020115029240106	1.8787494696648281	0.21992767962242094	0	4957	300	300	300	9860.71	330.502	-0.006395	0.324371	2200.013870967742	1849.1969900316356	0.84053878679329	0.19107757358658028	0.5	0: Broadleaf	1595005071.5	1580.9604838709677	1600.0129032258064	18.789041935483873	17.2116	500.04048387096776	99.70716451612904	0.19996977419354836	26.186722580645164	27.116380645161293	999.9000000000003	10001.29258064516	0.0	334.9047741935484	2200.013870967742	0.9819989032258065	0.018001451612903223	0.0	276.3954193548386	5.00054	8191.434193548387	20590.65483870968	49.65712903225807	51.69519354838708	50.132999999999996	50.45145161290322	50.911	2155.5025806451617	39.51129032258064	0.0	120.19999980926514	276.34608000000003	-1.7626153854043218	2648.4030819867544	8214.17	15	1595005107.0	11:58:27	42	-0.281	0.111	1600.0	17.0	0.16	0.06	1581.186274509804	0.18439819004420452	0.059703870019843015	1	18.796713725490196	-0.08362316742082751	0.010294259196038845	1	2	2	2/2	1.86669	1.8632	1.86886	1.86676	1.87149	1.86387	1.86541	1.86539	5	0	0	0	11111111	oooooooo	off	off	off	off	0.0	100.0	100.0	-0.281	0.111	2	324.149	465.275	20.0068	37.526	30.0008	37.3389	37.3108	67.1235	51.1552	0	16.9253	1600	17.2772	100.132	100.323	
