[Header]
File opened	2020-07-17 10:37:57
Console s/n	68C-571038
Console ver	Bluestem v.1.3.4
Scripts ver	2018.05  1.3.4, Mar 2018
Head s/n	68H-581038
Head ver	1.4.0
Head cal	{"h2oaspanconc2": "0", "co2bspan2a": "0.163389", "ssb_ref": "36526.8", "co2aspanconc2": "0", "co2bzero": "0.880288", "chamberpressurezero": "2.59209", "co2aspan1": "0.992625", "co2aspan2b": "0.163711", "tbzero": "0.197721", "h2oaspan1": "1.00223", "h2oaspan2a": "0.0661155", "h2obspan2a": "0.0975941", "tazero": "0.00774765", "h2obspan1": "0.998578", "h2obspan2": "0", "co2bspanconc1": "1002", "h2oaspan2b": "0.0662632", "co2bspan2": "0", "co2bspan2b": "0.162103", "co2aspan2": "0", "co2azero": "0.869071", "h2oaspan2": "0", "h2obzero": "1.01783", "ssa_ref": "36614.9", "flowmeterzero": "0.990908", "flowbzero": "0.22736", "co2bspanconc2": "0", "co2bspan1": "0.992131", "h2oaspanconc1": "12.19", "co2aspan2a": "0.164928", "co2aspanconc1": "1002", "h2oazero": "1.00263", "h2obspanconc1": "20", "flowazero": "0.42932", "h2obspanconc2": "0", "h2obspan2b": "0.0963575", "oxygen": "21"}
Chamber type	6800-01A
Chamber s/n	MPF-551037
Chamber rev	0
Chamber cal	0
Fluorometer	MPF-551037
Flr. Version	1.4.0
10:37:57	Stability Definition:	H2O_s (Meas): Slp<0.2	CO2_s (Meas): Slp<0.3
SysConst:AvgTime	4
SysConst:Oxygen	21
SysConst:Chamber	6800-01A 2 cm²
Const:S	2.0
Const:CustomBLC	2.0
LTConst:deltaTw	0
LTConst:fT1	1
LTConst:fT2	0
LTConst:fTeb	0
LQConst:Leaf	standard
LQConst:Ambient	Sun+Sky
LQConst:abs_ambient	0.49
LQConst:abs_redLED	0.84
LQConst:abs_greenLED	0.7
LQConst:abs_blueLED	0.87
LQConst:abs_whiteLED	0.75
LQConst:abs_redFlr	0.84
LQConst:abs_blueFlr	0.87
LQConst:k_ambient	0.39
LQConst:k_redLED	0.18
LQConst:k_greenLED	0.23
LQConst:k_blueLED	0.26
LQConst:k_whiteLED	0.21
LQConst:k_redFlr	0.19
LQConst:k_blueFlr	0.25
QConst:fQ_Amb_in	0.0
QConst:fQ_Amb_out	0.0
QConst:fQ_HeadLS	0.0
QConst:fQ_ConsoleLS	0.0
QConst:fQ_Flr	1.0
LeakConst:fan_a	-6276.0
LeakConst:fan_b	6.6
LeakConst:fan_c	1.709e-05
LeakConst:fan_d	3.11
LeakConst:Fs_meas	2.8867 76.9944 384.338 617.676 844.529 1050.88 1230.97 1394.83
LeakConst:Fs_true	0.249995 100.784 401.701 601.178 800.155 1000.64 1200.01 1400.75
LeakConst:leak_wt	0.0
[Data]
Sys	Sys	Sys	Sys	Sys	UserDefVar	GasEx	GasEx	GasEx	GasEx	GasEx	GasEx	GasEx	GasEx	GasEx	GasEx	GasEx	GasEx	GasEx	GasEx	GasEx	GasEx	GasEx	GasEx	GasEx	GasEx	GasEx	GasEx	GasEx	GasEx	GasEx	GasEx	Leak	Leak	Leak	Leak	Leak	FLR	FLR	FLR	FLR	FLR	FLR	FLR	FLR	FLR	FLR	FLR	FLR	FLR	FLR	FLR	FLR	FLR	FLR	FLR	FLR	FLR	FLR	FLR	FLR	MPF	MPF	MPF	MPF	MPF	MPF	MPF	MPF	LeafQ	LeafQ	LeafQ	LeafQ	Const	Const	Meas	Meas	Meas	Meas	Meas	Meas	Meas	Meas	Meas	Meas	Meas	Meas	Meas	Meas	FlrLS	FlrLS	FlrLS	FlrLS	FlrLS	FlrLS	FlrLS	FlrLS	FlrLS	FlrLS	FlrLS	FlrLS	FlrLS	FlrLS	FlrLS	FlrLS	FlrLS	FlrStats	FlrStats	FlrStats	FlrStats	FlrStats	Match	Match	Match	Match	Match	Match	Match	Match	Match	Stability	Stability	Stability	Stability	Stability	Stability	Stability	Stability	Stability	Stability	Stability	Auxiliary	Auxiliary	Auxiliary	Auxiliary	Auxiliary	Auxiliary	Auxiliary	Auxiliary	Auxiliary	Auxiliary	Auxiliary	Auxiliary	Auxiliary	Auxiliary	Auxiliary	Auxiliary	Auxiliary	Auxiliary	Auxiliary	Status	Status	Status	Status	Status	Status	Status	Status	Status	Status	Status	Status	Status	Status	Status	Status	Status	Status	Status	Status	
obs	time	elapsed	date	hhmmss	plant	TIME	E	A	Ca	Ci	Pci	Pca	gsw	gbw	gtw	gtc	Rabs	TleafEB	TleafCnd	SVPleaf	RHcham	VPcham	SVPcham	VPDleaf	LatHFlux	SenHFlux	NetTherm	EBSum	blfa_1	blfa_2	blfa_3	Leak	LeakPct	CorrFact	CorrFactPct	Fan	DarkAdaptedID	Fo	Fm	Fv	Fv/Fm	Adark	LightAdaptedID	Fs	Fm'	PhiPS2	PS2/1	Qabs_fs	Afs	ETR	Fv'/Fm'	PhiCO2	NPQ	DarkPulseID	Fo'	Fv'	qP	qN	qP_Fo	qN_Fo	ID	P1_dur	P2_dur	P3_dur	P1_Qmax	P1_Fmax	P2_dQdt	P3_ΔF	Qin	Qabs	alpha	convert	K	Geometry	TIME	CO2_s	CO2_r	H2O_s	H2O_r	Flow	Pa	ΔPcham	Tair	Tleaf	Tleaf2	Fan_speed	Qamb_in	Qamb_out	Q	f_red	f_blue	f_farred	F	Q_modavg	F_dc	Pc	Tled	TDigital	TPreamp	TPwrSpy	TDrive	Q_red	Q_blue	Q_farred	TSPF	F_avg	dF/dt	dF_dc/dt	F_dc_avg	period	time	hhmmss	count	co2_adj	h2o_adj	co2_at	h2o_at	co2_cv	h2o_cv	CO2_s:MN	CO2_s:SLP	CO2_s:SD	CO2_s:OK	H2O_s:MN	H2O_s:SLP	H2O_s:SD	H2O_s:OK	Stable	Total	State	ADC_CH1	ADC_CH2	ADC_CH3	ADC_CH4	ADC_CH5	ADC_CH6	ADC_CH7	ADC_CH8	DAC_1	DAC_2	DAC_3	DAC_4	GPIO	GPIO_dir	excit_5v	power_12v	power_5v	ch1_pullup	AuxPower	MatchValveR	MatchValveS	MatchCO2	MatchH2O	DIAG	Flow_s	Flow_r	Txchg	Tirga	Tchopper	Ts	Tr	CO2_%	Desiccant_%	Humidifier_%	Txchg_sp	CO2_r_sp	H2O_r_sp	SS_s	SS_r	
	s	s				s	mol m⁻² s⁻¹	µmol m⁻² s⁻¹	µmol mol⁻¹	µmol mol⁻¹	Pa	Pa	mol m⁻² s⁻¹	mol m⁻² s⁻¹	mol m⁻² s⁻¹	mol m⁻² s⁻¹	W m⁻²	°C	°C	kPa	%	kPa	kPa	kPa	W m⁻²	W m⁻²	W m⁻²	W m⁻²				µmol s⁻¹	%		%	µmol s⁻¹						µmol m⁻² s⁻¹						µmol m⁻² s⁻¹	µmol m⁻² s⁻¹	µmol m⁻² s⁻¹		µmol µmol⁻¹										ms	ms	ms	µmol m⁻² s⁻¹		mol m⁻² s⁻²		µmol m⁻² s⁻¹	µmol m⁻² s⁻¹		J/µmol			s	µmol mol⁻¹	µmol mol⁻¹	mmol mol⁻¹	mmol mol⁻¹	µmol s⁻¹	kPa	kPa	°C	°C	°C	rpm	µmol m⁻² s⁻¹	µmol m⁻² s⁻¹	µmol m⁻² s⁻¹					µmol m⁻² s⁻¹			°C	°C	°C	°C	°C	µmol m⁻² s⁻¹	µmol m⁻² s⁻¹	µmol m⁻² s⁻¹	s		min⁻¹	min⁻¹		s	secs			µmol/mol	mmol/mol	µmol/mol	mmol/mol	%	%	µmol mol⁻¹	µmol mol⁻¹ min⁻¹	µmol mol⁻¹		mmol mol⁻¹	mmol mol⁻¹ min⁻¹	mmol mol⁻¹					V	V	V	V	V	V	V	V	V	V	V	V							V	%	%	µmol/mol	mmol/mol		µmol s⁻¹	µmol s⁻¹	°C	°C	°C	°C	°C	%	%	%	°C	µmol mol⁻¹	mmol mol⁻¹	%	%	
1	1595000635.6	0	20200717 10:43:55	10:43:55		1595000627.5999994	0.012091777324401469	39.08513327869566	382.5287916087725	298.46574719947375	29.829220852705262	38.230637567233245	0.9283031653652062	3.3926867310860778	0.8069658823541211	0.513927978025004	353.33645663756	27.256679356256914	27.018222580645162	3.5829921043040027	55.49447708221782	2.128227658783128	3.8350260614764475	1.4547644455208748	-533.2473800061048	212.64653832298822	13.60793547609913	46.343550430542535	-0.04133443334346259	0.04640152252327823	3.4652214194133713	148.0	30.0	1	0	52698.0	0	0	0	0	0	-1	MPF-4903-20200717-10_43_57	280.67044000000004	405.807	0.3083647152464102	0.5	1849.1806932575162	39.08513327869566	285.11103895775665	0.5431325728733117	0.021677239776974794	-1.0	DARK-4904-20200717-10_44_04	185.4	220.407	0.5677522038773721	2.188818770226537	0.3083647152464102	0	4903	300	300	300	9858.71	370.637	-0.00639379	1.23148	2199.994838709678	1849.1806932575162	0.8405386506915997	0.1910773013831994	0.5	0: Broadleaf	1595000627.5999994	382.52880645161287	400.01103225806446	21.294658064516135	16.561487096774194	500.0574516129032	99.74188387096773	0.1999725483870968	28.18081935483871	27.018222580645162	999.9000000000003	9993.795161290323	0.0	364.76125806451614	2199.994838709678	0.9820028387096776	0.017997319354838708	0.0	280.7322258064516	5.00054	8586.516129032258	20590.487096774184	50.07419354838707	50.87067741935483	50.27799999999998	49.91099999999998	51.424999999999976	2155.493870967742	39.50096774193548	0.0	529.4000000953674	280.67044000000004	-5.332230770557132	-480.13923075291547	8576.7764	15	1595000663.6	10:44:23	15	-0.356	0.101	400.0	16.0	0.13	0.02	382.77674509803927	-0.06279095022655733	0.013435164771650628	1	21.31954509803922	-0.27583384615382855	0.03413971474733788	0	1	2	1/2	1.86676	1.8633	1.86896	1.8669	1.87159	1.86401	1.86561	1.86555	5	0	0	0	11111111	oooooooo	off	off	off	off	0.0	100.0	100.0	-0.356	0.101	2	333.315	494.283	21.7835	33.4594	30.0005	33.3609	33.347	21.9708	46.4724	0	21.7936	400	16.477	100.917	101.069	
2	1595000755.6	120.0	20200717 10:45:55	10:45:55		1595000747.5999994	0.01191872997424263	30.119651766190064	286.5921821301962	219.52689400337067	21.94077137023978	28.643659234390686	0.8879730319835392	3.3959308757795914	0.7763664397316002	0.4940827213796849	353.33604189891133	27.04593485158476	26.9813	3.575230595258772	55.14887672358357	2.084312658779432	3.779429033933719	1.49091793647934	-525.6159918641	173.72891746457998	11.090909384176697	12.539876883568013	-0.041384685534386255	0.046457935009923755	3.468553747897289	149.0	30.0	1	0	52728.0	0	0	0	0	0	-1	MPF-4905-20200717-10_45_57	261.56284	365.013	0.28341500165747513	0.5	1849.1787674510708	30.119651766190064	262.0425017210565	0.5074148044042266	0.016828903897207162	-1.0	DARK-4906-20200717-10_46_04	179.8	185.21299999999997	0.5585469702450692	2.0301056729699662	0.2834150016574752	0	4905	300	300	300	9857.38	335.624	-0.00639271	1.44196	2199.992580645161	1849.1787674510708	0.8405386380479465	0.19107727609589298	0.5	0: Broadleaf	1595000747.5999994	286.59219354838706	300.0047741935484	20.854448387096774	16.18693870967742	500.0598709677419	99.74573548387099	0.1999749032258065	27.930216129032253	26.9813	999.9000000000003	10005.558709677416	0.0	114.95285161290322	2199.992580645161	0.9820056774193546	0.017994338709677416	0.0	261.6073548387097	5.00054	6825.309677419356	20590.496774193554	50.381	51.35874193548388	50.58638709677419	50.31816129032256	51.709354838709665	2155.492580645161	39.5	0.0	119.60000014305115	261.56284	-2.892461520633695	-304.91769204659425	6806.3336	15	1595000781.1	10:46:21	16	-0.422	0.096	300.0	16.0	0.07	0.02	286.6529607843138	0.039366515837021034	0.014494029581256604	1	20.869950980392158	-0.12382696832578986	0.015272740968335927	1	2	2	2/2	1.86679	1.86332	1.86897	1.86691	1.87162	1.86403	1.86565	1.86556	5	0	0	0	11111111	oooooooo	off	off	off	off	0.0	100.0	100.0	-0.422	0.096	2	332.729	492.513	22.3834	33.6777	30.0009	33.5715	33.5603	17.5212	47.1416	0	22.4057	300	16.2102	100.867	101.017	
3	1595000872.6	237.0	20200717 10:47:52	10:47:52		1595000864.5999994	0.011240984048278573	19.129359884368455	191.48157338006467	145.92671778440646	14.584573645846904	19.137531160744114	0.8229975530014673	3.391679156538461	0.7260711645043589	0.4615481756842793	353.3393883383629	27.161106701936944	26.948190322580643	3.5682830835831796	54.74529445093291	2.0645526825754303	3.7711965992362075	1.5037304010077492	-495.72739652908507	172.7304522784171	11.037105116667794	41.37954920436272	-0.04131883030544967	0.04638400674620753	3.464186464267845	149.0	30.0	1	0	52715.0	0	0	0	0	0	-1	MPF-4907-20200717-10_47_54	255.17455999999999	332.788	0.23322187098092484	0.5	1849.1963803543	19.129359884368455	215.63651981869188	0.45887471904035	0.010885463598253278	-1.0	DARK-4908-20200717-10_48_01	180.08	152.708	0.5082473740733952	1.8480008884940027	0.23322187098092487	0	4907	300	300	300	9857.31	314.072	-0.00639255	2.41229	2200.013548387097	1849.1963803543	0.8405386329143323	0.19107726582866458	0.5	0: Broadleaf	1595000864.5999994	191.48158064516124	199.99319354838713	20.656990322580643	16.254051612903226	500.065064516129	99.74455806451613	0.1999474193548387	27.892835483870964	26.948190322580643	999.9000000000003	9989.754838709676	0.0	88.83229032258066	2200.013548387097	0.9820050322580645	0.017995016129032253	0.0	255.2111612903226	5.00054	6665.756774193548	20590.687096774196	50.465516129032245	51.36687096774193	50.68299999999997	50.346548387096774	51.816064516129	2155.5135483870968	39.5	0.0	116.5	255.17455999999999	-2.7019230740128757	85.65307706341804	6667.020799999999	15	1595000903.6	10:48:23	17	-0.433	0.102	200.0	16.0	0.14	0.02	191.48964705882352	0.02562895927604412	0.010508303960857607	1	20.640343137254902	0.11604597285068274	0.01461055561077938	1	2	2	2/2	1.86686	1.86334	1.86903	1.86692	1.87164	1.86408	1.86569	1.86558	5	0	0	0	11111111	oooooooo	off	off	off	off	0.0	100.0	100.0	-0.433	0.102	2	332.878	492.277	23.1157	33.7398	29.9996	33.6855	33.6706	12.8978	46.513	0	23.1361	200	16.302	100.849	101.009	
4	1595000995.1	359.5	20200717 10:49:55	10:49:55		1595000987.1032252	0.010462475323350453	6.7247956766415475	96.89163614513247	78.82776501571223	7.878710067056812	9.684165331315699	0.7474620965443801	3.39336611614218	0.6666138915357435	0.4231665278784852	353.33861608310474	27.41669524967163	27.12081935483871	3.60463627844832	54.91666485590579	2.080564868817682	3.7885856220089376	1.524071409630638	-461.39516175975496	155.66455936646776	9.954171278789502	57.56218496860703	-0.04134495530431879	0.046413334346113715	3.465919268667228	147.0	29.0	1	0	52467.0	0	0	0	0	0	-1	MPF-4909-20200717-10_49_56	256.53916000000004	322.538	0.20462345522078007	0.5	1849.1923158381699	6.7247956766415475	189.19406051726116	0.41594478790096057	0.004177389020319494	-1.0	DARK-4910-20200717-10_50_04	188.38	134.15800000000002	0.4919485979218531	1.7121668966981634	0.2046234552207801	0	4909	300	300	300	9857.32	303.738	-0.0063925	1.39435	2200.008709677419	1849.1923158381699	0.8405386340990039	0.19107726819800758	0.5	0: Broadleaf	1595000987.1032252	96.89163870967742	99.98666774193549	20.816387096774196	16.71901612903226	500.0613548387097	99.74841612903226	0.19999754838709674	27.97170967741936	27.12081935483871	999.9000000000003	9995.684516129033	0.0	356.80787096774196	2200.008709677419	0.9820046451612902	0.017995422580645157	0.0	256.5574838709677	5.00054	7970.194838709676	20590.64516129032	50.441064516129	51.25590322580645	50.653	50.2458064516129	51.75393548387097	2155.508709677419	39.5	0.0	121.90000009536743	256.53916000000004	-1.3725384612877993	-139.78923077492303	7968.9536	15	1595001021.6	10:50:21	18	-0.34	0.111	100.0	17.0	0.14	0.02	96.79600588235296	0.01664393379083031	0.00828978610298295	1	20.821564705882356	-0.15693152344273753	0.020303528366497473	1	2	2	2/2	1.86676	1.86327	1.86891	1.86691	1.87157	1.86401	1.86563	1.86554	5	0	0	0	11111111	oooooooo	off	off	off	off	0.0	100.0	100.0	-0.34	0.111	2	334.261	493.459	21.4928	33.6022	30.0004	33.6432	33.6436	8.09382	44.7389	0	21.4696	100	16.8021	100.873	101.042	
5	1595001113.1	477.5	20200717 10:51:53	10:51:53		1595001105.0999994	0.010808216216576225	0.6266827693025226	49.527148148667656	46.905794318616415	4.688093503443443	4.950089959092684	0.7762162739649427	3.3934462385757547	0.6894154279890823	0.4378717601712	353.3359389315436	26.972890339935148	26.97440322580645	3.5737824497766515	55.30267683717738	2.0509676064764095	3.708622663085344	1.522814843300242	-476.6423351510115	115.61454118013984	7.374073071736103	-0.3177819675919409	-0.04134619626139292	0.04641472742914324	3.4660015687630397	148.0	30.0	1	0	52588.0	0	0	0	0	0	-1	MPF-4911-20200717-10_51_54	258.12471999999997	312.317	0.17351690750103277	0.5	1849.1782255155867	0.6266827693025226	160.431843554856	0.3712157839630888	0.000879678738834907	-1.0	DARK-4912-20200717-10_52_02	196.38	115.93700000000001	0.46742868971941687	1.5903707098482533	0.1735169075010327	0	4911	300	300	300	9856.61	297.073	-0.00639197	0.870667	2199.9919354838707	1849.1782255155867	0.8405386382059054	0.1910772764118108	0.5	0: Broadleaf	1595001105.0999994	49.52714838709678	49.991887096774185	20.520551612903226	16.286477419354842	500.0585806451613	99.7469870967742	0.20001458064516134	27.606358064516133	26.97440322580645	999.9000000000003	9996.127741935483	0.0	366.4309677419355	2199.9919354838707	0.9820059999999996	0.017993999999999996	0.0	258.1367741935484	5.00054	7998.665161290323	20590.48709677419	50.63699999999999	51.600548387096765	50.883	50.516000000000005	51.93112903225804	2155.4919354838707	39.5	0.0	117.20000004768372	258.12471999999997	-0.5138461477394279	-23.650769197602617	7998.3468	15	1595001146.6	10:52:26	19	-0.364	0.103	50.0	16.0	0.38	0.02	49.55616862745097	-0.06420162895927586	0.009815084233376261	1	20.53733725490196	-0.09711203619908958	0.012377049614925178	1	2	2	2/2	1.86682	1.86332	1.86899	1.86691	1.87161	1.86403	1.86564	1.86557	5	0	0	0	11111111	oooooooo	off	off	off	off	0.0	100.0	100.0	-0.364	0.103	2	333.545	492.013	21.7592	33.6979	30.0007	33.7215	33.7278	5.6582	46.5811	0	21.7825	50	16.1848	100.852	101.022	
6	1595001255.1	619.5	20200717 10:54:15	10:54:15		1595001247.125806	0.010604532324761563	36.58765869186755	383.7376957860787	289.5827727420807	28.94139064715356	38.351392434780784	0.7539304612691987	3.3954004054809124	0.6718025326123243	0.42650752324248925	353.3348197339147	27.15104629489737	27.03779677419355	3.587112765071748	54.96097187528156	2.054037323536211	3.7372652874430052	1.5330754415355372	-467.65987552198493	128.1759511994894	8.178519036630547	22.02941444804972	-0.041376467002206846	0.04644870898756941	3.468008855514601	149.0	30.0	1	0	52656.0	0	0	0	0	0	-1	MPF-4913-20200717-10_54_16	250.17428000000004	346.153	0.2772725355550868	0.5	1849.169593257445	36.58765869186755	256.3619708969302	0.4997009992691093	0.020326777397228445	-1.0	DARK-4914-20200717-10_54_24	173.18	172.973	0.5548768883004861	1.998804711860492	0.27727253555508685	0	4913	300	300	300	9860.32	317.281	-0.00639455	1.55939	2199.9812903225807	1849.169593257445	0.8405387815758667	0.19107756315173344	0.5	0: Broadleaf	1595001247.125806	383.7377096774193	399.9985161290323	20.552358064516127	16.39823548387097	500.06151612903227	99.74171612903226	0.19997022580645157	27.738009677419353	27.03779677419355	999.9000000000003	10003.974838709679	0.0	359.7005161290323	2199.9812903225807	0.9819983225806453	0.018002061290322578	0.0	250.14606451612903	5.00054	7755.280322580646	20590.364516129026	49.89287096774192	51.15493548387095	50.21354838709677	49.83435483870966	51.20535483870966	2155.4709677419355	39.51032258064516	0.0	141.40000009536743	250.17428000000004	-0.5599999934589435	-21.204615432786063	7755.0332	15	1595001285.1	10:54:45	20	-0.323	0.101	400.0	16.0	0.07	0.02	383.6771568627451	0.1789473745192731	0.03224074425564275	1	20.536882352941177	0.18675385471753736	0.0248346429912509	1	2	2	2/2	1.8668	1.86329	1.86898	1.86691	1.87163	1.86405	1.86565	1.86554	5	0	0	0	11111111	oooooooo	off	off	off	off	0.0	100.0	100.0	-0.323	0.101	2	332.15	490.945	22.0321	33.9883	30.0018	33.9621	33.9628	22.0096	46.3843	0	22.0118	400	16.3295	100.789	100.948	
7	1595001376.2	740.6000001430511	20200717 10:56:16	10:56:16		1595001368.1387093	0.010185437952686782	37.94483217289509	383.2502114240644	282.50730098705117	28.235435162542817	38.304271988322846	0.7223908890123482	3.397525088834162	0.6466640508668844	0.41030528015009204	353.3393168742656	27.05658935580453	26.9930064516129	3.5776898221646953	55.40393185434106	2.0477710594349294	3.6960753341813244	1.529918762729766	-449.17781371348707	101.73115873605862	6.47950449187247	12.37216638870963	-0.04140938803755824	0.046485665733792446	3.47019130951681	150.0	30.0	1	0	52705.0	0	0	0	0	0	-1	MPF-4915-20200717-10_56_17	251.93863999999996	358.697	0.29762824891203454	0.5	1849.1907424169951	37.94483217289509	275.1857012849577	0.5028673225591516	0.02106047325436641	-1.0	DARK-4916-20200717-10_56_25	178.32	180.377	0.5918623771323397	2.0115354419021982	0.2976282489120345	0	4915	300	300	300	9863.28	325.952	-0.006397	0.662994	2200.0061290322583	1849.1907424169951	0.8405389048758786	0.1910778097517574	0.5	0: Broadleaf	1595001368.1387093	383.2502258064516	399.9875161290323	20.488803225806453	16.498596774193548	500.0618709677419	99.7458870967742	0.19997293548387093	27.54840645161291	26.9930064516129	999.9000000000003	10011.515806451613	0.0	358.9744516129033	2200.0061290322583	0.981994258064516	0.01800538064516129	0.0	251.9494193548387	5.00054	7766.880967741936	20590.564516129027	49.09851612903225	50.59458064516129	49.45938709677418	49.36877419354839	50.530032258064516	2155.4790322580648	39.51967741935484	0.0	120.5	251.93863999999996	1.9096153901647743	12.09461540868581	7767.026	15	1595001407.6	10:56:47	21	-0.316	0.101	400.0	16.0	0.13	0.02	383.26368627450984	-0.18624598375898957	0.02755777545596474	1	20.49103921568627	-0.021430258034635025	0.007864591245785391	1	2	2	2/2	1.86686	1.86336	1.86901	1.86691	1.87164	1.86413	1.86568	1.86554	5	0	0	0	11111111	oooooooo	off	off	off	off	0.0	100.0	100.0	-0.316	0.101	2	331.399	489.474	21.7676	34.3015	29.9969	34.2287	34.2224	22.0156	46.4723	0	21.8255	400	16.323	100.735	100.89	
8	1595001520.7	885.1000001430511	20200717 10:58:40	10:58:40		1595001512.6612897	0.009543276455644931	44.069718334812116	480.5315961445049	352.7589273870936	35.25627211647828	48.02643221455764	0.6565699832988665	3.3975705721466944	0.5933700031767712	0.3760262638248357	353.3359348932379	26.92170013149957	26.99347096774194	3.5777874356071746	55.428338162713665	2.015341659203177	3.6359409753310743	1.5624457764039974	-420.85849169394146	50.33329521238823	3.2013279083036847	-13.98793368001163	-0.04141009288332116	0.046486456984909205	3.4702380297101607	150.0	30.0	1	0	52531.0	0	0	0	0	0	-1	MPF-4917-20200717-10_58_42	257.91328	373.375	0.30923795112152663	0.5	1849.1772494863665	44.069718334812116	285.91789194585203	0.5203213927017074	0.02437284924813499	-1.0	DARK-4918-20200717-10_58_49	179.1	194.275	0.5943210397632223	2.0847292015633725	0.30923795112152663	0	4917	300	300	300	9865.91	340.302	-0.00639909	1.50482	2199.99064516129	1849.1772494863665	0.8405386875410081	0.19107737508201642	0.5	0: Broadleaf	1595001512.6612897	480.53161290322583	499.99141935483874	20.164632258064515	16.424761290322582	500.06216129032265	99.74439354838708	0.19998596774193547	27.26826129032258	26.99347096774194	999.9000000000003	10011.836129032255	0.0	368.3202258064516	2199.99064516129	0.9820023870967745	0.017997793548387094	0.0	257.92183870967744	5.00054	7933.102258064515	20590.46774193549	48.49580645161291	50.10874193548388	48.824258064516115	48.97961290322579	49.95738709677419	2155.4845161290323	39.50354838709677	0.0	144.10000014305115	257.91328	-1.414923086505942	80.57307676269087	7933.993999999999	15	1595001547.7	10:59:07	22	-0.378	0.099	500.0	16.0	0.15	0.02	480.6029607843137	-0.10509584971856113	0.024118141235173942	1	20.184862745098037	-0.1550420786247136	0.032257632997200456	1	2	2	2/2	1.86681	1.86335	1.86901	1.86691	1.87162	1.86409	1.86569	1.86554	5	0	0	0	11111111	oooooooo	off	off	off	off	0.0	100.0	100.0	-0.378	0.099	2	331.111	487.809	21.5623	34.6555	29.9989	34.5532	34.5411	26.3024	46.8536	0	21.5267	500	16.2301	100.677	100.825	
9	1595001646.2	1010.6000001430511	20200717 11:00:46	11:00:46		1595001638.1999993	0.008973624683501063	47.60450010116734	578.8942723400683	429.5992508637225	42.93756292098036	57.85929373299057	0.605812136184975	3.3936657080313863	0.5515181127717315	0.3491705267339602	353.3374968854708	26.945083564807437	27.001593548387095	3.579494690902005	55.30962755347867	1.9986448990327619	3.6135569654673225	1.580849791869243	-395.73684854239684	29.521369253814232	1.8788827949376048	-10.999099608174202	-0.04134959552908943	0.046418543404924774	3.466227003337895	151.0	30.0	1	0	52962.0	0	0	0	0	0	-1	MPF-4919-20200717-11_00_47	259.03048	377.605	0.3140173461686153	0.5	1849.1836835800284	47.60450010116734	290.3378764480525	0.5376120549251202	0.02628430076079235	-1.0	DARK-4920-20200717-11_00_55	174.6	203.00500000000002	0.5840965493460751	2.1626861397479957	0.3140173461686154	0	4919	300	300	300	9867.7	341.909	-0.00640051	2.51303	2199.9980645161295	1849.1836835800284	0.8405387774678521	0.19107755493570422	0.5	0: Broadleaf	1595001638.1999993	578.8942903225807	600.0113225806452	19.99685806451613	16.479632258064516	500.06345161290324	99.74796129032259	0.19998516129032257	27.162948387096773	27.001593548387095	999.9000000000003	9996.851935483872	0.0	362.8381290322581	2199.9980645161295	0.9819996129032258	0.018000706451612905	0.0	259.03025806451615	5.00054	7880.7045161290325	20590.5129032258	48.08841935483869	49.73574193548386	48.43699999999997	48.71341935483869	49.58635483870966	2155.4877419354843	39.51032258064516	0.0	124.90000009536743	259.03048	-1.3480000064619644	-59.89692311744777	7879.842399999999	15	1595001676.2	11:01:16	23	-0.313	0.102	600.0	16.0	0.13	0.02	578.7988823529412	0.28549140271509	0.0416698730023522	1	20.002541176470586	-0.1014255203619868	0.013643157826495372	1	2	2	2/2	1.86681	1.8633	1.86899	1.86691	1.87162	1.86403	1.86564	1.86556	5	0	0	0	11111111	oooooooo	off	off	off	off	0.0	100.0	100.0	-0.313	0.102	2	330.715	487.123	20.9995	34.9182	29.9999	34.817	34.8035	30.444	46.6502	0	21.4842	600	16.396	100.619	100.767	
10	1595001773.7	1138.1000001430511	20200717 11:02:53	11:02:53		1595001765.6999993	0.008595824943206704	49.02302157920368	678.0691749377403	514.548107158634	51.42581282613803	67.76870420547802	0.5720337053940558	3.395393238322521	0.5233877579947308	0.3311425677755645	353.3387611858883	26.91516135221961	26.988358064516124	3.576713137894168	55.19262304048853	1.9809329952626282	3.5891263834470117	1.5957801426315397	-379.0758799954156	10.799503483860134	0.6865406120936329	-14.251074713573574	-0.041376355965991096	0.04644858433968992	3.4680014935071055	151.0	30.0	1	0	52663.0	0	0	0	0	0	-1	MPF-4921-20200717-11_02_55	257.58088	370.011	0.30385615562780577	0.5	1849.1877674509253	49.02302157920368	280.94354302580155	0.5283383466978009	0.027051347872671463	-1.0	DARK-4922-20200717-11_03_03	174.52	195.491	0.5751166038334248	2.120163878065551	0.30385615562780577	0	4921	300	300	300	9869.15	337.411	-0.00640156	1.72998	2200.0025806451617	1849.1877674509253	0.840538908326481	0.19107781665296214	0.5	0: Broadleaf	1595001765.6999993	678.0691935483869	700.0071612903225	19.8205	16.450729032258064	500.06077419354835	99.74364838709674	0.19999558064516137	27.047354838709676	26.988358064516124	999.9000000000003	10003.754193548386	0.0	357.87999999999994	2200.0025806451617	0.9819970322580648	0.018003109677419353	0.0	257.5936451612903	5.00054	7797.837741935484	20590.532258064515	47.78199999999999	49.4070322580645	48.10461290322579	48.41099999999998	49.25593548387096	2155.4825806451613	39.519999999999996	0.0	126.70000004768372	257.58088	-2.437999999999385	-21.79692305026738	7797.796400000001	15	1595001798.7	11:03:18	24	-0.262	0.1	700.0	16.0	0.09	0.03	677.9922745098039	0.29287601809972935	0.045360464098058245	1	19.822196078431368	0.0056231674208146575	0.0028488704871703456	1	2	2	2/2	1.86683	1.86331	1.86895	1.86691	1.8716	1.86402	1.86565	1.86554	5	0	0	0	11111111	oooooooo	off	off	off	off	0.0	100.0	100.0	-0.262	0.1	2	330.576	486.34	21.3833	35.1382	29.9998	35.0536	35.0401	34.4686	47.0643	0	21.3953	700	16.3872	100.577	100.725	
11	1595001914.2	1278.6000001430511	20200717 11:05:14	11:05:14		1595001906.1999993	0.00837750775333381	48.526036463887046	777.9748203654694	608.405618298398	60.8065417698893	77.75398021928424	0.5521357777656796	3.3920378296564353	0.506630266239666	0.32041928745636544	353.33855525115354	26.851354721800345	27.008109677419352	3.580864806091092	55.370298665710536	1.9741432477530383	3.5653469374828863	1.6067215583380539	-369.448091922021	-13.51951623645522	-0.8599043030004617	-30.48895721032312	-0.04132438438467325	0.04639024168670006	3.464554883821728	152.0	30.0	1	0	52953.0	0	0	0	0	0	-1	MPF-4923-20200717-11_05_15	255.24971999999997	358.918	0.288835555753682	0.5	1849.1866835799572	48.526036463887046	267.05543172206256	0.5073526543667356	0.026782604970962947	-1.0	DARK-4924-20200717-11_05_23	176.82	182.098	0.5692993882414965	2.0298495645288996	0.288835555753682	0	4923	300	300	300	9870.33	330.153	-0.00640259	2.24017	2200.0012903225806	1849.1866835799572	0.8405389086425561	0.19107781728511214	0.5	0: Broadleaf	1595001906.1999993	777.9748387096773	799.9893548387096	19.752477419354832	16.468096774193544	500.0657419354838	99.74408064516128	0.20000261290322577	26.93418064516129	27.008109677419352	999.9000000000003	9991.145483870967	0.0	361.2227096774194	2200.0012903225806	0.9819948064516132	0.018004803225806453	0.0	255.29616129032263	5.00054	7745.892903225807	20590.519354838714	47.46341935483869	49.06612903225805	47.778	48.13087096774193	48.965451612903216	2155.481290322581	39.519999999999996	0.0	140.10000014305115	255.24971999999997	-2.2415384630436246	-33.43692302863845	7745.108799999999	15	1595001946.3	11:05:46	25	-0.301	0.104	800.0	16.0	0.12	0.03	778.0047058823529	0.15433846153895978	0.09974345408128316	1	19.738980392156865	0.061538823529408614	0.01772274510237796	1	2	2	2/2	1.86679	1.8633	1.86898	1.8669	1.8716	1.86401	1.86563	1.86554	5	0	0	0	11111111	oooooooo	off	off	off	off	0.0	100.0	100.0	-0.301	0.104	2	330.022	486.177	21.3465	35.2888	30.0013	35.2408	35.2312	38.4069	47.3432	0	21.2962	800	16.3847	100.558	100.71	
12	1595002045.8	1410.2000000476837	20200717 11:07:25	11:07:25		1595002037.8000007	0.007771965614787466	48.84863426296544	977.4182717808865	788.9014644591665	78.8437792458633	97.68438001822751	0.5061955512089612	3.3961302760304872	0.46770723440042505	0.2955307973960981	353.34052895161307	26.871286220979584	26.994541935483873	3.5780124976808168	55.447655569754005	1.9633137828425478	3.540841831216234	1.614698714838269	-342.74368361212726	-32.53193585640584	-2.065337254236719	-24.000427771156765	-0.0413877749759302	0.046461403178706784	3.4687585695767944	152.0	30.0	1	0	52655.0	0	0	0	0	0	-1	MPF-4925-20200717-11_07_27	254.7034	352.401	0.27723417356931457	0.5	1849.1977200099545	48.84863426296544	256.33040083661024	0.5128277161529053	0.026956897969080934	-1.0	DARK-4926-20200717-11_07_35	171.68	180.721	0.5405990449366704	2.05266192917055	0.27723417356931457	0	4925	300	300	300	9871.27	323.456	-0.00640328	1.85172	2200.0145161290325	1849.1977200099545	0.840538872108741	0.19107774421748205	0.5	0: Broadleaf	1595002037.8000007	977.4182903225809	999.9935161290321	19.64468387096774	16.59734838709677	500.0622903225807	99.74122903225805	0.19999658064516126	26.816861290322574	26.994541935483873	999.9000000000003	10006.757741935484	0.0	359.4756129032258	2200.0145161290325	0.9819953548387096	0.018004380645161286	0.0	254.7485806451613	5.00054	7702.919677419354	20590.63870967742	47.24364516129032	48.84654838709677	47.550064516129005	47.90099999999999	48.737548387096744	2155.4893548387095	39.51741935483871	0.0	130.90000009536743	254.7034	-1.7296923074053174	-1041.596153827962	7688.424	15	1595002070.8	11:07:50	26	0.07	0.105	1000.0	17.0	0.11	0.03	977.0188039215686	0.2150117647057475	0.07696804012255812	1	19.6383568627451	0.06703276018099086	0.010199447407214743	1	2	2	2/2	1.8668	1.8633	1.86901	1.8669	1.87162	1.86401	1.8656	1.86554	5	0	0	0	11111111	oooooooo	off	off	off	off	0.0	100.0	100.0	0.07	0.105	2	329.999	485.91	21.3055	35.4035	30.0001	35.3862	35.3818	45.9888	47.0362	0	21.2667	1000	16.4884	100.538	100.692	
13	1595002182.3	1546.7000000476837	20200717 11:09:42	11:09:42		1595002174.3000007	0.0069755541261066105	48.59791611678962	1177.3704655592057	963.3516503231375	96.27396808765111	117.66225405911622	0.44514475045913277	3.3961308920184377	0.4150850853600208	0.26195957373698503	353.33934867265157	26.884951733380316	26.99973870967742	3.579104766546109	55.50306534598185	1.946086188099089	3.5062679438838886	1.63301857844702	-307.6219369613015	-64.01139862432657	-4.060574512720988	-22.354561425697483	-0.041387784519970834	0.046461413892728495	3.468759202312864	152.0	30.0	1	0	53040.0	0	0	0	0	0	-1	MPF-4927-20200717-11_09_43	253.74167999999997	340.932	0.2557410861990075	0.5	1849.1912463380204	48.59791611678962	236.45708896409087	0.49033824926964914	0.026821409746022255	-1.0	DARK-4928-20200717-11_09_51	173.76	167.17200000000003	0.5215605484171992	1.9620856353591163	0.25574108619900754	0	4927	300	300	300	9871.53	317.46	-0.00640339	1.57352	2200.0067741935486	1849.1912463380204	0.8405388874385963	0.19107777487719266	0.5	0: Broadleaf	1595002174.3000007	1177.3704838709677	1200.091935483871	19.473232258064513	16.737687096774188	500.0624838709678	99.7365193548387	0.1999556129032259	26.65012580645161	26.99973870967742	999.9000000000003	10007.232580645163	0.0	363.8970645161291	2200.0067741935486	0.981994387096774	0.018005345161290324	0.0	253.75954838709677	5.00054	7736.488709677421	20590.564516129038	47.215516129032245	48.83232258064514	47.479548387096756	47.893	48.68306451612901	2155.4796774193546	39.51838709677419	0.0	135.59999990463257	253.74167999999997	-1.1947692245068848	-30.086153834580024	7736.2316	15	1595002206.3	11:10:06	27	0.055	0.105	1200.0	17.0	0.27	0.04	1177.3498039215685	0.28647963800889126	0.05925981993843107	1	19.46657843137255	0.06316126696832158	0.009160407425768543	1	2	2	2/2	1.86684	1.86333	1.86901	1.86688	1.87161	1.86404	1.86563	1.86554	5	0	0	0	11111111	oooooooo	off	off	off	off	0.0	100.0	100.0	0.055	0.105	2	329.138	485.458	20.2114	35.5782	29.9973	35.5595	35.5561	53.2442	47.4721	0	20.8827	1200	16.5052	100.496	100.646	
14	1595002303.3	1667.7000000476837	20200717 11:11:43	11:11:43		1595002295.3000007	0.007101887846583489	47.72951233821634	1576.4396915924215	1353.0715838856763	135.21457437814527	157.5361011716391	0.4420943009550349	3.39252757229912	0.4124012482535356	0.2602522051913079	353.3373804746918	26.848783266082442	27.03690967741935	3.586925928471295	54.59523937379952	1.9133821286516497	3.504668448381032	1.6735437998196452	-313.19325403433186	-72.1591398192448	-4.582964741167194	-36.59797812005202	-0.04133196851275385	0.04639875553487664	3.4650579352803823	152.0	30.0	1	0	52814.0	0	0	0	0	0	-1	MPF-4929-20200717-11_11_45	254.24320000000003	338.739	0.24944219590894445	0.5	1849.185812612362	47.72951233821634	230.63248487084672	0.4877472035992312	0.02635187443352472	-1.0	DARK-4930-20200717-11_11_52	173.52	165.21899999999997	0.5114169677821556	1.9521611341632086	0.2494421959089445	0	4929	300	300	300	9871.91	313.309	-0.00640373	0.578064	2200.0009677419353	1849.185812612362	0.840538635994489	0.19107727198897811	0.5	0: Broadleaf	1595002295.3000007	1576.4397096774194	1600.0067741935484	19.14692258064516	16.36091612903226	500.06406451612906	99.73156774193546	0.20000719354838709	26.642377419354837	27.03690967741935	999.9000000000003	9994.232903225808	0.0	362.72487096774194	2200.0009677419353	0.9820055483870965	0.017994496774193545	0.0	254.2803870967742	5.00054	7744.559032258066	20590.577419354842	47.15099999999999	48.77599999999999	47.42899999999997	47.87480645161289	48.64899999999999	2155.5009677419353	39.5	0.0	120.09999990463257	254.24320000000003	-2.7184615281350784	-36.530769173700975	7744.1592	15	1595002339.3	11:12:19	28	-0.114	0.102	1600.0	16.0	0.21	0.04	1576.576862745098	0.28941176470604557	0.04783510057862422	1	19.158196078431374	-0.09093393665158765	0.011277792872378949	1	2	2	2/2	1.86676	1.86326	1.86892	1.86689	1.87152	1.86401	1.86554	1.86554	5	0	0	0	11111111	oooooooo	off	off	off	off	0.0	100.0	100.0	-0.114	0.102	2	329.717	484.883	20.8128	35.7573	30.001	35.7254	35.7197	66.9456	48.4774	0	20.7814	1600	16.4883	100.461	100.612	
