[Header]
File opened	2020-08-07 14:02:16
Console s/n	68C-571038
Console ver	Bluestem v.1.3.4
Scripts ver	2018.05  1.3.4, Mar 2018
Head s/n	68H-581038
Head ver	1.4.0
Head cal	{"co2aspanconc1": "1002", "chamberpressurezero": "2.59209", "co2azero": "0.869071", "h2oaspan1": "1.00223", "h2oazero": "1.00263", "ssb_ref": "36526.8", "h2obspan2a": "0.0975941", "tazero": "0.00774765", "co2aspan2b": "0.163711", "co2aspan2a": "0.164928", "h2oaspanconc2": "0", "h2oaspan2a": "0.0661155", "co2bspanconc1": "1002", "h2oaspan2b": "0.0662632", "h2obspan2b": "0.0963575", "co2aspanconc2": "0", "h2obspanconc1": "20", "co2aspan2": "0", "flowazero": "0.42932", "h2obspan1": "0.998578", "oxygen": "21", "co2bspan2a": "0.163389", "co2bspan1": "0.992131", "h2oaspan2": "0", "h2oaspanconc1": "12.19", "h2obzero": "1.01783", "tbzero": "0.197721", "co2aspan1": "0.992625", "h2obspan2": "0", "co2bzero": "0.880288", "flowmeterzero": "0.990908", "ssa_ref": "36614.9", "co2bspan2": "0", "h2obspanconc2": "0", "co2bspanconc2": "0", "co2bspan2b": "0.162103", "flowbzero": "0.22736"}
Chamber type	6800-01A
Chamber s/n	MPF-551037
Chamber rev	0
Chamber cal	0
Fluorometer	MPF-551037
Flr. Version	1.4.0
14:02:16	Stability Definition:	CO2_s (Meas): Slp<0.3	H2O_s (Meas): Slp<0.2
SysConst:AvgTime	4
SysConst:Oxygen	21
SysConst:Chamber	6800-01A 2 cm²
Const:S	2.0
Const:CustomBLC	2.0
LTConst:deltaTw	0
LTConst:fT1	1
LTConst:fT2	0
LTConst:fTeb	0
LQConst:Leaf	standard
LQConst:Ambient	Sun+Sky
LQConst:abs_ambient	0.49
LQConst:abs_redLED	0.84
LQConst:abs_greenLED	0.7
LQConst:abs_blueLED	0.87
LQConst:abs_whiteLED	0.75
LQConst:abs_redFlr	0.84
LQConst:abs_blueFlr	0.87
LQConst:k_ambient	0.39
LQConst:k_redLED	0.18
LQConst:k_greenLED	0.23
LQConst:k_blueLED	0.26
LQConst:k_whiteLED	0.21
LQConst:k_redFlr	0.19
LQConst:k_blueFlr	0.25
QConst:fQ_Amb_in	0.0
QConst:fQ_Amb_out	0.0
QConst:fQ_HeadLS	0.0
QConst:fQ_ConsoleLS	0.0
QConst:fQ_Flr	1.0
LeakConst:fan_a	-6276.0
LeakConst:fan_b	6.6
LeakConst:fan_c	1.709e-05
LeakConst:fan_d	3.11
LeakConst:Fs_meas	3.02491 76.925 386.185 618.874 847.247 1053.45 1228.52 1400.43
LeakConst:Fs_true	0.304308 100.02 403.273 601.289 800.851 1000.77 1199.91 1400.15
LeakConst:leak_wt	0.0
[Data]
Sys	Sys	Sys	Sys	Sys	UserDefVar	GasEx	GasEx	GasEx	GasEx	GasEx	GasEx	GasEx	GasEx	GasEx	GasEx	GasEx	GasEx	GasEx	GasEx	GasEx	GasEx	GasEx	GasEx	GasEx	GasEx	GasEx	GasEx	GasEx	GasEx	GasEx	GasEx	Leak	Leak	Leak	Leak	Leak	FLR	FLR	FLR	FLR	FLR	FLR	FLR	FLR	FLR	FLR	FLR	FLR	FLR	FLR	FLR	FLR	FLR	FLR	FLR	FLR	FLR	FLR	FLR	FLR	MPF	MPF	MPF	MPF	MPF	MPF	MPF	MPF	LeafQ	LeafQ	LeafQ	LeafQ	Const	Const	Meas	Meas	Meas	Meas	Meas	Meas	Meas	Meas	Meas	Meas	Meas	Meas	Meas	Meas	FlrLS	FlrLS	FlrLS	FlrLS	FlrLS	FlrLS	FlrLS	FlrLS	FlrLS	FlrLS	FlrLS	FlrLS	FlrLS	FlrLS	FlrLS	FlrLS	FlrLS	FlrStats	FlrStats	FlrStats	FlrStats	FlrStats	Match	Match	Match	Match	Match	Match	Match	Match	Match	Stability	Stability	Stability	Stability	Stability	Stability	Stability	Stability	Stability	Stability	Stability	Auxiliary	Auxiliary	Auxiliary	Auxiliary	Auxiliary	Auxiliary	Auxiliary	Auxiliary	Auxiliary	Auxiliary	Auxiliary	Auxiliary	Auxiliary	Auxiliary	Auxiliary	Auxiliary	Auxiliary	Auxiliary	Auxiliary	Status	Status	Status	Status	Status	Status	Status	Status	Status	Status	Status	Status	Status	Status	Status	Status	Status	Status	Status	Status	
obs	time	elapsed	date	hhmmss	plant	TIME	E	A	Ca	Ci	Pci	Pca	gsw	gbw	gtw	gtc	Rabs	TleafEB	TleafCnd	SVPleaf	RHcham	VPcham	SVPcham	VPDleaf	LatHFlux	SenHFlux	NetTherm	EBSum	blfa_1	blfa_2	blfa_3	Leak	LeakPct	CorrFact	CorrFactPct	Fan	DarkAdaptedID	Fo	Fm	Fv	Fv/Fm	Adark	LightAdaptedID	Fs	Fm'	PhiPS2	PS2/1	Qabs_fs	Afs	ETR	Fv'/Fm'	PhiCO2	NPQ	DarkPulseID	Fo'	Fv'	qP	qN	qP_Fo	qN_Fo	ID	P1_dur	P2_dur	P3_dur	P1_Qmax	P1_Fmax	P2_dQdt	P3_ΔF	Qin	Qabs	alpha	convert	K	Geometry	TIME	CO2_s	CO2_r	H2O_s	H2O_r	Flow	Pa	ΔPcham	Tair	Tleaf	Tleaf2	Fan_speed	Qamb_in	Qamb_out	Q	f_red	f_blue	f_farred	F	Q_modavg	F_dc	Pc	Tled	TDigital	TPreamp	TPwrSpy	TDrive	Q_red	Q_blue	Q_farred	TSPF	F_avg	dF/dt	dF_dc/dt	F_dc_avg	period	time	hhmmss	count	co2_adj	h2o_adj	co2_at	h2o_at	co2_cv	h2o_cv	CO2_s:MN	CO2_s:SLP	CO2_s:SD	CO2_s:OK	H2O_s:MN	H2O_s:SLP	H2O_s:SD	H2O_s:OK	Stable	Total	State	ADC_CH1	ADC_CH2	ADC_CH3	ADC_CH4	ADC_CH5	ADC_CH6	ADC_CH7	ADC_CH8	DAC_1	DAC_2	DAC_3	DAC_4	GPIO	GPIO_dir	excit_5v	power_12v	power_5v	ch1_pullup	AuxPower	MatchValveR	MatchValveS	MatchCO2	MatchH2O	DIAG	Flow_s	Flow_r	Txchg	Tirga	Tchopper	Ts	Tr	CO2_%	Desiccant_%	Humidifier_%	Txchg_sp	CO2_r_sp	H2O_r_sp	SS_s	SS_r	
	s	s				s	mol m⁻² s⁻¹	µmol m⁻² s⁻¹	µmol mol⁻¹	µmol mol⁻¹	Pa	Pa	mol m⁻² s⁻¹	mol m⁻² s⁻¹	mol m⁻² s⁻¹	mol m⁻² s⁻¹	W m⁻²	°C	°C	kPa	%	kPa	kPa	kPa	W m⁻²	W m⁻²	W m⁻²	W m⁻²				µmol s⁻¹	%		%	µmol s⁻¹						µmol m⁻² s⁻¹						µmol m⁻² s⁻¹	µmol m⁻² s⁻¹	µmol m⁻² s⁻¹		µmol µmol⁻¹										ms	ms	ms	µmol m⁻² s⁻¹		mol m⁻² s⁻²		µmol m⁻² s⁻¹	µmol m⁻² s⁻¹		J/µmol			s	µmol mol⁻¹	µmol mol⁻¹	mmol mol⁻¹	mmol mol⁻¹	µmol s⁻¹	kPa	kPa	°C	°C	°C	rpm	µmol m⁻² s⁻¹	µmol m⁻² s⁻¹	µmol m⁻² s⁻¹					µmol m⁻² s⁻¹			°C	°C	°C	°C	°C	µmol m⁻² s⁻¹	µmol m⁻² s⁻¹	µmol m⁻² s⁻¹	s		min⁻¹	min⁻¹		s	secs			µmol/mol	mmol/mol	µmol/mol	mmol/mol	%	%	µmol mol⁻¹	µmol mol⁻¹ min⁻¹	µmol mol⁻¹		mmol mol⁻¹	mmol mol⁻¹ min⁻¹	mmol mol⁻¹					V	V	V	V	V	V	V	V	V	V	V	V							V	%	%	µmol/mol	mmol/mol		µmol s⁻¹	µmol s⁻¹	°C	°C	°C	°C	°C	%	%	%	°C	µmol mol⁻¹	mmol mol⁻¹	%	%	
1	1596828136.5	0	20200807 14:22:16	14:22:16		1596828128.5	0.004437552044796691	26.636490903643402	388.67347382205355	212.43514347590113	21.226442936110946	38.83611335616764	0.2632747328992351	3.393730647494232	0.252431639532939	0.15870677074405087	353.3346518394469	26.89125417715057	27.004483870967746	3.5801023686803344	55.200081459575365	1.8715103177525547	3.390412239016561	1.7085920509277797	-195.69604517553407	-169.01159755799546	-10.698606253476422	-22.07159714755906	-0.041350601367433945	0.046419672546582774	3.4662937078708023	141.0	28.0	1	0	53014.0	0	0	0	0	0	-1	MPF-5849-20200807-14_22_18	260.3388	354.102	0.26479150075402	0.5	1849.171451322037	26.636490903643402	244.82244187352575	0.4796979401415411	0.014945337212449995	-1.0	DARK-5850-20200807-14_22_26	184.24	169.86199999999997	0.55199632642969	1.9219604863221882	0.26479150075402	0	5849	300	300	300	9878.6	326.274	-0.00640801	1.556	2199.9838709677415	1849.171451322037	0.8405386401803996	0.19107728036079924	0.5	0: Broadleaf	1596828128.5	388.6734838709677	400.01632258064507	18.730154838709677	16.98863548387097	500.0732258064516	99.71960645161289	0.2000329677419355	26.08073548387097	27.004483870967746	999.9000000000003	9999.937741935484	0.0	206.60067741935487	2199.9838709677415	0.9820059999999996	0.017994100000000002	0.0	260.3191290322581	5.00054	8538.374838709677	20590.429032258067	47.223516129032255	49.43312903225804	47.73367741935483	48.14699999999999	48.654999999999994	2155.483870967742	39.5	0.0	1306.3999998569489	260.3388	0.2850000163975026	-4.983846125498985	8538.423999999999	15	1596828161.5	14:22:41	75	-0.302	0.119	400.0	17.0	0.18	0.05	388.8532692307693	-0.05985144711011792	0.023801353698261356	1	18.72530576923077	0.03187996243488717	0.004661149307823325	1	2	2	2/2	1.86675	1.86325	1.8689	1.86684	1.8715	1.86401	1.86557	1.86553	5	0	0	0	11111111	oooooooo	off	off	off	off	0.0	100.0	100.0	-0.302	0.119	2	340.686	491.877	20.0963	32.7849	30.0003	32.8735	32.8945	22.1027	44.9338	0	20.0983	400	16.9446	100.894	101.513	
2	1596828253.5	117.0	20200807 14:24:13	14:24:13		1596828245.5	0.00454245047212902	19.743988879227278	291.56083120969123	163.61022350198073	16.34717434921437	29.13140535578441	0.2696105293071322	3.394482768543962	0.25825377886079015	0.1623891065283501	353.33479694224513	26.840798713250628	26.998835483870963	3.5789149037621333	55.22467026239283	1.8694096135188512	3.3850987332954543	1.7095052902432821	-200.32206582088978	-172.86851115017842	-10.938567179268135	-30.79434720809121	-0.041362251499328706	0.04643275084024225	3.467066272860792	141.0	28.0	1	0	52634.0	0	0	0	0	0	-1	MPF-5851-20200807-14_24_15	255.59972	336.254	0.23986117637262316	0.5	1849.1669029347927	19.743988879227278	221.7716743236298	0.4461329828046655	0.011218018690635614	-1.0	DARK-5852-20200807-14_24_23	186.24	150.014	0.5376450197981524	1.8054875429553265	0.23986117637262314	0	5851	300	300	300	9877.3	312.223	-0.00640695	1.21033	2199.9777419354837	1849.1669029347927	0.84053891441099	0.19107782882197996	0.5	0: Broadleaf	1596828245.5	291.5608387096774	299.98703225806446	18.70993225806451	16.927193548387095	500.06896774193564	99.71537741935485	0.1999823870967742	26.054216129032255	26.998835483870963	999.9000000000003	10003.179354838709	0.0	203.99225806451616	2199.9777419354837	0.9819950000000003	0.018004600000000003	0.0	255.60567741935483	5.00054	8430.20064516129	20590.29354838709	47.4776129032258	49.73374193548388	47.995870967741936	48.4352258064516	48.91299999999998	2155.4577419354837	39.519999999999996	0.0	116.10000014305115	255.59972	-1.3908461435640345	-15.801538391914796	8430.0624	15	1596828279.5	14:24:39	76	-0.358	0.118	300.0	17.0	0.44	0.05	291.62757692307696	-0.13318534961152756	0.02241509291822255	1	18.694032692307694	0.19240519081362517	0.0242352470679335	1	2	2	2/2	1.86676	1.86325	1.86891	1.86686	1.87149	1.86401	1.86556	1.86552	5	0	0	0	11111111	oooooooo	off	off	off	off	0.0	100.0	100.0	-0.358	0.118	2	341.025	491.102	20.2942	32.8754	29.9981	32.9203	32.9359	17.6217	45.1281	0	20.3402	300	16.9369	100.879	101.494	
3	1596828400.0	263.5	20200807 14:26:40	14:26:40		1596828392.0	0.005287940633498431	12.830406128746098	194.4870596729368	122.9746043803216	12.286659487290216	19.43162402454576	0.3194938694598665	3.39346148673697	0.3036738610825218	0.19115223060479003	353.3382463490514	26.68200931392555	26.974790322580642	3.573863716593943	55.55092749831797	1.8815691768749248	3.3871066813995085	1.6922945397190183	-233.19818193728082	-166.5832755471201	-10.543287770213764	-56.98649890556325	-0.041346432430374606	0.04641499254951472	3.466017231359439	142.0	28.0	1	0	52985.0	0	0	0	0	0	-1	MPF-5853-20200807-14_26_41	254.34839999999997	323.97	0.2149013797573851	0.5	1849.1850577735052	12.830406128746098	198.69621017113306	0.4190820137667069	0.007479189857503216	-1.0	DARK-5854-20200807-14_26_49	188.2	135.77000000000004	0.5127907490609122	1.7214133900106272	0.2149013797573851	0	5853	300	300	300	9876.03	303.942	-0.00640586	1.28262	2199.9993548387097	1849.1850577735052	0.8405389091166693	0.19107781823333853	0.5	0: Broadleaf	1596828392.0	194.48706451612904	200.02980645161293	18.832232258064515	16.757187096774196	500.0717096774194	99.71220322580648	0.1999660322580645	26.06424193548387	26.974790322580642	999.9000000000003	9999.671935483871	0.0	208.77167741935486	2199.9993548387097	0.981997419354839	0.018002906451612906	0.0	254.37703225806453	5.00054	8398.997741935485	20590.50967741936	47.79412903225806	50.08435483870967	48.31606451612901	48.78406451612903	49.20535483870966	2155.4793548387097	39.519999999999996	0.0	145.59999990463257	254.34839999999997	-0.5867692466170058	-22.48000002482263	8398.794	15	1596828424.5	14:27:04	77	-0.387	0.111	200.0	17.0	0.46	0.05	194.52194230769234	-0.042296593528586154	0.013696453024188959	1	18.82223846153846	0.15208025271063844	0.03284311866718807	1	2	2	2/2	1.86676	1.86325	1.8689	1.86685	1.8715	1.864	1.86555	1.86554	5	0	0	0	11111111	oooooooo	off	off	off	off	0.0	100.0	100.0	-0.387	0.111	2	340.259	489.836	20.4266	33.01	30.0009	33.0172	33.0259	12.9558	47.4142	0	20.4145	200	16.5665	100.855	101.463	
4	1596828516.0	379.5	20200807 14:28:36	14:28:36		1596828508.0	0.005456504316998126	4.8536481358616275	97.84322719460964	70.81505287898914	7.075282353449544	9.77572466065294	0.32901308958336123	3.3949405530258456	0.3122697774165194	0.19660190105589703	353.3407765927994	26.824672260562345	27.01106774193548	3.581486935189936	55.012713702177884	1.8833996195406393	3.4235715579071275	1.6980873156492968	-240.63184037961733	-140.13571027678668	-8.875172443196783	-36.301946506801414	-0.041369343015869114	0.04644071168880983	3.4675365017117024	142.0	28.0	1	0	52797.0	0	0	0	0	0	-1	MPF-5855-20200807-14_28_37	256.27443999999997	312.691	0.18042271763498152	0.5	1849.2007739026062	4.8536481358616275	166.8189145401096	0.3842483474100629	0.003165501668868503	-1.0	DARK-5856-20200807-14_28_45	192.54	120.15099999999998	0.4695471531656001	1.6240313701049132	0.18042271763498152	0	5855	300	300	300	9875.17	297.108	-0.00640525	1.28549	2200.018387096774	1849.2007739026062	0.8405387812884966	0.19107756257699315	0.5	0: Broadleaf	1596828508.0	97.84322903225805	99.99792580645162	18.850561290322577	16.709416129032256	500.0731612903225	99.7121387096774	0.19998541935483868	26.24541612903226	27.01106774193548	999.9000000000003	10005.219354838711	0.0	207.50577419354838	2200.018387096774	0.9819994838709678	0.01800094193548387	0.0	256.29129032258066	5.00054	8445.540967741936	20590.70322580645	47.96748387096773	50.2378064516129	48.49187096774194	48.94519354838708	49.3506129032258	2155.5074193548385	39.51096774193548	0.0	115.40000009536743	256.27443999999997	-1.1063846020565213	-13.200000005199865	8445.341999999999	15	1596828540.0	14:29:00	78	-0.313	0.115	100.0	17.0	0.31	0.04	97.7742	-0.08031588832921478	0.012685864331852318	1	18.834088461538464	0.14395799538973422	0.018016601893447514	1	2	2	2/2	1.86676	1.86325	1.86891	1.86678	1.8715	1.86401	1.86556	1.86554	5	0	0	0	11111111	oooooooo	off	off	off	off	0.0	100.0	100.0	-0.313	0.115	2	340.024	489.546	20.1592	33.0667	30.0001	33.0781	33.0858	8.11796	46.4698	0	20.1607	100	16.7613	100.843	101.452	
5	1596828631.5	495.0	20200807 14:30:31	14:30:31		1596828623.5	0.0061136471990879595	0.5087118873618203	49.65690303369593	46.0586774190548	4.601749533039741	4.961250369142696	0.37494938013349977	3.3953899185946192	0.35337165556655287	0.22269240963472933	353.33850844152045	26.733642738953886	26.98767741935483	3.576570145369401	55.17286225317882	1.8953618626758044	3.4353154526917837	1.6812082826935968	-269.611841479779	-125.2573479811276	-7.933207133287537	-49.46388815267366	-0.041376304535599005	0.04644852660456925	3.4679980835278768	143.0	29.0	1	0	52923.0	0	0	0	0	0	-1	MPF-5857-20200807-14_30_33	257.26308	304.814	0.15599979003589082	0.5	1849.1890932574502	0.5087118873618203	144.23655514241077	0.3632838386688276	0.0008158775610687493	-1.0	DARK-5858-20200807-14_30_40	194.08	110.73400000000001	0.4294157169433057	1.570558532563891	0.1559997900358908	0	5857	300	300	300	9874.33	293.345	-0.00640453	1.10953	2200.0045161290323	1849.1890932574502	0.8405387714890461	0.19107754297809257	0.5	0: Broadleaf	1596828623.5	49.65690322580646	49.98177741935484	18.970580645161288	16.57184193548387	500.06845161290323	99.71062903225807	0.1999587419354839	26.303406451612904	26.98767741935483	999.9000000000003	10007.054516129032	0.0	206.89929032258067	2200.0045161290323	0.9820005161290323	0.017999858064516133	0.0	257.2684516129032	5.00054	8466.219354838711	20590.564516129038	48.160999999999994	50.481709677419346	48.70732258064515	49.158903225806434	49.566064516129	2155.4945161290325	39.51	0.0	114.79999995231628	257.26308	-0.6521538644887812	-8.626153872161293	8466.1064	15	1596828659.5	14:30:59	79	-0.333	0.112	50.0	17.0	0.85	0.04	49.67237115384615	0.04705489626913846	0.00890644400546529	1	18.954578846153844	0.18853666865874524	0.023837295733774317	1	2	2	2/2	1.86676	1.86325	1.86891	1.86681	1.8715	1.86401	1.86559	1.86554	5	0	0	0	11111111	oooooooo	off	off	off	off	0.0	100.0	100.0	-0.333	0.112	2	339.429	489.236	20.5985	33.1557	30.0005	33.1568	33.1645	5.67947	47.265	0	20.5899	50	16.5027	100.827	101.434	
6	1596828751.0	614.5	20200807 14:32:31	14:32:31		1596828743.0	0.006707527027977538	30.90295649780753	386.61469795313985	252.3838102024001	25.21744619839579	38.629400742162304	0.41679605314121343	3.395816271417675	0.39031873830623737	0.24618779577259195	353.3378906373151	26.838285791678597	26.991003225806452	3.5772688908240857	54.7434950320187	1.9073459293438384	3.4841508168746964	1.6699229614802473	-295.8019419338094	-82.07145202087449	-5.20367570938794	-29.739179026756716	-0.04138290992940919	0.046455941737785465	3.468436027659741	143.0	29.0	1	0	52674.0	0	0	0	0	0	-1	MPF-5859-20200807-14_32_32	254.11720000000003	342.013	0.25699549432331503	0.5	1849.1858416445461	30.90295649780753	237.61621473455776	0.48627683743015615	0.01725243389784723	-1.0	DARK-5860-20200807-14_32_40	175.7	166.313	0.5284962690829939	1.9465737051792829	0.2569954943233151	0	5859	300	300	300	9873.63	314.803	-0.00640409	0.616699	2200.00064516129	1849.1858416445461	0.8405387724370307	0.1910775448740616	0.5	0: Broadleaf	1596828743.0	386.6147096774194	400.0111612903225	19.089293548387104	16.457896774193546	500.0754838709677	99.71706451612903	0.19998712903225807	26.542709677419356	26.991003225806452	999.9000000000003	10008.006129032257	0.0	205.79200000000006	2200.00064516129	0.9820016774193551	0.017998638709677422	0.0	254.10945161290323	5.00054	8406.754516129033	20590.56129032258	48.35658064516128	50.701322580645154	48.89899999999999	49.352451612903195	49.747709677419344	2155.4906451612906	39.51	0.0	119.09999990463257	254.11720000000003	0.18715384907408897	-27.568461600232467	8406.671999999999	15	1596828775.0	14:32:55	80	-0.285	0.108	400.0	16.0	0.18	0.03	386.5678461538461	-0.039668744130447714	0.015037625394817577	1	19.085115384615385	0.09145120805941606	0.011488914131848663	1	2	2	2/2	1.86676	1.86325	1.86892	1.86679	1.8715	1.86401	1.86555	1.86554	5	0	0	0	11111111	oooooooo	off	off	off	off	0.0	100.0	100.0	-0.285	0.108	2	339.224	489.636	21.0357	33.243	30.0004	33.2438	33.2502	22.098	47.7279	0	21.0409	400	16.5641	100.81	101.416	
7	1596828869.5	733.0	20200807 14:34:29	14:34:29		1596828861.5	0.006266081976939062	31.415370750845703	386.3700848518668	241.95896246011026	24.17683935519435	38.60657765325143	0.3900248363963864	3.3917183704788383	0.3667113360008051	0.23117299316985163	353.33618110151997	26.9750605851778	27.031990322580643	3.585889988755781	55.14923365732327	1.925600572492168	3.491618005894933	1.660289416263613	-276.33421518301265	-82.82356967516944	-5.259742391455938	-11.08134614811803	-0.0413194375232625	0.04638468840139763	3.464226743769093	143.0	29.0	1	0	52741.0	0	0	0	0	0	-1	MPF-5861-20200807-14_34_31	253.26612000000006	347.241	0.2706330185663557	0.5	1849.179328741389	31.415370750845703	250.22449180389475	0.48479586223977006	0.017529598263954553	-1.0	DARK-5862-20200807-14_34_38	178.9	168.34099999999998	0.5582411890151534	1.9409782001117941	0.27063301856635574	0	5861	300	300	300	9872.94	316.674	-0.00640358	0.479401	2199.993225806452	1849.179328741389	0.8405386466876665	0.1910772933753331	0.5	0: Broadleaf	1596828861.5	386.37009677419366	399.9027096774193	19.271183870967736	16.813406451612902	500.07190322580635	99.72122903225808	0.2000101290322581	26.57904193548387	27.031990322580643	999.9000000000003	9992.23870967742	0.0	209.76522580645164	2199.993225806452	0.9820027096774196	0.01799755483870968	0.0	253.28222580645158	5.00054	8369.96935483871	20590.48064516129	48.523870967741914	50.875	49.092483870967726	49.52593548387095	49.9392258064516	2155.4925806451615	39.50064516129032	0.0	117.70000004768372	253.26612000000006	-0.1465384669177081	-23.734615479358855	8369.5512	15	1596828893.5	14:34:53	81	-0.277	0.114	400.0	17.0	0.24	0.03	386.3992307692307	-0.2676718176386162	0.06107990207809512	1	19.259842307692306	0.05517664133868316	0.007183617744933475	1	2	2	2/2	1.86671	1.86323	1.8689	1.86678	1.87149	1.86399	1.86554	1.86546	5	0	0	0	11111111	oooooooo	off	off	off	off	0.0	100.0	100.0	-0.277	0.114	2	339.224	489.946	19.9796	33.328	30.0001	33.3275	33.334	22.1002	45.8125	0	19.971	400	16.844	100.795	101.398	
8	1596829015.0	878.5	20200807 14:36:55	14:36:55		1596829007.0064516	0.0043486811727236	32.40019239619	486.21772969651056	268.36039636104306	26.815094401499085	48.5838242091193	0.25905640465724855	3.394160299424292	0.24855181242794197	0.15625318514681302	353.33908230543676	27.007813702247088	27.01118709677419	3.5815120394347186	55.16594469175203	1.881056838035609	3.409815328181717	1.7004552013991097	-191.77683971711076	-152.59554209910743	-9.663220052048215	-0.6965195628296215	-0.04135725640559142	0.0464271434099279	3.4667350382268016	142.0	28.0	1	0	52939.0	0	0	0	0	0	-1	MPF-5863-20200807-14_36_56	255.08892	351.356	0.27398729493732854	0.5	1849.1945126123571	32.40019239619	253.3279011618057	0.4834299115427088	0.01806202223096885	-1.0	DARK-5864-20200807-14_37_04	181.5	169.856	0.5667570177091182	1.9358457300275482	0.2739872949373285	0	5863	300	300	300	9872.55	322.2	-0.00640332	1.54285	2200.011290322581	1849.1945126123571	0.8405386466635885	0.19107729332717663	0.5	0: Broadleaf	1596829007.0064516	486.21774193548396	500.02164516129034	18.82526129032258	17.118774193548386	500.0701290322581	99.72197741935484	0.19997367741935484	26.17726774193548	27.01118709677419	999.9000000000003	10001.309354838708	0.0	208.73029032258066	2200.011290322581	0.9820033548387097	0.017996877419354844	0.0	255.13167741935484	5.00054	8393.82064516129	20590.658064516138	48.543999999999976	50.87893548387097	49.120935483870966	49.49174193548387	49.92299999999998	2155.5103225806456	39.50096774193548	0.0	144.79999995231628	255.08892	-1.7876153909231396	-51.10384618997001	8393.135199999999	15	1596829036.5	14:37:16	82	-0.311	0.117	500.0	17.0	0.38	0.05	486.1103076923077	1.540742211043719	0.19553354408874335	0	18.826490384615383	-0.05740838885769357	0.009017851091785207	1	1	2	1/2	1.8667	1.86318	1.8689	1.86676	1.87149	1.86397	1.86554	1.86547	5	0	0	0	11111111	oooooooo	off	off	off	off	0.0	100.0	100.0	-0.311	0.117	2	340.148	489.478	19.3386	33.3715	30	33.3756	33.3814	26.4032	44.606	0	19.3465	500	17.0903	100.792	101.398	
9	1596829128.0	991.5	20200807 14:38:48	14:38:48		1596829120.0	0.0035838153316966334	34.636026679173185	585.2844707710955	299.1992114596808	29.896884650138883	58.483383778967706	0.2084798745088998	3.394037488650078	0.20161791032080986	0.12660889923815472	353.33741670993254	27.00478284101885	26.994254838709676	3.5779521635631335	54.825591700545814	1.8500344898738257	3.3743994957293046	1.7279176736893078	-158.04625612782152	-181.79883715850278	-11.50181529652005	1.9905081270882192	-0.04135535410511849	0.04642500791099636	3.466608889248559	143.0	29.0	1	0	52876.0	0	0	0	0	0	-1	MPF-5865-20200807-14_38_49	257.27316	359.748	0.28485172954401405	0.5	1849.1858319671962	34.636026679173185	263.3718912420712	0.492255690094177	0.019271198201460886	-1.0	DARK-5866-20200807-14_38_57	182.66	177.088	0.578666199855439	1.9694952370524472	0.28485172954401405	0	5865	300	300	300	9872.29	327.683	-0.00640312	0.72818	2200.0009677419353	1849.1858319671962	0.840538644792137	0.19107728958427397	0.5	0: Broadleaf	1596829120.0	585.2844838709678	599.9756129032259	18.5146	17.107835483870968	500.07835483870974	99.72300645161289	0.19999970967741937	26.0007064516129	26.994254838709676	999.9000000000003	10000.746129032259	0.0	207.92874193548388	2200.0009677419353	0.9820036774193549	0.017996538709677424	0.0	257.28561290322585	5.00054	8430.000000000002	20590.561290322574	48.63893548387096	50.941064516129	49.197161290322555	49.596483870967724	49.97358064516129	2155.500322580645	39.50064516129032	0.0	112.59999990463257	257.27316	-2.10023076654698	-37.49692320803713	8429.513599999998	15	1596829155.6	14:39:15	83	-0.331	0.12	600.0	17.0	0.28	0.07	585.2902115384616	0.11657303850432033	0.043761300315756466	1	18.496942307692308	0.15832357209937323	0.02128121549949845	1	2	2	2/2	1.86674	1.86325	1.8689	1.86684	1.87149	1.86401	1.86554	1.8655	5	0	0	0	11111111	oooooooo	off	off	off	off	0.0	100.0	100.0	-0.331	0.12	2	338.894	490.018	19.8326	33.4422	30.0008	33.4327	33.4377	30.5623	44.4162	0	19.8112	600	17.2102	100.782	101.383	
10	1596829277.1	1140.5999999046326	20200807 14:41:17	14:41:17		1596829269.0419354	0.0033907036932401746	35.39683645291058	684.9512446903373	376.03522146995454	37.57150608368361	68.43680694672874	0.1979854744347201	3.393776788976725	0.19178543842561052	0.12040677407988892	353.33691712153706	26.909138162012386	26.97229032258064	3.5733388968312108	55.424794342665365	1.8548613398601717	3.3466273747313138	1.718477556971039	-149.5300328718917	-203.30631328260148	-12.853114181242821	-12.352543214198931	-0.04135131605174489	0.04642047484233159	3.4663411034990417	143.0	29.0	1	0	52930.0	0	0	0	0	0	-1	MPF-5867-20200807-14_41_18	257.9022	363.797	0.29108211447593035	0.5	1849.1833739026845	35.39683645291058	269.1321032646642	0.499501095391111	0.019682653957728048	-1.0	DARK-5868-20200807-14_41_26	182.08	181.717	0.5827456979809266	1.9980063708260105	0.2910821144759303	0	5867	300	300	300	9871.95	331.952	-0.00640282	0.840179	2199.998064516129	1849.1833739026845	0.8405386367052994	0.19107727341059894	0.5	0: Broadleaf	1596829269.0419354	684.9512580645161	700.0369354838709	18.564419354838712	17.23349677419355	500.0677419354838	99.71487096774193	0.19998790322580645	25.861116129032254	26.97229032258064	999.9000000000003	10000.58548387097	0.0	207.17174193548388	2199.998064516129	0.9820041935483871	0.017995987096774194	0.0	257.9573870967742	5.00054	8443.414838709677	20590.54516129033	48.703387096774186	51.029999999999994	49.279999999999994	49.62667741935482	50.04212903225805	2155.498064516129	39.5	0.0	148.5	257.9022	-1.5913846043700586	-34.99846148350074	8442.962800000001	15	1596829299.1	14:41:39	84	-0.287	0.117	700.0	17.0	0.14	0.08	684.8296538461539	0.8753912981131478	0.11100881541838262	0	18.616236538461543	-0.5452373146149704	0.06949448796306464	0	0	2	0/2	1.86675	1.86325	1.86891	1.86678	1.8715	1.86398	1.86554	1.86546	5	0	0	0	11111111	oooooooo	off	off	off	off	0.0	100.0	100.0	-0.287	0.117	2	339.103	489.57	19.7544	33.5608	30.0007	33.5309	33.533	34.6043	44.6894	0	19.76	700	17.2254	100.763	101.358	
11	1596829420.6	1284.0999999046326	20200807 14:43:40	14:43:40		1596829412.5806448	0.0025898841863705546	36.759747222311	784.483405446688	359.63848229540895	35.93008347782065	78.3746891177011	0.14698399898632034	3.391705175082201	0.1435348234821869	0.09001241801556338	353.3378953115306	27.056166435527686	27.13235806451613	3.607077649588159	55.50543403118206	1.8536780341448194	3.3396334367972917	1.7533996154433398	-114.21389261894146	-238.90826813583323	-15.122578030755646	-14.906843473999714	-0.041319233195575296	0.04638445902566866	3.464213189813165	143.0	29.0	1	0	52894.0	0	0	0	0	0	-1	MPF-5869-20200807-14_43_42	258.44744	365.742	0.2933613312116192	0.5	1849.1885222897822	36.759747222311	271.24020328008874	0.49992070913376097	0.02041963097172726	-1.0	DARK-5870-20200807-14_43_49	182.9	182.842	0.5868157206768687	1.999682886823401	0.2933613312116192	0	5869	300	300	300	9871.55	333.519	-0.00640257	1.17685	2200.0041935483873	1849.1885222897822	0.8405386352047018	0.1910772704094038	0.5	0: Broadleaf	1596829412.5806448	784.4834193548387	799.9978387096774	18.5542	17.537609677419354	500.069870967742	99.70606129032257	0.2000534516129032	25.825803225806457	27.13235806451613	999.9000000000003	9993.70935483871	0.0	206.13738709677423	2200.0041935483873	0.9820047741935483	0.017995348387096776	0.0	258.46141935483877	5.00054	8446.990967741936	20590.58709677419	48.74974193548386	51.076225806451596	49.33841935483869	49.67919354838709	50.07635483870967	2155.5041935483873	39.5	0.0	143.0	258.44744	-0.512923083333337	-18.41384612432413	8446.6336	15	1596829446.6	14:44:06	85	-0.381	0.12	800.0	17.0	0.22	0.08	784.5727884615384	0.06919313577828061	0.027987178753066815	1	18.507701923076922	0.46677150520570776	0.06174080900265046	0	1	2	1/2	1.8667	1.86324	1.8689	1.86677	1.87149	1.86399	1.86554	1.86547	5	0	0	0	11111111	oooooooo	off	off	off	off	0.0	100.0	100.0	-0.381	0.12	2	338.571	489.234	19.6211	33.6524	30.0028	33.6217	33.6236	38.5611	44.183	0	19.2378	800	17.3389	100.75	101.345	
12	1596829568.1	1431.5999999046326	20200807 14:46:08	14:46:08		1596829560.0999994	0.002496602193590096	40.51984167160043	982.8301459805853	498.81634588851995	49.83219625717699	98.18560503412246	0.14286229601953274	3.3913521509989777	0.1396012080591277	0.08753755079794007	353.33762273493585	27.03779316635737	27.010890322580646	3.581449618353183	55.32611227434384	1.8433486402057755	3.3317877660827153	1.7381009781474075	-110.10015673732323	-223.93166158856187	-14.164606253289646	5.141198155761089	-0.04131376683177623	0.04637832255342444	3.4638505732192337	144.0	29.0	1	0	52971.0	0	0	0	0	0	-1	MPF-5871-20200807-14_46_09	261.10312	373.637	0.30118505394273054	0.5	1849.1815595892135	40.51984167160043	278.4729238873899	0.5202295275896124	0.022453090912729984	-1.0	DARK-5872-20200807-14_46_17	179.26	194.377	0.5789464802934504	2.0843300234296556	0.30118505394273054	0	5871	300	300	300	9870.93	340.239	-0.00640216	0.726166	2199.995161290323	1849.1815595892135	0.8405389212331935	0.19107784246638715	0.5	0: Broadleaf	1596829560.0999994	982.8301612903226	1000.0169677419353	18.45177419354839	17.471709677419355	500.0763548387096	99.70088064516129	0.20000806451612907	25.786112903225806	27.010890322580646	999.9000000000003	9992.906451612902	0.0	204.33254838709678	2199.995161290323	0.9819929999999998	0.018006700000000004	0.0	261.124129032258	5.00054	8477.68612903226	20590.44838709677	48.840387096774165	51.18903225806449	49.43299999999997	49.792064516129024	50.14099999999999	2155.465161290323	39.52064516129032	0.0	146.59999990463257	261.10312	-2.2863846123352722	-63.45461547452694	8477.099999999999	15	1596829604.1	14:46:44	86	-0.096	0.122	1000.0	17.0	0.37	0.09	982.4937884615385	0.43074703321094215	0.07399540956096486	0	18.48679807692308	-0.36882352941182467	0.04754194702650463	0	0	2	0/2	1.86672	1.86324	1.8689	1.86677	1.87149	1.86396	1.86554	1.86548	5	0	0	0	11111111	oooooooo	off	off	off	off	0.0	100.0	100.0	-0.096	0.122	2	338.176	489.398	19.5714	33.777	30.001	33.7332	33.735	46.1401	44.0605	0	19.55	1000	17.4425	100.727	101.316	
13	1596829725.6	1589.0999999046326	20200807 14:48:45	14:48:45		1596829717.5999994	0.002052752320919057	40.53038057178092	1182.8459201745454	590.4554972968465	58.98567777082217	118.16465189902469	0.1162470890139211	3.392963733368687	0.11407896530940981	0.07149078249147531	353.33621782399945	27.047166586902268	27.025238709677417	3.5844686291473766	55.39233030212504	1.8356448384516442	3.3138971197628466	1.7488237906957325	-90.52637735253042	-243.27433153984637	-15.374921382595945	4.160587549026701	-0.04133872329532405	0.046406338370063145	3.465505949809857	144.0	29.0	1	0	52953.0	0	0	0	0	0	-1	MPF-5873-20200807-14_48_47	259.39124000000004	373.701	0.3058856144350697	0.5	1849.1747224634792	40.53038057178092	282.81797308927037	0.5218637359814398	0.02245887317584244	-1.0	DARK-5874-20200807-14_48_54	178.68	195.02100000000002	0.5861407745832499	2.09145399597045	0.3058856144350697	0	5873	300	300	300	9870.62	338.087	-0.00640186	1.08481	2199.9870967741936	1849.1747224634792	0.840538894603016	0.19107778920603202	0.5	0: Broadleaf	1596829717.5999994	1182.8459354838706	1200.0267741935484	18.37508064516129	17.569187096774193	500.07419354838703	99.69859032258064	0.200010064516129	25.6953	27.025238709677417	999.9000000000003	9999.172580645161	0.0	201.86396774193548	2199.9870967741936	0.9819945806451611	0.018005138709677418	0.0	259.408	5.00054	8388.897741935485	20590.37741935484	48.96958064516129	51.28599999999999	49.549999999999976	49.91299999999998	50.23774193548387	2155.468064516129	39.51870967741935	0.0	156.90000009536743	259.39124000000004	-2.9112307804577715	-106.86769207868885	8387.6168	15	1596829744.1	14:49:04	87	-0.102	0.124	1200.0	18.0	0.26	0.1	1182.7076923076925	1.4518227610346361	0.19024898043408484	0	18.41483076923077	-0.4236769401519868	0.054109378322849094	0	0	2	0/2	1.86669	1.86321	1.8689	1.86677	1.87149	1.86399	1.86553	1.86543	5	0	0	0	11111111	oooooooo	off	off	off	off	0.0	100.0	100.0	-0.102	0.124	2	338.273	488.886	19.3392	33.9008	30.0014	33.8529	33.8515	53.4274	43.8294	0	19.322	1200	17.5275	100.703	101.292	
14	1596829865.6	1729.0999999046326	20200807 14:51:05	14:51:05		1596829857.5999994	0.0018616333369451828	44.29115262523018	1581.1243381042182	864.1822637764142	86.3309264344631	157.95270817075044	0.10545919209736572	3.39253759000572	0.1036712503632085	0.06495264601878425	353.33618700170433	27.029510753535405	27.002564516129027	3.5796988226118627	55.55664686766244	1.834415316969667	3.301882709623023	1.7452835056421956	-82.09803015928256	-250.29480886158774	-15.813956703605834	5.129391277228223	-0.04133212365157134	0.04639892969179018	3.4650682252284253	144.0	29.0	1	0	52947.0	0	0	0	0	0	-1	MPF-5875-20200807-14_51_07	259.81188000000003	368.392	0.29474071098178023	0.5	1849.1742190638258	44.29115262523018	272.5134620280251	0.5227366500901214	0.024492636852875636	-1.0	DARK-5876-20200807-14_51_15	175.82	192.572	0.5638416799950147	2.0952792628824937	0.2947407109817802	0	5875	300	300	300	9869.85	337.556	-0.00640128	1.96359	2199.986451612903	1849.1742190638258	0.8405389122774453	0.19107782455489047	0.5	0: Broadleaf	1596829857.5999994	1581.12435483871	1600.0154838709682	18.362703225806456	17.631829032258064	500.07203225806444	99.69896451612904	0.20001519354838707	25.634074193548393	27.002564516129027	999.9000000000003	9997.538709677418	0.0	196.49548387096772	2199.986451612903	0.9819947419354841	0.018004870967741938	0.0	259.8981612903226	5.00054	8445.189677419354	20590.380645161287	49.134677419354816	51.435096774193525	49.72154838709676	50.09667741935484	50.400999999999996	2155.4664516129033	39.519999999999996	0.0	139.29999995231628	259.81188000000003	-4.712692318177702	-136.3361539524436	8443.233199999999	15	1596829887.6	14:51:27	88	-0.187	0.123	1600.0	18.0	0.39	0.15	1581.1284615384614	1.0067787927946	0.16869846353075127	0	18.348371153846156	0.12463843592585902	0.02455486272175059	1	1	2	1/2	1.86673	1.86325	1.8689	1.86679	1.87149	1.86399	1.86554	1.86546	5	0	0	0	11111111	oooooooo	off	off	off	off	0.0	100.0	100.0	-0.187	0.123	2	338.171	489.752	19.3641	34.0291	30.0013	33.972	33.9691	67.1692	44.1548	0	19.3133	1600	17.5352	100.683	101.269	
15	1596830009.1	1872.5999999046326	20200807 14:53:29	14:53:29		1596830001.0999994	0.0015541716001148899	44.538343442595554	1781.0220477010666	915.1050635149353	91.41715533270317	177.92052047038007	0.08721883047198295	3.39585942820908	0.08599319393820186	0.05385442991362717	353.33865821852095	27.04945466496008	26.994451612903227	3.577993516064895	55.318777231897	1.8213091945916153	3.2923887434399797	1.7566843214732797	-68.53896756506664	-257.9374027223269	-16.276269220568114	10.586018710559301	-0.041383578569310624	0.0464566923446509	3.4684803577970205	144.0	29.0	1	0	52921.0	0	0	0	0	0	-1	MPF-5877-20200807-14_53_30	258.58456	368.404	0.2980951346890913	0.5	1849.1872255154415	44.538343442595554	275.6168575276863	0.5105373448713912	0.024626139968007957	-1.0	DARK-5878-20200807-14_53_38	180.32	188.084	0.583885072627124	2.0430567879325645	0.29809513468909127	0	5877	300	300	300	9869.97	337.596	-0.00640126	1.65585	2200.0019354838714	1849.1872255154415	0.8405389084845185	0.19107781696903703	0.5	0: Broadleaf	1596830001.0999994	1781.022064516129	1799.9419354838712	18.231690322580643	17.62144193548387	500.07061290322594	99.69801935483872	0.19996938709677423	25.585554838709676	26.994451612903227	999.9000000000003	10010.079677419353	0.0	207.0220322580645	2200.0019354838714	0.9819944193548389	0.018005209677419358	0.0	258.61493548387097	5.00054	8402.607741935484	20590.50967741936	49.19932258064514	51.495935483870966	49.78199999999998	50.11458064516127	50.47745161290321	2155.4819354838705	39.519999999999996	0.0	142.5	258.58456	0.13523077222395088	-30.43999999701001	8402.6204	15	1596830036.6	14:53:56	89	-0.153	0.125	1800.0	18.0	0.11	0.13	1780.9817307692306	0.27728165286298484	0.0713528920724105	1	18.27238653846154	-0.4363310851190464	0.054968179707222044	0	1	2	1/2	1.8667	1.86323	1.8689	1.86677	1.87148	1.86398	1.86554	1.86544	5	0	0	0	11111111	oooooooo	off	off	off	off	0.0	100.0	100.0	-0.153	0.125	2	338.17	489.881	19.3213	34.1329	30.0003	34.0829	34.079	73.647	44.1908	0	19.3417	1800	17.5781	100.663	101.241	
