[Header]
File opened	2020-08-07 12:34:16
Console s/n	68C-571038
Console ver	Bluestem v.1.3.4
Scripts ver	2018.05  1.3.4, Mar 2018
Head s/n	68H-581038
Head ver	1.4.0
Head cal	{"co2aspanconc1": "1002", "chamberpressurezero": "2.59209", "co2azero": "0.869071", "h2oaspan1": "1.00223", "h2oazero": "1.00263", "ssb_ref": "36526.8", "h2obspan2a": "0.0975941", "tazero": "0.00774765", "co2aspan2b": "0.163711", "co2aspan2a": "0.164928", "h2oaspanconc2": "0", "h2oaspan2a": "0.0661155", "co2bspanconc1": "1002", "h2oaspan2b": "0.0662632", "h2obspan2b": "0.0963575", "co2aspanconc2": "0", "h2obspanconc1": "20", "co2aspan2": "0", "flowazero": "0.42932", "h2obspan1": "0.998578", "oxygen": "21", "co2bspan2a": "0.163389", "co2bspan1": "0.992131", "h2oaspan2": "0", "h2oaspanconc1": "12.19", "h2obzero": "1.01783", "tbzero": "0.197721", "co2aspan1": "0.992625", "h2obspan2": "0", "co2bzero": "0.880288", "flowmeterzero": "0.990908", "ssa_ref": "36614.9", "co2bspan2": "0", "h2obspanconc2": "0", "co2bspanconc2": "0", "co2bspan2b": "0.162103", "flowbzero": "0.22736"}
Chamber type	6800-01A
Chamber s/n	MPF-551037
Chamber rev	0
Chamber cal	0
Fluorometer	MPF-551037
Flr. Version	1.4.0
12:34:16	Stability Definition:	CO2_s (Meas): Slp<0.3	H2O_s (Meas): Slp<0.2
SysConst:AvgTime	4
SysConst:Oxygen	21
SysConst:Chamber	6800-01A 2 cm²
Const:S	2.0
Const:CustomBLC	2.0
LTConst:deltaTw	0
LTConst:fT1	1
LTConst:fT2	0
LTConst:fTeb	0
LQConst:Leaf	standard
LQConst:Ambient	Sun+Sky
LQConst:abs_ambient	0.49
LQConst:abs_redLED	0.84
LQConst:abs_greenLED	0.7
LQConst:abs_blueLED	0.87
LQConst:abs_whiteLED	0.75
LQConst:abs_redFlr	0.84
LQConst:abs_blueFlr	0.87
LQConst:k_ambient	0.39
LQConst:k_redLED	0.18
LQConst:k_greenLED	0.23
LQConst:k_blueLED	0.26
LQConst:k_whiteLED	0.21
LQConst:k_redFlr	0.19
LQConst:k_blueFlr	0.25
QConst:fQ_Amb_in	0.0
QConst:fQ_Amb_out	0.0
QConst:fQ_HeadLS	0.0
QConst:fQ_ConsoleLS	0.0
QConst:fQ_Flr	1.0
LeakConst:fan_a	-6276.0
LeakConst:fan_b	6.6
LeakConst:fan_c	1.709e-05
LeakConst:fan_d	3.11
LeakConst:Fs_meas	3.02491 76.925 386.185 618.874 847.247 1053.45 1228.52 1400.43
LeakConst:Fs_true	0.304308 100.02 403.273 601.289 800.851 1000.77 1199.91 1400.15
LeakConst:leak_wt	0.0
[Data]
Sys	Sys	Sys	Sys	Sys	UserDefVar	GasEx	GasEx	GasEx	GasEx	GasEx	GasEx	GasEx	GasEx	GasEx	GasEx	GasEx	GasEx	GasEx	GasEx	GasEx	GasEx	GasEx	GasEx	GasEx	GasEx	GasEx	GasEx	GasEx	GasEx	GasEx	GasEx	Leak	Leak	Leak	Leak	Leak	FLR	FLR	FLR	FLR	FLR	FLR	FLR	FLR	FLR	FLR	FLR	FLR	FLR	FLR	FLR	FLR	FLR	FLR	FLR	FLR	FLR	FLR	FLR	FLR	MPF	MPF	MPF	MPF	MPF	MPF	MPF	MPF	LeafQ	LeafQ	LeafQ	LeafQ	Const	Const	Meas	Meas	Meas	Meas	Meas	Meas	Meas	Meas	Meas	Meas	Meas	Meas	Meas	Meas	FlrLS	FlrLS	FlrLS	FlrLS	FlrLS	FlrLS	FlrLS	FlrLS	FlrLS	FlrLS	FlrLS	FlrLS	FlrLS	FlrLS	FlrLS	FlrLS	FlrLS	FlrStats	FlrStats	FlrStats	FlrStats	FlrStats	Match	Match	Match	Match	Match	Match	Match	Match	Match	Stability	Stability	Stability	Stability	Stability	Stability	Stability	Stability	Stability	Stability	Stability	Auxiliary	Auxiliary	Auxiliary	Auxiliary	Auxiliary	Auxiliary	Auxiliary	Auxiliary	Auxiliary	Auxiliary	Auxiliary	Auxiliary	Auxiliary	Auxiliary	Auxiliary	Auxiliary	Auxiliary	Auxiliary	Auxiliary	Status	Status	Status	Status	Status	Status	Status	Status	Status	Status	Status	Status	Status	Status	Status	Status	Status	Status	Status	Status	
obs	time	elapsed	date	hhmmss	plant	TIME	E	A	Ca	Ci	Pci	Pca	gsw	gbw	gtw	gtc	Rabs	TleafEB	TleafCnd	SVPleaf	RHcham	VPcham	SVPcham	VPDleaf	LatHFlux	SenHFlux	NetTherm	EBSum	blfa_1	blfa_2	blfa_3	Leak	LeakPct	CorrFact	CorrFactPct	Fan	DarkAdaptedID	Fo	Fm	Fv	Fv/Fm	Adark	LightAdaptedID	Fs	Fm'	PhiPS2	PS2/1	Qabs_fs	Afs	ETR	Fv'/Fm'	PhiCO2	NPQ	DarkPulseID	Fo'	Fv'	qP	qN	qP_Fo	qN_Fo	ID	P1_dur	P2_dur	P3_dur	P1_Qmax	P1_Fmax	P2_dQdt	P3_ΔF	Qin	Qabs	alpha	convert	K	Geometry	TIME	CO2_s	CO2_r	H2O_s	H2O_r	Flow	Pa	ΔPcham	Tair	Tleaf	Tleaf2	Fan_speed	Qamb_in	Qamb_out	Q	f_red	f_blue	f_farred	F	Q_modavg	F_dc	Pc	Tled	TDigital	TPreamp	TPwrSpy	TDrive	Q_red	Q_blue	Q_farred	TSPF	F_avg	dF/dt	dF_dc/dt	F_dc_avg	period	time	hhmmss	count	co2_adj	h2o_adj	co2_at	h2o_at	co2_cv	h2o_cv	CO2_s:MN	CO2_s:SLP	CO2_s:SD	CO2_s:OK	H2O_s:MN	H2O_s:SLP	H2O_s:SD	H2O_s:OK	Stable	Total	State	ADC_CH1	ADC_CH2	ADC_CH3	ADC_CH4	ADC_CH5	ADC_CH6	ADC_CH7	ADC_CH8	DAC_1	DAC_2	DAC_3	DAC_4	GPIO	GPIO_dir	excit_5v	power_12v	power_5v	ch1_pullup	AuxPower	MatchValveR	MatchValveS	MatchCO2	MatchH2O	DIAG	Flow_s	Flow_r	Txchg	Tirga	Tchopper	Ts	Tr	CO2_%	Desiccant_%	Humidifier_%	Txchg_sp	CO2_r_sp	H2O_r_sp	SS_s	SS_r	
	s	s				s	mol m⁻² s⁻¹	µmol m⁻² s⁻¹	µmol mol⁻¹	µmol mol⁻¹	Pa	Pa	mol m⁻² s⁻¹	mol m⁻² s⁻¹	mol m⁻² s⁻¹	mol m⁻² s⁻¹	W m⁻²	°C	°C	kPa	%	kPa	kPa	kPa	W m⁻²	W m⁻²	W m⁻²	W m⁻²				µmol s⁻¹	%		%	µmol s⁻¹						µmol m⁻² s⁻¹						µmol m⁻² s⁻¹	µmol m⁻² s⁻¹	µmol m⁻² s⁻¹		µmol µmol⁻¹										ms	ms	ms	µmol m⁻² s⁻¹		mol m⁻² s⁻²		µmol m⁻² s⁻¹	µmol m⁻² s⁻¹		J/µmol			s	µmol mol⁻¹	µmol mol⁻¹	mmol mol⁻¹	mmol mol⁻¹	µmol s⁻¹	kPa	kPa	°C	°C	°C	rpm	µmol m⁻² s⁻¹	µmol m⁻² s⁻¹	µmol m⁻² s⁻¹					µmol m⁻² s⁻¹			°C	°C	°C	°C	°C	µmol m⁻² s⁻¹	µmol m⁻² s⁻¹	µmol m⁻² s⁻¹	s		min⁻¹	min⁻¹		s	secs			µmol/mol	mmol/mol	µmol/mol	mmol/mol	%	%	µmol mol⁻¹	µmol mol⁻¹ min⁻¹	µmol mol⁻¹		mmol mol⁻¹	mmol mol⁻¹ min⁻¹	mmol mol⁻¹					V	V	V	V	V	V	V	V	V	V	V	V							V	%	%	µmol/mol	mmol/mol		µmol s⁻¹	µmol s⁻¹	°C	°C	°C	°C	°C	%	%	%	°C	µmol mol⁻¹	mmol mol⁻¹	%	%	
1	1596822733.9	0	20200807 12:52:13	12:52:13		1596822725.9000006	0.00510263449934948	29.08140458821077	387.5713438707221	219.22777229229987	21.907574957150874	38.730258389756806	0.3034604231963422	3.3926652631668683	0.28914699801484034	0.18194660688956707	353.3391624809768	26.92826495285596	27.046009677419356	3.5888429357279787	54.650604858579435	1.873544734208949	3.4282232356936615	1.7152982015190297	-225.0261814213121	-142.22780547104279	-9.016326340628835	-22.931150752006886	-0.04133410087503916	0.04640114929834709	3.465199368070331	137.0	27.0	1	0	53057.0	0	0	0	0	0	-1	MPF-5789-20200807-12_52_15	257.38584000000003	365.49	0.29577870803578754	0.5	1849.192364225188	29.08140458821077	273.4758642000848	0.5077293496402091	0.01626732035572453	-1.0	DARK-5790-20200807-12_52_23	179.92	185.57000000000002	0.5825519211079375	2.0314028457092044	0.2957787080357875	0	5789	300	300	300	9867.95	331.268	-0.00640029	0.429626	2200.008387096774	1849.192364225188	0.8405387793386833	0.19107755867736673	0.5	0: Broadleaf	1596822725.9000006	387.5713548387097	399.9931290322581	18.748448387096772	16.745958064516127	500.07412903225804	99.73068064516127	0.19997470967741937	26.268406451612908	27.046009677419356	999.9000000000003	9994.837419354839	0.0	345.3677741935484	2200.008387096774	0.9819996774193548	0.01800063870967742	0.0	257.4101935483871	5.00054	8337.872258064517	20590.619354838705	48.90906451612902	51.201225806451596	49.376999999999995	49.92906451612902	50.159	2155.497741935484	39.51064516129032	0.0	2220.2000000476837	257.38584000000003	-0.6529230826610116	-23.399230731295095	8337.3668	15	1596822758.9	12:52:38	45	-0.275	0.113	400.0	17.0	0.36	0.04	387.9989807692308	-0.2615504140698269	0.03531968855197327	1	18.76454230769231	-0.012594211559798939	0.0017507521629555169	1	2	2	2/2	1.86675	1.86325	1.8689	1.8668	1.87151	1.86401	1.86554	1.86552	5	0	0	0	11111111	oooooooo	off	off	off	off	0.0	100.0	100.0	-0.275	0.113	2	345.214	496.603	20.5556	32.7229	30.0006	32.7906	32.8104	22.1115	44.0913	0	20.5056	400	16.8168	100.929	101.492	
2	1596822850.9	117.0	20200807 12:54:10	12:54:10		1596822842.9000006	0.005157530685627176	21.75624879067407	290.7408627447343	168.10252367447174	16.798420970203257	29.053623341692994	0.312335434053202	3.3943959910608386	0.2972023039705944	0.18704997464299106	353.33655206153713	26.845160297758106	27.011419354838708	3.581560891378362	55.50491482555447	1.8949405242946022	3.414004922357202	1.6866203670837596	-227.44710323615845	-148.84581073863058	-9.42610192366924	-32.38246383692115	-0.04136090728237205	0.046431241838948534	3.46697713651243	136.0	27.0	1	0	52908.0	0	0	0	0	0	-1	MPF-5791-20200807-12_54_12	251.23175999999995	341.737	0.2648388673160942	0.5	1849.1787964832554	21.75624879067407	244.8672089627818	0.47714177861923057	0.012306137640098197	-1.0	DARK-5792-20200807-12_54_20	178.68	163.05700000000002	0.5550527729566965	1.912564360868592	0.26483886731609413	0	5791	300	300	300	9866.73	315.191	-0.0063993	0.982483	2199.9922580645166	1849.1787964832554	0.8405387744910086	0.19107754898201737	0.5	0: Broadleaf	1596822842.9000006	290.7408709677419	300.0417419354839	18.96275161290323	16.939170967741934	500.0769032258064	99.72960645161291	0.20001151612903223	26.19804838709677	27.011419354838708	999.9000000000003	10001.427096774194	0.0	345.3163225806451	2199.9922580645166	0.9820014193548389	0.017998809677419354	0.0	251.2534516129032	5.00054	8214.91064516129	20590.483870967742	49.21548387096774	51.586387096774175	49.709387096774186	50.318258064516115	50.48577419354838	2155.4822580645164	39.51	0.0	116.0	251.23175999999995	-1.3421538566320697	-6.237692247251214	8214.765599999999	15	1596822874.4	12:54:34	46	-0.356	0.118	300.0	17.0	0.33	0.05	290.8151730769231	0.03475625373519903	0.018111536011240898	1	18.96361730769231	-0.09689592760181137	0.018549390630192855	1	2	2	2/2	1.8667	1.86325	1.8689	1.86678	1.87149	1.86401	1.86554	1.86544	5	0	0	0	11111111	oooooooo	off	off	off	off	0.0	100.0	100.0	-0.356	0.118	2	345.903	495.633	19.6565	32.8094	30.0002	32.8402	32.8562	17.6384	42.9432	0	19.6728	300	16.8493	100.913	101.473	
3	1596822965.9	232.0	20200807 12:56:05	12:56:05		1596822957.9000006	0.005648380288148035	13.765617595115696	194.04841413970962	122.06517867845808	12.198263245575957	19.391718946301403	0.341347960358464	3.3940430877616348	0.3233580517722457	0.20363606045814894	353.3406707562389	26.685527968418338	26.983570967741937	3.5757075522622004	55.15852779137336	1.8777306211551652	3.4042435437314866	1.6979769311070352	-249.09357070732833	-152.60030683462745	-9.661180709356385	-58.01438749507321	-0.04135544083292871	0.04642510527056111	3.4666146405522276	137.0	27.0	1	0	52792.0	0	0	0	0	0	-1	MPF-5793-20200807-12_56_07	249.1302	323.503	0.2298983317001697	0.5	1849.200473902613	13.765617595115696	212.564051964687	0.4419835364741594	0.007984865785781383	-1.0	DARK-5794-20200807-12_56_15	180.52	142.98299999999998	0.5201513466635893	1.7920618214048303	0.22989833170016966	0	5793	300	300	300	9866.36	303.921	-0.00639886	1.58069	2200.018064516129	1849.200473902613	0.8405387681711266	0.1910775363422535	0.5	0: Broadleaf	1596822957.9000006	194.0484193548387	199.99219354838706	18.790012903225804	16.57344838709677	500.07541935483874	99.73237419354841	0.20000109677419353	26.14959677419355	26.983570967741937	999.9000000000003	9999.827741935485	0.0	344.4608387096775	2200.018064516129	0.9820016774193552	0.017998538709677415	0.0	249.15745161290326	5.00054	8180.282258064516	20590.71935483871	49.32229032258062	51.769999999999996	49.87893548387097	50.45535483870966	50.59438709677417	2155.5080645161293	39.51	0.0	114.20000004768372	249.1302	-1.9277692320185988	-28.608461388705305	8179.9947999999995	15	1596822989.9	12:56:29	47	-0.306	0.111	200.0	17.0	0.47	0.04	194.00028846153847	-0.02066934175704804	0.007578655600436263	1	18.78001923076923	0.194751814223531	0.024455485765440786	1	2	2	2/2	1.86675	1.86325	1.8689	1.86681	1.87151	1.86401	1.86556	1.86552	5	0	0	0	11111111	oooooooo	off	off	off	off	0.0	100.0	100.0	-0.306	0.111	2	345.621	494.453	20.6634	32.9096	30.0007	32.9097	32.9177	12.9811	45.2573	0	20.514	200	16.5088	100.895	101.456	
4	1596823085.4	351.5	20200807 12:58:05	12:58:05		1596823077.4000006	0.005855669255930341	5.238326570029722	97.6782689866578	70.80688359410118	7.075800137678408	9.761083584838929	0.35835465520379256	3.393517687091285	0.3385803646867503	0.21329838973026394	353.3404648215039	26.83574161587957	27.01646774193548	3.5826228863902276	55.217669564616024	1.9017655455891995	3.4441249704747916	1.680857340801028	-258.235014186528	-122.51778139393593	-7.766782191313196	-35.17911295027329	-0.04134730288572533	0.04641596971190198	3.466074959210382	136.0	27.0	1	0	52894.0	0	0	0	0	0	-1	MPF-5795-20200807-12_58_07	250.32976000000002	313.129	0.20055389312392014	0.5	1849.1993900316452	5.238326570029722	185.43206841661242	0.40784788377952863	0.0033735283515981293	-1.0	DARK-5796-20200807-12_58_14	185.42	127.70900000000003	0.49173699582644903	1.6887552583324348	0.20055389312392016	0	5795	300	300	300	9865.95	295.836	-0.00639849	1.19617	2200.0167741935484	1849.1993900316452	0.8405387684871172	0.19107753697423466	0.5	0: Broadleaf	1596823077.4000006	97.67827096774195	100.00201935483871	19.030793548387095	16.73346774193548	500.0798064516129	99.73095483870968	0.20000919354838714	26.3467935483871	27.01646774193548	999.9000000000003	9998.002258064515	0.0	346.1734516129032	2200.0167741935484	0.9820021935483874	0.01799799677419355	0.0	250.32077419354843	5.00054	8223.540322580644	20590.709677419352	49.40699999999998	51.850612903225795	49.95529032258062	50.525999999999996	50.68125806451612	2155.506774193548	39.51	0.0	118.90000009536743	250.32976000000002	-0.958307707065333	-8.932307675558373	8223.3996	15	1596823108.9	12:58:28	48	-0.306	0.113	100.0	17.0	0.64	0.04	97.68335192307693	-0.058378724494115034	0.011656732791768562	1	19.009911538461537	0.19583676257149768	0.02461685362203119	1	2	2	2/2	1.86674	1.86325	1.8689	1.86682	1.87149	1.86401	1.86555	1.86551	5	0	0	0	11111111	oooooooo	off	off	off	off	0.0	100.0	100.0	-0.306	0.113	2	345.827	494.358	20.1873	32.9308	30.0001	32.9438	32.9526	8.14795	43.8915	0	20.194	100	16.7723	100.886	101.45	
5	1596823200.4	466.5	20200807 13:00:00	13:00:00		1596823192.4000006	0.006594904654647451	0.5780055174986012	49.61521590969837	45.89207028334759	4.585837795377386	4.957879017871739	0.40545423238392087	3.3926946494293326	0.38033019536827006	0.23983382071128934	353.339285370995	26.714469183226395	27.01070967741936	3.581411623377209	54.90539461860361	1.8961807395649442	3.4535417744224004	1.685230883812265	-290.8352952699526	-112.97159506741407	-7.164808519811364	-57.63241348618301	-0.04133455597315094	0.04640166018584635	3.4652295529502437	137.0	27.0	1	0	52730.0	0	0	0	0	0	-1	MPF-5797-20200807-13_00_02	251.29056000000003	305.597	0.1777060638684279	0.5	1849.1958384188156	0.5780055174986012	164.30665688364257	0.3873630958419094	0.0008533468898826314	-1.0	DARK-5798-20200807-13_00_09	187.22	118.37699999999998	0.45875837367056066	1.6322882170708257	0.17770606386842788	0	5797	300	300	300	9865.21	290.679	-0.00639792	0.819489	2200.0129032258064	1849.1958384188156	0.8405386330722882	0.19107726614457635	0.5	0: Broadleaf	1596823192.4000006	49.615216129032255	49.97724838709678	18.975738709677422	16.388212903225806	500.07319354838705	99.72655483870967	0.20002870967741937	26.393064516129037	27.01070967741936	999.9000000000003	9995.360967741935	0.0	346.6213225806453	2200.0129032258064	0.982003870967742	0.017996235483870967	0.0	251.31548387096774	5.00054	8258.128064516131	20590.670967741942	49.564290322580646	52.00393548387096	50.08638709677418	50.72961290322579	50.80825806451613	2155.5129032258064	39.5	0.0	114.10000014305115	251.29056000000003	-1.4372307787941498	15.393846036550578	8258.186000000002	15	1596823224.4	13:00:24	49	-0.342	0.108	50.0	16.0	0.32	0.03	49.66273076923076	-0.12070895586103414	0.016469873878149174	1	18.96503076923077	0.1559887304704317	0.02046975760314144	1	2	2	2/2	1.86675	1.86325	1.8689	1.86682	1.87149	1.86401	1.86554	1.86552	5	0	0	0	11111111	oooooooo	off	off	off	off	0.0	100.0	100.0	-0.342	0.108	2	345.615	493.806	20.7209	32.9594	30.0007	32.9738	32.9847	5.70307	46.4937	0	20.7302	50	16.4062	100.884	101.449	
6	1596823315.9	582.0	20200807 13:01:55	13:01:55		1596823307.9000006	0.007103786902699684	33.06385003638045	385.6784068317873	251.18934559153115	25.09967596926119	38.5382708690218	0.44643680026432725	3.394392230030131	0.41619437718439095	0.26266773007271693	353.33712370686004	26.85335398597789	27.003958064516127	3.5799918134553086	54.80772252452779	1.9214070246807011	3.5057231648711995	1.6585847887746075	-313.2770024090561	-65.23364308834822	-4.140260209847778	-29.313782000392038	-0.04136084902289482	0.04643117643758153	3.466973273246547	137.0	27.0	1	0	52794.0	0	0	0	0	0	-1	MPF-5799-20200807-13_01_57	250.31156	349.694	0.28419829908434235	0.5	1849.18445812116	33.06385003638045	262.7675388456175	0.4999628246409718	0.01842101251001784	-1.0	DARK-5800-20200807-13_02_05	174.86	174.834	0.568438862006246	1.9998513096191237	0.2841982990843424	0	5799	300	300	300	9864.65	318.333	-0.00639766	0.27359	2199.99935483871	1849.18445812116	0.8405386365473414	0.19107727309468286	0.5	0: Broadleaf	1596823307.9000006	385.67841935483875	399.9978064516129	19.228812903225805	16.44233870967742	500.072064516129	99.7233322580645	0.19999812903225805	26.6474870967742	27.003958064516127	999.9000000000003	10002.042258064514	0.0	345.88287096774184	2199.99935483871	0.9820044516129031	0.01799562580645161	0.0	250.35022580645162	5.00054	8268.253870967741	20590.54838709677	49.71341935483869	52.12899999999999	50.2378064516129	50.8708064516129	50.96341935483869	2155.4987096774194	39.5	0.0	114.79999995231628	250.31156	0.2479230789650551	15.713076946671222	8268.5144	15	1596823341.9	13:02:21	50	-0.225	0.107	400.0	16.0	0.27	0.03	385.56486538461536	-0.004489242265663799	0.016063610148590157	1	19.217546153846158	0.1278118177302721	0.016006879068537927	1	2	2	2/2	1.86676	1.86325	1.86892	1.86687	1.87152	1.86401	1.86557	1.86554	5	0	0	0	11111111	oooooooo	off	off	off	off	0.0	100.0	100.0	-0.225	0.107	2	345.414	494.078	21.1147	33.0024	30.0001	33.0146	33.0255	22.1082	46.7524	0	21.2078	400	16.4091	100.876	101.442	
7	1596823434.0	700.0999999046326	20200807 13:03:54	13:03:54		1596823425.9000006	0.007084990627242689	34.56859449373323	385.10076112853636	244.1588507001672	24.396247137372146	38.47910208595791	0.44358583878031455	3.3936874151438197	0.4137088293473813	0.26108446811773056	353.3361334191484	26.962936483330303	27.105961290322586	3.6014947195052716	54.93231238261577	1.9377485825935312	3.5275205039552704	1.6637461369117403	-312.4480866614026	-64.61691853612544	-4.106225237772929	-27.835097016152616	-0.041349931746580235	0.04641892083851247	3.4662493004531156	136.0	27.0	1	0	52919.0	0	0	0	0	0	-1	MPF-5801-20200807-13_03_55	251.32340000000005	359.7	0.30129719210453143	0.5	1849.1746773791633	34.56859449373323	278.57556900257237	0.5132054489852655	0.019234848350911136	-1.0	DARK-5802-20200807-13_04_03	175.1	184.6	0.5870888407367277	2.054254711593375	0.3012971921045314	0	5801	300	300	300	9863.63	322.892	-0.00639701	-0.431427	2199.9870967741936	1849.1746773791633	0.840538874110025	0.19107774822005022	0.5	0: Broadleaf	1596823425.9000006	385.1007741935483	400.0174516129033	19.393083870967736	16.61444516129032	500.07154838709675	99.71960322580645	0.19996580645161288	26.75278709677419	27.105961290322586	999.9000000000003	9999.77612903226	0.0	345.54477419354834	2199.9870967741936	0.9819952580645159	0.018004438709677415	0.0	251.338935483871	5.00054	8300.000645161292	20590.390322580635	49.902999999999984	52.30609677419352	50.42899999999997	51.132999999999996	51.15499999999998	2155.463548387097	39.51709677419355	0.0	117.60000014305115	251.32340000000005	1.3563846069224461	-0.7092307694338823	8300.1548	15	1596823458.4	13:04:18	51	-0.315	0.11	400.0	17.0	0.16	0.04	385.1922692307692	0.03499701186724775	0.020858604002826794	1	19.38826346153846	-0.005965166908555745	0.009978805016444388	1	2	2	2/2	1.86667	1.86322	1.8689	1.86676	1.87149	1.86395	1.86554	1.86542	5	0	0	0	11111111	oooooooo	off	off	off	off	0.0	100.0	100.0	-0.315	0.11	2	345.795	493.932	20.4089	33.0434	30.0013	33.0519	33.0635	22.1055	46.0953	0	20.2938	400	16.6936	100.873	101.438	
8	1596823579.9	846.0	20200807 13:06:19	13:06:19		1596823571.9000006	0.005641216075970009	37.43264975117294	483.9623084301656	291.3827552701234	29.11609143931983	48.35938493468499	0.3450359262259183	3.3924765593134745	0.32665842270324125	0.2057310530632103	353.3377343814241	26.848602849588953	27.014996774193545	3.5823134204916887	55.40146476050482	1.9040550717343256	3.436831643288443	1.678258348757363	-248.7776289502774	-128.7794576132041	-8.164707785152723	-32.38405996721008	-0.04133117850537287	0.04639786868238305	3.4650055359701994	137.0	27.0	1	0	52934.0	0	0	0	0	0	-1	MPF-5803-20200807-13_06_21	255.34336	367.992	0.3061170895019457	0.5	1849.1821061605945	37.43264975117294	283.0331221484796	0.5156416443835735	0.020783593797027152	-1.0	DARK-5804-20200807-13_06_29	178.24	189.752	0.5936624646907543	2.0645870736086174	0.30611708950194577	0	5803	300	300	300	9863.06	332.844	-0.00639638	-0.0675964	2199.995806451613	1849.1821061605945	0.8405389231823818	0.19107784636476363	0.5	0: Broadleaf	1596823571.9000006	483.9623225806451	500.02512903225806	19.055058064516125	16.841887096774194	500.0718387096774	99.7238677419355	0.19999841935483872	26.310880645161294	27.014996774193545	999.9000000000003	9994.813548387097	0.0	349.73216129032255	2199.995806451613	0.9819936451612902	0.018005922580645158	0.0	255.39167741935483	5.00054	8423.294838709679	20590.438709677415	50.11077419354839	52.53599999999999	50.66499999999998	51.300129032258056	51.35245161290321	2155.4748387096774	39.52096774193548	0.0	145.39999985694885	255.34336	-2.885384611477212	-52.97153854257828	8422.5596	15	1596823604.4	13:06:44	52	-0.333	0.112	500.0	17.0	0.2	0.05	483.8875576923077	1.0615230939980582	0.13647335798912444	0	19.053071153846155	-0.033967898915727136	0.019377835639030064	1	1	2	1/2	1.86675	1.86325	1.8689	1.86682	1.87149	1.864	1.86554	1.86548	5	0	0	0	11111111	oooooooo	off	off	off	off	0.0	100.0	100.0	-0.333	0.112	2	345.094	493.218	20.319	33.1755	30.0014	33.1426	33.1483	26.4018	45.3647	0	20.2808	500	16.8352	100.856	101.416	
9	1596823710.9	977.0	20200807 13:08:30	13:08:30		1596823702.9258068	0.00448450114711382	39.75977459603304	583.0894365647976	326.16062508073645	32.59192008808387	58.2657833575759	0.27012058911041675	3.394552960701208	0.2587220293554928	0.1626853011417032	353.3377411414224	26.854535233835254	26.966154838709674	3.572051172707088	55.751806648230406	1.887320679479252	3.3852188708204967	1.6847304932278357	-197.7665005877195	-166.7814901160696	-10.55148454759347	-21.761734109960173	-0.04136333881449246	0.0464339714467676	3.4671383730656427	138.0	28.0	1	0	52831.0	0	0	0	0	0	-1	MPF-5805-20200807-13_08_32	258.93708000000004	376.96	0.31309136247877745	0.5	1849.1835705797591	39.75977459603304	289.48170179309363	0.5241935483870968	0.022042038034792818	-1.0	DARK-5806-20200807-13_08_40	179.36	197.59999999999997	0.5972819838056679	2.101694915254237	0.31309136247877745	0	5805	300	300	300	9863.38	342.442	-0.00639656	0.652649	2199.9977419354836	1849.1835705797591	0.8405388493503225	0.19107769870064514	0.5	0: Broadleaf	1596823702.9258068	583.089451612903	600.0369032258063	18.88718709677419	17.12751612903226	500.0709354838709	99.72599032258066	0.19998964516129034	26.054816129032265	26.966154838709674	999.9000000000003	10002.377741935485	0.0	352.9749354838709	2199.9977419354836	0.9819962258064514	0.018003506451612902	0.0	258.91825806451607	5.00054	8525.959677419354	20590.49354838709	50.10461290322579	52.52999999999998	50.65099999999999	51.23967741935482	51.34248387096773	2155.4764516129035	39.51548387096774	0.0	130.40000009536743	258.93708000000004	-0.8478461518959588	2.4261537946161793	8525.875600000001	15	1596823738.0	13:08:58	53	-0.267	0.117	600.0	17.0	0.26	0.06	582.9958653846154	0.2699280410824254	0.05250971662689827	1	18.868113461538464	0.1727804812092106	0.02598646858571238	1	2	2	2/2	1.86676	1.86325	1.86891	1.86682	1.87152	1.864	1.86556	1.86553	5	0	0	0	11111111	oooooooo	off	off	off	off	0.0	100.0	100.0	-0.267	0.117	2	344.593	492.834	20.0299	33.2423	29.9986	33.2003	33.2013	30.5636	45.227	0	20.0085	600	16.8331	100.848	101.412	
10	1596823859.4	1125.5	20200807 13:10:59	13:10:59		1596823851.43871	0.0042050333053512004	41.8322795468372	682.2058874403399	389.39662767944844	38.910798039491944	68.17001900025556	0.24929342154803324	3.392606749261808	0.2395453894362423	0.15055993009212137	353.3389249852079	26.85422050447458	26.989435483870967	3.576939496452951	55.46903257250665	1.8706323313578646	3.3723904034429615	1.7063071650950865	-185.44196876598795	-182.68155239383273	-11.561674358352857	-26.346270532965633	-0.04133319468929687	0.046400132025465154	3.465139263968065	137.0	27.0	1	0	53027.0	0	0	0	0	0	-1	MPF-5807-20200807-13_11_01	262.03228	387.783	0.32428115724516027	0.5	1849.1939416446216	41.8322795468372	299.82937568362865	0.5333472586472331	0.023162675683840582	-1.0	DARK-5808-20200807-13_11_08	180.96	206.823	0.608011294681926	2.1429210875331566	0.3242811572451603	0	5807	300	300	300	9863.86	349.405	-0.00639708	0.216125	2200.0106451612905	1849.1939416446216	0.8405386336251345	0.1910772672502691	0.5	0: Broadleaf	1596823851.43871	682.2059032258065	700.0837096774193	18.7202	17.069912903225806	500.07229032258067	99.72589677419356	0.1999764193548387	25.99064193548387	26.989435483870967	999.9000000000003	9995.097741935484	0.0	356.3100967741936	2200.0106451612905	0.9820055483870965	0.017994474193548382	0.0	262.0671290322581	5.00054	8582.461612903224	20590.67741935484	49.96132258064514	52.35467741935483	50.50987096774193	51.084354838709665	51.20935483870966	2155.5106451612905	39.5	0.0	147.90000009536743	262.03228	-2.1073076781249744	-30.845384625599095	8582.0436	15	1596823882.4	13:11:22	54	-0.266	0.115	700.0	17.0	0.2	0.06	682.1198461538461	0.809313525040434	0.10604432756298279	0	18.745951923076923	-0.21716855259268733	0.04332875439982366	0	0	2	0/2	1.86672	1.86324	1.8689	1.86679	1.87149	1.86399	1.86555	1.86546	5	0	0	0	11111111	oooooooo	off	off	off	off	0.0	100.0	100.0	-0.266	0.115	2	344.826	492.807	20.0893	33.249	30.0007	33.227	33.2287	34.5992	45.6361	0	20.0809	700	16.9333	100.84	101.407	
11	1596824004.0	1270.0999999046326	20200807 13:13:24	13:13:24		1596823996.0	0.0029848389071785264	41.3050715848364	782.580242412403	376.017794936853	37.57422927633059	78.20068584910491	0.17346308802123825	3.397935424308263	0.16868952142038734	0.10584889505136791	353.34038551825313	26.9561535327997	26.98115806451613	3.575200787290125	55.57618620446741	1.8551123731284287	3.3379627135683303	1.720088414161696	-131.631395806573	-213.1959338100181	-13.459496191404243	-4.946440289742213	-0.04141574707849506	0.046492804314326605	3.47061280399359	137.0	27.0	1	0	52700.0	0	0	0	0	0	-1	MPF-5809-20200807-13_13_25	261.1782	388.715	0.3280984783195914	0.5	1849.1971564598168	41.3050715848364	303.35938657369064	0.5357009634307912	0.02287753441381397	-1.0	DARK-5810-20200807-13_13_33	180.48	208.23499999999999	0.6124657238216438	2.1537843528368796	0.32809847831959144	0	5809	300	300	300	9863.43	348.357	-0.00639677	0.563599	2200.013870967742	1849.1971564598168	0.8405388624419863	0.1910777248839725	0.5	0: Broadleaf	1596823996.0	782.5802580645162	800.0341935483873	18.564725806451616	17.39311935483871	500.0699999999999	99.72676774193548	0.1999638709677419	25.81735806451613	26.98115806451613	999.9000000000003	10014.972903225807	0.0	358.8962903225806	2200.013870967742	0.9819959354838708	0.018003767741935486	0.0	261.233	5.00054	8580.370322580646	20590.635483870967	50.00393548387097	52.42299999999998	50.516000000000005	51.15706451612903	51.21951612903225	2155.493548387097	39.516774193548386	0.0	143.89999985694885	261.1782	-1.861307691401098	-32.77692312148487	8580.104000000001	15	1596824035.0	13:13:55	55	-0.295	0.121	800.0	17.0	0.12	0.07	782.5325576923078	0.7528506787324953	0.10007889454393751	0	18.566334615384616	-0.09696098352258031	0.014188902551687903	1	1	2	1/2	1.86676	1.86325	1.86891	1.86687	1.87155	1.86401	1.86556	1.86551	5	0	0	0	11111111	oooooooo	off	off	off	off	0.0	100.0	100.0	-0.295	0.121	2	344.938	492.884	19.5138	33.246	29.9925	33.2365	33.243	38.5466	43.8205	0	19.781	800	17.1939	100.847	101.41	
12	1596824156.6	1422.6999998092651	20200807 13:15:56	13:15:56		1596824148.5999994	0.0026417964426081707	44.794432477614436	981.0370153613048	472.49795973215	47.2161853643149	98.03391657566522	0.15006256318675523	3.3935584579190587	0.14647120365717517	0.0918600129601147	353.3382339698399	27.002234743199143	27.040864516129027	3.5877589454934067	55.06093363987349	1.8343103842235702	3.331418962527757	1.7534485612698365	-116.50322311902033	-229.90293877075413	-14.534909409077356	-7.602837329011891	-0.0413479343659803	0.04641667860380889	3.466116838175362	137.0	27.0	1	0	53030.0	0	0	0	0	0	-1	MPF-5811-20200807-13_15_58	263.98856	396.106	0.33354061791540646	0.5	1849.184564225106	44.794432477614436	308.38908109563675	0.548151252442528	0.024764662956617542	-1.0	DARK-5812-20200807-13_16_05	178.98	217.126	0.6084828164291701	2.2131299586545983	0.33354061791540646	0	5811	300	300	300	9862.97	354.423	-0.00639641	0.44165	2199.9987096774194	1849.184564225106	0.8405389312688495	0.19107786253769915	0.5	0: Broadleaf	1596824148.5999994	981.0370322580645	999.9893870967742	18.356161290322586	17.31895483870968	500.05535483870966	99.72886129032261	0.20000483870967742	25.784245161290325	27.040864516129027	999.9000000000003	9998.364838709678	0.0	365.92348387096774	2199.9987096774194	0.9819938387096774	0.018005719354838707	0.0	264.07858064516125	5.00054	8685.244838709677	20590.480645161286	50.1690322580645	52.638999999999996	50.67899999999997	51.39293548387096	51.350612903225795	2155.477096774194	39.5216129032258	0.0	152.10000014305115	263.98856	-6.411769223581259	-99.91846134217381	8684.5568	15	1596824189.6	13:16:29	56	-0.007	0.123	1000.0	17.0	0.2	0.09	980.6358269230769	1.1641891511419198	0.14718182386132853	0	18.337075000000002	0.17110037097377692	0.024434519048957173	1	1	2	1/2	1.8667	1.86325	1.8689	1.86679	1.8715	1.86399	1.86554	1.86545	5	0	0	0	11111111	oooooooo	off	off	off	off	0.0	100.0	100.0	-0.007	0.123	2	344.702	492.804	19.6612	33.3073	30.0015	33.2894	33.2965	46.1503	43.1702	0	19.6232	1000	17.3633	100.833	101.394	
13	1596824311.1	1577.1999998092651	20200807 13:18:31	13:18:31		1596824303.0999994	0.002285131369258129	44.29247502445327	1181.2019188010765	595.3946328221355	59.497971613104234	118.03787666182316	0.12879923343810942	3.3947171832881033	0.12614471681460354	0.07907438911818773	353.3368744072229	26.90136007485825	27.00401935483871	3.5800047001072346	55.18161876602865	1.818650128241879	3.2957534934830344	1.7613545718653556	-100.77429338428348	-256.4520454518364	-16.190157442145793	-20.079621871042747	-0.04136588275245689	0.04643682723999388	3.467307059817943	137.0	27.0	1	0	53086.0	0	0	0	0	0	-1	MPF-5813-20200807-13_18_32	262.60360000000003	394.866	0.3349551493418019	0.5	1849.177751321888	44.29247502445327	309.6958049267802	0.5476440108796402	0.024493305195823312	-1.0	DARK-5814-20200807-13_18_40	178.62	216.24599999999998	0.611629348057305	2.210648303661404	0.3349551493418019	0	5813	300	300	300	9863	353.393	-0.00639639	0.0588989	2199.99064516129	1849.177751321888	0.8405389156490334	0.19107783129806716	0.5	0: Broadleaf	1596824303.0999994	1181.2019354838708	1199.995806451613	18.19918387096774	17.3019	500.0744838709677	99.73030967741938	0.20000264516129035	25.602764516129035	27.00401935483871	999.9000000000003	10002.559677419355	0.0	369.34551612903226	2199.99064516129	0.9819936451612902	0.018005922580645158	0.0	262.64041935483874	5.00054	8657.140000000001	20590.4	50.22567741935483	52.77999999999999	50.77999999999999	51.4594193548387	51.40906451612902	2155.470322580645	39.52032258064516	0.0	153.79999995231628	262.60360000000003	-2.703153853424504	-67.30461542695885	8656.27	15	1596824343.6	13:19:03	57	-0.067	0.121	1200.0	17.0	0.15	0.09	1181.1698076923078	0.920874242294335	0.1162472561233669	0	18.235646153846155	-0.35307026380942613	0.04504918876388385	0	0	2	0/2	1.86674	1.86324	1.86891	1.86681	1.8715	1.86401	1.86555	1.86553	5	0	0	0	11111111	oooooooo	off	off	off	off	0.0	100.0	100.0	-0.067	0.121	2	344.962	492.481	19.4119	33.4054	30.0002	33.3661	33.3693	53.4387	44.4444	0	19.3665	1200	17.2526	100.816	101.374	
14	1596824465.1	1731.1999998092651	20200807 13:21:05	13:21:05		1596824457.0999994	0.002055675248553796	48.160995192472384	1579.4521431206363	866.5783284098535	86.59941721517933	157.8387442073469	0.11557664333453568	3.3949253402205772	0.11343442169704186	0.07108567644864104	353.33912651328677	26.894137589178243	27.00343870967742	3.5798826176616534	55.35005339531196	1.8177983205044412	3.28418530605863	1.7620842971572122	-90.6552784612224	-267.2026119145259	-16.862772763471185	-21.38153662593271	-0.04136910734812371	0.046440447131119986	3.467520875350832	138.0	28.0	1	0	52996.0	0	0	0	0	0	-1	MPF-5815-20200807-13_21_06	263.67564	392.816	0.3287553460144189	0.5	1849.1899103327098	48.160995192472384	303.96553440890114	0.5504765589996333	0.02658515218895351	-1.0	DARK-5816-20200807-13_21_14	176.58	216.23599999999996	0.5972195194139737	2.224578094914486	0.32875534601441897	0	5815	300	300	300	9863.38	355.3	-0.00639654	1.19153	2200.0051612903226	1849.1899103327098	0.84053889639429	0.19107779278858023	0.5	0: Broadleaf	1596824457.0999994	1579.4521612903225	1600.012258064516	18.190245161290324	17.38305161290323	500.0738709677418	99.73262258064516	0.19996790322580643	25.54353225806452	27.00343870967742	999.9000000000003	10003.107419354837	0.0	367.69232258064517	2200.0051612903226	0.9819939677419353	0.01800566451612903	0.0	263.76312903225806	5.00054	8664.429354838712	20590.538709677418	50.171064516129015	52.76199999999999	50.75793548387097	51.36667741935483	51.38280645161288	2155.4783870967744	39.51903225806451	0.0	153.59999990463257	263.67564	-4.95584614997187	-111.51923072059797	8662.403999999999	15	1596824499.6	13:21:39	58	-0.27	0.122	1600.0	17.0	0.17	0.1	1579.5640384615385	0.9878767181767033	0.12734356338698993	0	18.22830192307692	-0.4269363954580679	0.054000781655256465	0	0	2	0/2	1.86675	1.86325	1.86891	1.86678	1.87149	1.86401	1.86555	1.86548	5	0	0	0	11111111	oooooooo	off	off	off	off	0.0	100.0	100.0	-0.27	0.122	2	343.992	493.531	19.4207	33.4399	30.0009	33.4087	33.4111	67.2113	43.8858	0	19.3965	1600	17.3242	100.81	101.372	
15	1596824621.1	1887.1999998092651	20200807 13:23:41	13:23:41		1596824613.0999994	0.0018261501262280702	47.82108998666718	1779.5879819634404	981.7928931622905	98.11756789253677	177.84692256086385	0.10241118313168812	3.3928502399386673	0.10072436049838436	0.06310196529180732	353.33774086047896	26.88184804266332	26.972893548387106	3.5734655246025135	55.33840090650058	1.8103930972329445	3.271495141848738	1.763072427369569	-80.5332205666579	-273.3758295639772	-17.25463050845113	-17.825939778607335	-0.04133696559628823	0.04640436519891255	3.465389371925995	138.0	28.0	1	0	53054.0	0	0	0	0	0	-1	MPF-5817-20200807-13_23_42	262.86104	397.007	0.33789318576246763	0.5	1849.1877093865564	47.82108998666718	312.41396309871186	0.552249708443428	0.02640137057955189	-1.0	DARK-5818-20200807-13_23_50	177.76	219.247	0.6118485543701851	2.233387713771377	0.3378931857624677	0	5817	300	300	300	9863.84	354.604	-0.00639701	0.37796	2200.003225806452	1849.1877093865564	0.8405386354416378	0.1910772708832756	0.5	0: Broadleaf	1596824613.0999994	1779.5880000000002	1800.0135483870963	18.11531935483871	17.398190322580643	500.06867741935474	99.73715806451612	0.19997590322580647	25.478345161290324	26.972893548387106	999.9000000000003	9994.880967741938	0.0	363.86806451612904	2200.003225806452	0.9820053548387095	0.017994677419354836	0.0	262.8764516129032	5.00054	8613.379032258066	20590.574193548393	50.004	52.58435483870966	50.602645161290326	51.16699999999997	51.237806451612904	2155.5032258064516	39.5	0.0	155.5	262.86104	-2.340615378180877	-43.15846141540227	8612.799200000001	15	1596824641.1	13:24:01	59	0.038	0.121	1800.0	17.0	0.12	0.09	1779.268269230769	0.20331255869532205	0.0414970413146129	1	18.15806346153846	-0.44797250917780074	0.05655878843783911	0	1	2	1/2	1.86676	1.86326	1.86892	1.86684	1.87152	1.86401	1.86556	1.8655	5	0	0	0	11111111	oooooooo	off	off	off	off	0.0	100.0	100.0	0.038	0.121	2	344.319	494.546	19.4359	33.3966	29.9999	33.3968	33.4009	73.7067	43.6937	0	19.4454	1800	17.4093	100.817	101.383	
