[Header]
File opened	2020-08-07 13:24:28
Console s/n	68C-571038
Console ver	Bluestem v.1.3.4
Scripts ver	2018.05  1.3.4, Mar 2018
Head s/n	68H-581038
Head ver	1.4.0
Head cal	{"co2aspanconc1": "1002", "chamberpressurezero": "2.59209", "co2azero": "0.869071", "h2oaspan1": "1.00223", "h2oazero": "1.00263", "ssb_ref": "36526.8", "h2obspan2a": "0.0975941", "tazero": "0.00774765", "co2aspan2b": "0.163711", "co2aspan2a": "0.164928", "h2oaspanconc2": "0", "h2oaspan2a": "0.0661155", "co2bspanconc1": "1002", "h2oaspan2b": "0.0662632", "h2obspan2b": "0.0963575", "co2aspanconc2": "0", "h2obspanconc1": "20", "co2aspan2": "0", "flowazero": "0.42932", "h2obspan1": "0.998578", "oxygen": "21", "co2bspan2a": "0.163389", "co2bspan1": "0.992131", "h2oaspan2": "0", "h2oaspanconc1": "12.19", "h2obzero": "1.01783", "tbzero": "0.197721", "co2aspan1": "0.992625", "h2obspan2": "0", "co2bzero": "0.880288", "flowmeterzero": "0.990908", "ssa_ref": "36614.9", "co2bspan2": "0", "h2obspanconc2": "0", "co2bspanconc2": "0", "co2bspan2b": "0.162103", "flowbzero": "0.22736"}
Chamber type	6800-01A
Chamber s/n	MPF-551037
Chamber rev	0
Chamber cal	0
Fluorometer	MPF-551037
Flr. Version	1.4.0
13:24:29	Stability Definition:	CO2_s (Meas): Slp<0.3	H2O_s (Meas): Slp<0.2
SysConst:AvgTime	4
SysConst:Oxygen	21
SysConst:Chamber	6800-01A 2 cm²
Const:S	2.0
Const:CustomBLC	2.0
LTConst:deltaTw	0
LTConst:fT1	1
LTConst:fT2	0
LTConst:fTeb	0
LQConst:Leaf	standard
LQConst:Ambient	Sun+Sky
LQConst:abs_ambient	0.49
LQConst:abs_redLED	0.84
LQConst:abs_greenLED	0.7
LQConst:abs_blueLED	0.87
LQConst:abs_whiteLED	0.75
LQConst:abs_redFlr	0.84
LQConst:abs_blueFlr	0.87
LQConst:k_ambient	0.39
LQConst:k_redLED	0.18
LQConst:k_greenLED	0.23
LQConst:k_blueLED	0.26
LQConst:k_whiteLED	0.21
LQConst:k_redFlr	0.19
LQConst:k_blueFlr	0.25
QConst:fQ_Amb_in	0.0
QConst:fQ_Amb_out	0.0
QConst:fQ_HeadLS	0.0
QConst:fQ_ConsoleLS	0.0
QConst:fQ_Flr	1.0
LeakConst:fan_a	-6276.0
LeakConst:fan_b	6.6
LeakConst:fan_c	1.709e-05
LeakConst:fan_d	3.11
LeakConst:Fs_meas	3.02491 76.925 386.185 618.874 847.247 1053.45 1228.52 1400.43
LeakConst:Fs_true	0.304308 100.02 403.273 601.289 800.851 1000.77 1199.91 1400.15
LeakConst:leak_wt	0.0
[Data]
Sys	Sys	Sys	Sys	Sys	UserDefVar	GasEx	GasEx	GasEx	GasEx	GasEx	GasEx	GasEx	GasEx	GasEx	GasEx	GasEx	GasEx	GasEx	GasEx	GasEx	GasEx	GasEx	GasEx	GasEx	GasEx	GasEx	GasEx	GasEx	GasEx	GasEx	GasEx	Leak	Leak	Leak	Leak	Leak	FLR	FLR	FLR	FLR	FLR	FLR	FLR	FLR	FLR	FLR	FLR	FLR	FLR	FLR	FLR	FLR	FLR	FLR	FLR	FLR	FLR	FLR	FLR	FLR	MPF	MPF	MPF	MPF	MPF	MPF	MPF	MPF	LeafQ	LeafQ	LeafQ	LeafQ	Const	Const	Meas	Meas	Meas	Meas	Meas	Meas	Meas	Meas	Meas	Meas	Meas	Meas	Meas	Meas	FlrLS	FlrLS	FlrLS	FlrLS	FlrLS	FlrLS	FlrLS	FlrLS	FlrLS	FlrLS	FlrLS	FlrLS	FlrLS	FlrLS	FlrLS	FlrLS	FlrLS	FlrStats	FlrStats	FlrStats	FlrStats	FlrStats	Match	Match	Match	Match	Match	Match	Match	Match	Match	Stability	Stability	Stability	Stability	Stability	Stability	Stability	Stability	Stability	Stability	Stability	Auxiliary	Auxiliary	Auxiliary	Auxiliary	Auxiliary	Auxiliary	Auxiliary	Auxiliary	Auxiliary	Auxiliary	Auxiliary	Auxiliary	Auxiliary	Auxiliary	Auxiliary	Auxiliary	Auxiliary	Auxiliary	Auxiliary	Status	Status	Status	Status	Status	Status	Status	Status	Status	Status	Status	Status	Status	Status	Status	Status	Status	Status	Status	Status	
obs	time	elapsed	date	hhmmss	plant	TIME	E	A	Ca	Ci	Pci	Pca	gsw	gbw	gtw	gtc	Rabs	TleafEB	TleafCnd	SVPleaf	RHcham	VPcham	SVPcham	VPDleaf	LatHFlux	SenHFlux	NetTherm	EBSum	blfa_1	blfa_2	blfa_3	Leak	LeakPct	CorrFact	CorrFactPct	Fan	DarkAdaptedID	Fo	Fm	Fv	Fv/Fm	Adark	LightAdaptedID	Fs	Fm'	PhiPS2	PS2/1	Qabs_fs	Afs	ETR	Fv'/Fm'	PhiCO2	NPQ	DarkPulseID	Fo'	Fv'	qP	qN	qP_Fo	qN_Fo	ID	P1_dur	P2_dur	P3_dur	P1_Qmax	P1_Fmax	P2_dQdt	P3_ΔF	Qin	Qabs	alpha	convert	K	Geometry	TIME	CO2_s	CO2_r	H2O_s	H2O_r	Flow	Pa	ΔPcham	Tair	Tleaf	Tleaf2	Fan_speed	Qamb_in	Qamb_out	Q	f_red	f_blue	f_farred	F	Q_modavg	F_dc	Pc	Tled	TDigital	TPreamp	TPwrSpy	TDrive	Q_red	Q_blue	Q_farred	TSPF	F_avg	dF/dt	dF_dc/dt	F_dc_avg	period	time	hhmmss	count	co2_adj	h2o_adj	co2_at	h2o_at	co2_cv	h2o_cv	CO2_s:MN	CO2_s:SLP	CO2_s:SD	CO2_s:OK	H2O_s:MN	H2O_s:SLP	H2O_s:SD	H2O_s:OK	Stable	Total	State	ADC_CH1	ADC_CH2	ADC_CH3	ADC_CH4	ADC_CH5	ADC_CH6	ADC_CH7	ADC_CH8	DAC_1	DAC_2	DAC_3	DAC_4	GPIO	GPIO_dir	excit_5v	power_12v	power_5v	ch1_pullup	AuxPower	MatchValveR	MatchValveS	MatchCO2	MatchH2O	DIAG	Flow_s	Flow_r	Txchg	Tirga	Tchopper	Ts	Tr	CO2_%	Desiccant_%	Humidifier_%	Txchg_sp	CO2_r_sp	H2O_r_sp	SS_s	SS_r	
	s	s				s	mol m⁻² s⁻¹	µmol m⁻² s⁻¹	µmol mol⁻¹	µmol mol⁻¹	Pa	Pa	mol m⁻² s⁻¹	mol m⁻² s⁻¹	mol m⁻² s⁻¹	mol m⁻² s⁻¹	W m⁻²	°C	°C	kPa	%	kPa	kPa	kPa	W m⁻²	W m⁻²	W m⁻²	W m⁻²				µmol s⁻¹	%		%	µmol s⁻¹						µmol m⁻² s⁻¹						µmol m⁻² s⁻¹	µmol m⁻² s⁻¹	µmol m⁻² s⁻¹		µmol µmol⁻¹										ms	ms	ms	µmol m⁻² s⁻¹		mol m⁻² s⁻²		µmol m⁻² s⁻¹	µmol m⁻² s⁻¹		J/µmol			s	µmol mol⁻¹	µmol mol⁻¹	mmol mol⁻¹	mmol mol⁻¹	µmol s⁻¹	kPa	kPa	°C	°C	°C	rpm	µmol m⁻² s⁻¹	µmol m⁻² s⁻¹	µmol m⁻² s⁻¹					µmol m⁻² s⁻¹			°C	°C	°C	°C	°C	µmol m⁻² s⁻¹	µmol m⁻² s⁻¹	µmol m⁻² s⁻¹	s		min⁻¹	min⁻¹		s	secs			µmol/mol	mmol/mol	µmol/mol	mmol/mol	%	%	µmol mol⁻¹	µmol mol⁻¹ min⁻¹	µmol mol⁻¹		mmol mol⁻¹	mmol mol⁻¹ min⁻¹	mmol mol⁻¹					V	V	V	V	V	V	V	V	V	V	V	V							V	%	%	µmol/mol	mmol/mol		µmol s⁻¹	µmol s⁻¹	°C	°C	°C	°C	°C	%	%	%	°C	µmol mol⁻¹	mmol mol⁻¹	%	%	
1	1596825018.1	0	20200807 13:30:18	13:30:18		1596825010.1032252	0.0056452343441462825	29.481643749068393	387.31331141422373	235.04511372947678	23.490459648167285	38.70817635224415	0.3440210222277812	3.3923840808440535	0.32574792856079204	0.20515330057126308	353.33945146061643	27.271204323559715	27.192003225806456	3.6197204558473848	54.938665051463445	1.9358890700337672	3.523727903144963	1.6838313858136176	-248.95483457685106	-83.67168136573686	-5.3209491933211	15.391986324707418	-0.041329746360685066	0.04639626097450822	3.4649105443377777	144.0	29.0	1	0	52842.0	0	0	0	0	0	-1	MPF-5819-20200807-13_30_19	286.38971999999995	386	0.25805772020725404	0.5	1849.1910577734966	29.481643749068393	238.59901429833457	0.5130051813471503	0.016483771982852637	-1.0	DARK-5820-20200807-13_30_27	187.98	198.02	0.5030314109685893	2.053409937227365	0.258057720207254	0	5819	300	300	300	9870.2	357.403	-0.00640158	1.51053	2200.006451612903	1849.1910577734966	0.8405389249735102	0.19107784994702057	0.5	0: Broadleaf	1596825010.1032252	387.31332258064515	399.97867741935477	19.370470967741937	17.156448387096777	500.0747096774194	99.74022258064514	0.1999943225806452	26.734506451612905	27.192003225806456	999.9000000000003	9992.828387096773	0.0	402.2874193548388	2200.006451612903	0.9819936451612903	0.018006022580645164	0.0	286.5174516129032	5.00054	9369.841290322582	20590.545161290327	48.985645161290314	51.375	49.600548387096765	49.95135483870967	50.42119354838709	2155.485161290323	39.52129032258064	0.0	396.2999999523163	286.38971999999995	-13.636384601041017	-292.5238461280131	9366.731200000002	15	1596825049.6	13:30:49	60	-0.379	0.12	400.0	17.0	0.37	0.04	387.6001346153846	1.3910337927484124	0.17617113935101966	0	19.392669230769233	-0.25737004070733327	0.035110422178637114	0	0	2	0/2	1.86661	1.86316	1.86887	1.86675	1.87148	1.86388	1.86553	1.86539	5	0	0	0	11111111	oooooooo	off	off	off	off	0.0	100.0	100.0	-0.379	0.12	2	337.962	491.542	19.4246	33.4038	30.0009	33.3482	33.353	22.1433	43.4327	0	19.2427	400	17.2282	100.817	101.388	
2	1596825141.6	123.5	20200807 13:32:21	13:32:21		1596825133.6645153	0.0047582957354680355	18.007489650882714	292.2517028760531	180.65079004046365	18.05497257718178	29.208820398072554	0.28523579396085125	3.392867502875437	0.27255206324045933	0.1714376175106856	353.3384189177332	26.49867294735178	26.858751612903223	3.549574750308341	55.66621382625876	1.8518714634674072	3.326742266408365	1.6977032868409339	-209.84084193414037	-200.8798309104421	-12.689492512733533	-70.07174643958282	-0.04133723294967729	0.0464046653265132	3.46540710402112	144.0	29.0	1	0	52983.0	0	0	0	0	0	-1	MPF-5821-20200807-13_32_23	268.53964	346.899	0.22588522884182427	0.5	1849.185880354148	18.007489650882714	208.85188787743348	0.46618468199677715	0.0102788420854925	-1.0	DARK-5822-20200807-13_32_30	185.18	161.719	0.48454022100062444	1.8733070525974727	0.22588522884182421	0	5821	300	300	300	9869.62	325.953	-0.00640114	1.97021	2200.000322580645	1849.185880354148	0.8405389132784378	0.1910778265568756	0.5	0: Broadleaf	1596825133.6645153	292.2517096774194	300.00993548387095	18.529080645161287	16.661274193548387	500.06561290322594	99.74404193548388	0.20001351612903226	25.760545161290317	26.858751612903223	999.9000000000003	9994.255806451612	0.0	403.05054838709674	2200.000322580645	0.981994677419355	0.018004938709677423	0.0	268.58641935483877	5.00054	8977.34322580645	20590.509677419355	49.084354838709665	51.566064516129	49.70935483870966	50.10874193548387	50.43319354838708	2155.48	39.52032258064516	0.0	122.59999990463257	268.53964	-3.934230786075918	-63.37076942576579	8976.92	15	1596825173.7	13:32:53	61	-0.455	0.112	300.0	17.0	0.46	0.05	292.3122115384615	0.23145925454992758	0.03426218847609985	1	18.54253076923077	-0.07749224533145395	0.01405498184961105	1	2	2	2/2	1.86676	1.86325	1.8689	1.86684	1.87151	1.86401	1.8656	1.86551	5	0	0	0	11111111	oooooooo	off	off	off	off	0.0	100.0	100.0	-0.455	0.112	2	337.644	488.906	19.4358	33.6273	29.9999	33.4842	33.4751	17.6476	47.5975	0	19.5487	300	16.5018	100.794	101.359	
3	1596825269.7	251.60000014305115	20200807 13:34:29	13:34:29		1596825261.645161	0.00410743227022144	10.847768548781357	195.338641055615	116.1180754339162	11.605105324195648	19.52258935453841	0.23978236213337248	3.395354892586797	0.2307564770028734	0.14500543063123583	353.33733430008505	26.92435419807541	27.01323870967742	3.5819435850612096	54.73903526420245	1.851341129866555	3.3821223208098297	1.7306024551946546	-181.1377631167655	-178.27157726449786	-11.277533816696009	-17.349539897874337	-0.041375761901752836	0.04644791745053959	3.467962105292729	145.0	29.0	1	0	52823.0	0	0	0	0	0	-1	MPF-5823-20200807-13_34_31	264.30456000000004	331.35	0.20234024445450427	0.5	1849.1806751193938	10.847768548781357	187.08183492210168	0.42725215029425084	0.006407036753191462	-1.0	DARK-5824-20200807-13_34_39	189.78	141.57000000000002	0.4735850815850814	1.7459690167562443	0.20234024445450424	0	5823	300	300	300	9870.29	313.812	-0.00640158	1.61417	2199.9941935483866	1849.1806751193938	0.8405388889399007	0.19107777787980157	0.5	0: Broadleaf	1596825261.645161	195.3386451612903	199.99800000000002	18.524103225806453	16.911803225806448	500.07390322580636	99.74227741935483	0.20000358064516127	26.039345161290317	27.01323870967742	999.9000000000003	10003.748064516129	0.0	412.1713225806451	2199.9941935483866	0.9819947419354838	0.01800502580645161	0.0	264.3322258064516	5.00054	8894.579032258065	20590.435483870962	48.880935483870964	51.495935483870966	49.56199999999997	49.987806451612904	50.266000000000005	2155.4735483870963	39.51838709677419	0.0	127.39999985694885	264.30456000000004	-2.707846155730069	-29.353076952354552	8894.1028	15	1596825294.2	13:34:54	62	-0.412	0.116	200.0	17.0	0.25	0.06	195.2838269230769	0.11441317401081484	0.019174022042905477	1	18.501730769230768	0.18728763921377037	0.024676191721370345	1	2	2	2/2	1.86675	1.86325	1.86891	1.86685	1.87153	1.86401	1.86557	1.86554	5	0	0	0	11111111	oooooooo	off	off	off	off	0.0	100.0	100.0	-0.412	0.116	2	337.1	488.97	20.068	33.7416	30.0002	33.6231	33.6116	12.9914	44.9944	0	20.0644	200	17.0039	100.761	101.322	
4	1596825401.2	383.10000014305115	20200807 13:36:41	13:36:41		1596825393.1999993	0.004458487426957711	3.8546306220799478	98.30488886536534	71.92577448786732	7.188319229479912	9.824668945372164	0.2663748160797045	3.3946208319623823	0.2552834265633802	0.16051017473934878	353.34104745481005	26.820382538108337	26.968864516129027	3.5726198337211916	55.511522808240265	1.874737184401938	3.377203667926846	1.6978826493192536	-196.61929552883507	-174.61414479560028	-11.04473469319453	-28.937127562819825	-0.041364390187354785	0.04643515170491089	3.46720808930198	145.0	29.0	1	0	52898.0	0	0	0	0	0	-1	MPF-5825-20200807-13_36_42	263.35748	318.844	0.17402403683305934	0.5	1849.1994577734974	3.8546306220799478	160.90257727562422	0.3966328361204853	0.0026252606778963137	-1.0	DARK-5826-20200807-13_36_50	192.38	126.464	0.43875347925101205	1.6573656305229234	0.1740240368330594	0	5825	300	300	300	9869.98	304.68	-0.00640124	1.33331	2200.016451612903	1849.1994577734974	0.8405389225238701	0.19107784504774047	0.5	0: Broadleaf	1596825393.1999993	98.30489032258065	100.02180967741937	18.75847741935484	17.008790322580648	500.0726129032259	99.74080322580645	0.19999380645161297	26.014745161290325	26.968864516129027	999.9000000000003	10001.146451612904	0.0	414.1941935483871	2200.016451612903	0.9819939677419355	0.018005683870967744	0.0	263.42296774193545	5.00054	8871.326129032259	20590.66451612903	49.013870967741916	51.622935483870975	49.67899999999997	50.20745161290322	50.3768064516129	2155.495161290323	39.52129032258064	0.0	130.79999995231628	263.35748	-1.7463846105003449	2.342307645560572	8871.1124	15	1596825424.7	13:37:04	63	-0.304	0.115	100.0	17.0	0.37	0.05	98.20372115384613	-0.04961512848969324	0.013657434387660285	1	18.740174999999997	0.17969725945530313	0.029096912835186808	1	2	2	2/2	1.86675	1.86325	1.86891	1.86688	1.87152	1.86401	1.86557	1.86554	5	0	0	0	11111111	oooooooo	off	off	off	off	0.0	100.0	100.0	-0.304	0.115	2	336.774	489.106	20.1267	33.8149	30.0006	33.727	33.7218	8.13966	45.7101	0	20.1271	100	16.7879	100.743	101.304	
5	1596825516.2	498.10000014305115	20200807 13:38:36	13:38:36		1596825508.1999993	0.004693017694041975	0.18258413812243962	49.80945799543509	47.36819915453001	4.733814143455554	4.977785116285057	0.27963296474471955	3.3931839211459347	0.2674322561132013	0.16819698242459763	353.33874593746634	26.98856505105398	27.01907419354839	3.583171295556193	54.86691035612685	1.8773531213684906	3.4216490580261936	1.7058181741877023	-206.96208030725109	-143.26748420009068	-9.078145807093948	-5.968964376969382	-0.041342133470094536	0.04641016658999073	3.4657321218463313	145.0	29.0	1	0	52881.0	0	0	0	0	0	-1	MPF-5827-20200807-13_38_37	262.8374	314.839	0.16516886408608844	0.5	1849.1875158380171	0.18258413812243962	152.7141007365705	0.3814616359472619	0.0006395155320884343	-1.0	DARK-5828-20200807-13_38_45	194.74	120.09899999999999	0.43298945037011133	1.6167145938173975	0.16516886408608844	0	5827	300	300	300	9869.86	299.418	-0.00640114	0.490356	2200.0022580645164	1849.1875158380171	0.8405389172031426	0.1910778344062851	0.5	0: Broadleaf	1596825508.1999993	49.80945806451613	49.97597096774194	18.785451612903223	16.94376774193548	500.07032258064515	99.73655806451612	0.1999864516129032	26.2359064516129	27.01907419354839	999.9000000000003	9996.19064516129	0.0	415.8155806451613	2200.0022580645164	0.9819940322580646	0.01800561612903226	0.0	262.8352903225806	5.00054	8858.884516129032	20590.51612903226	48.99570967741934	51.63493548387097	49.69309677419353	50.15493548387096	50.36267741935484	2155.481612903226	39.52064516129032	0.0	114.29999995231628	262.8374	-0.5645384617165836	-7.6438460839347275	8858.393600000001	15	1596825537.2	13:38:57	64	-0.312	0.114	50.0	17.0	0.49	0.04	49.82533269230768	-0.08439597028943674	0.013372614397655769	1	18.77332115384615	0.147855715871268	0.01876780525403145	1	2	2	2/2	1.86676	1.86325	1.86891	1.86684	1.87151	1.86402	1.86559	1.86554	5	0	0	0	11111111	oooooooo	off	off	off	off	0.0	100.0	100.0	-0.312	0.114	2	337.028	489.223	20.3353	33.8266	30.0001	33.7825	33.7819	5.69369	44.9102	0	20.3236	50	16.9696	100.736	101.299	
6	1596825628.7	610.6000001430511	20200807 13:40:28	13:40:28		1596825620.6999993	0.005404893263231741	28.443625687501786	387.843215021723	235.3922708396239	23.5233051279829	38.75808774957501	0.3308113387220985	3.3927208357034395	0.3138790953454624	0.19762348136712235	353.3374534324068	26.992606605817837	26.963677419354845	3.5715313232125956	54.925957916163995	1.8978196376340277	3.4552326616328783	1.6737116855785679	-238.3557929085198	-102.85232416491759	-6.521714866191989	5.607621492777426	-0.041334961515296746	0.046402115442432466	3.465256450879761	144.0	29.0	1	0	52775.0	0	0	0	0	0	-1	MPF-5829-20200807-13_40_30	254.05259999999998	342.135	0.25744925248805295	0.5	1849.1812256892858	28.443625687501786	238.03516213432408	0.485524719774358	0.015922520344930833	-1.0	DARK-5830-20200807-13_40_38	176.02	166.11499999999998	0.5302495259308312	1.943727985456198	0.257449252488053	0	5829	300	300	300	9870.11	314.856	-0.00640135	0.555176	2199.9948387096774	1849.1812256892858	0.8405388927066084	0.1910777854132169	0.5	0: Broadleaf	1596825620.6999993	387.84322580645164	400.0574516129032	18.991041935483867	16.87044193548387	500.0706129032258	99.73235483870967	0.20000506451612907	26.40136129032258	26.963677419354845	999.9000000000003	9994.877741935481	0.0	420.26651612903225	2199.9948387096774	0.9819947096774192	0.018005012903225804	0.0	254.04325806451615	5.00054	8683.29064516129	20590.458064516137	49.04619354838707	51.65299999999999	49.71748387096773	50.14090322580645	50.43725806451612	2155.4758064516127	39.51870967741935	0.0	112.0	254.05259999999998	0.5003076939392547	-60.66846160690615	8681.955600000001	15	1596825656.7	13:40:56	65	-0.3	0.113	400.0	17.0	0.17	0.04	387.8466346153847	-0.19597199692648326	0.030096657651226762	1	18.985523076923077	0.059805344489027086	0.00830869830091451	1	2	2	2/2	1.86676	1.86325	1.86894	1.86687	1.87156	1.86401	1.86563	1.86555	5	0	0	0	11111111	oooooooo	off	off	off	off	0.0	100.0	100.0	-0.3	0.113	2	337.848	490.513	20.9101	33.8143	29.9998	33.8068	33.812	22.135	46.8177	0	20.9183	400	16.8128	100.739	101.302	
7	1596825748.2	730.1000001430511	20200807 13:42:28	13:42:28		1596825740.1999993	0.005498140618111432	29.80780447470472	387.23898870671655	231.57807882522053	23.141636904801853	38.69685817195555	0.3392047774380703	3.3960826975064955	0.32144381955134854	0.20242060852516758	353.3395374063926	27.13396648951925	27.012935483870965	3.5818798003020476	55.02679542923906	1.919673403962721	3.488615662584419	1.6622063963393265	-242.46800125871417	-82.11450903571081	-5.207134813479407	23.549892298488217	-0.04138703780256568	0.04646057563702518	3.468709697442708	144.0	29.0	1	0	52748.0	0	0	0	0	0	-1	MPF-5831-20200807-13_42_29	255.05248	348.634	0.26842338957187195	0.5	1849.1920775531266	29.80780447470472	248.18320271313107	0.4832976703362266	0.016660143015251278	-1.0	DARK-5832-20200807-13_42_37	180.14	168.49400000000003	0.555399717497359	1.9353502831131344	0.26842338957187195	0	5831	300	300	300	9870.33	320.132	-0.00640159	0.447754	2200.0077419354834	1849.1920775531266	0.8405388955251029	0.19107779105020598	0.5	0: Broadleaf	1596825740.1999993	387.239	400.0118387096775	19.210148387096773	17.053464516129033	500.07519354838723	99.73018064516127	0.19998987096774193	26.564441935483874	27.012935483870965	999.9000000000003	10007.688064516129	0.0	423.4014838709677	2200.0077419354834	0.9819944838709675	0.018005261290322584	0.0	255.06535483870974	5.00054	8717.945161290323	20590.57096774193	48.99987096774194	51.57419354838707	49.658999999999985	50.090451612903216	50.40906451612903	2155.481935483871	39.51903225806451	0.0	119.0	255.05248	-0.3364615379218682	8.11538475735298	8718.4792	15	1596825773.7	13:42:53	66	-0.322	0.115	400.0	17.0	0.29	0.05	387.2663461538462	-0.05267992828472151	0.01334005624394724	1	19.20259615384615	0.05684760522497127	0.007376077797084113	1	2	2	2/2	1.86676	1.86325	1.86892	1.86683	1.87151	1.86401	1.86557	1.86553	5	0	0	0	11111111	oooooooo	off	off	off	off	0.0	100.0	100.0	-0.322	0.115	2	337.706	491.04	20.4598	33.7734	29.9996	33.8007	33.812	22.1366	44.786	0	20.471	400	17.0796	100.742	101.309	
8	1596825871.7	853.6000001430511	20200807 13:44:31	13:44:31		1596825863.6999993	0.005220948605694005	35.947032604345246	484.59572831233766	284.6970394652365	28.45043469577999	48.426773766601066	0.31725891189381994	3.393807263614307	0.3016551598826091	0.18987243900847156	353.3403781669224	27.11708957129187	27.01842258064516	3.5830341863952455	54.746402174096275	1.9008954420217343	3.4721833153104606	1.6821387443735112	-230.2438335111056	-97.7196900767377	-6.198548946568245	19.178305632510856	-0.04135178807507775	0.04642100472987424	3.4663724064548695	144.0	29.0	1	0	52779.0	0	0	0	0	0	-1	MPF-5833-20200807-13_44_33	260.46092	367.915	0.29206224263756586	0.5	1849.1959351928522	35.947032604345246	270.04015595434765	0.52570566571083	0.01998005289823009	-1.0	DARK-5834-20200807-13_44_41	174.5	193.41500000000002	0.555562288343717	2.1083954154727795	0.2920622426375658	0	5833	300	300	300	9869.97	335.48	-0.00640146	0.13443	2200.012258064516	1849.1959351928522	0.8405389235511359	0.19107784710227185	0.5	0: Broadleaf	1596825863.6999993	484.59574193548383	499.9844193548387	19.021829032258065	16.97346129032258	500.07003225806454	99.73230322580643	0.20001341935483874	26.48433870967742	27.01842258064516	999.9000000000003	9998.951612903227	0.0	424.0109032258065	2200.012258064516	0.9819939032258064	0.018005751612903225	0.0	260.439	5.00054	8858.650645161291	20590.622580645155	49.01599999999999	51.620935483870966	49.68699999999997	50.120935483870966	50.393	2155.4909677419355	39.52129032258064	0.0	122.59999990463257	260.46092	-0.6585384608156173	-0.7207692326650477	8858.9404	15	1596825895.2	13:44:55	67	-0.307	0.114	500.0	17.0	0.23	0.06	484.55713461538465	0.24382651754486886	0.03841775873721352	1	19.027874999999998	-0.05332792623578979	0.0068398682792082405	1	2	2	2/2	1.86676	1.86325	1.86891	1.86688	1.8715	1.86401	1.86557	1.86554	5	0	0	0	11111111	oooooooo	off	off	off	off	0.0	100.0	100.0	-0.307	0.114	2	337.952	491.487	20.3345	33.7596	30	33.7946	33.809	26.4376	44.7321	0	20.3265	500	17.1497	100.744	101.315	
9	1596826016.7	998.6000001430511	20200807 13:46:56	13:46:56		1596826008.6999993	0.004979518643554664	40.56468919023966	582.6547588447867	347.5289796050045	34.728631514076675	58.22479162124071	0.3041993783906881	3.3933376196430753	0.28982063899436417	0.18237312370703895	353.33556919750015	26.97159110686831	26.974103225806452	3.573719469102789	55.48322563625817	1.9038371232983011	3.4313742603568955	1.669882345804488	-219.5967721807607	-126.25509202042112	-7.999913599029402	-0.5162086027110746	-0.04134451394632299	0.04641283888309835	3.4658899976621704	144.0	29.0	1	0	52871.0	0	0	0	0	0	-1	MPF-5835-20200807-13_46_58	265.15836	385.092	0.3114415256614004	0.5	1849.1709674509218	40.56468919023966	287.9543136558414	0.5409408660787551	0.022477472295347842	-1.0	DARK-5836-20200807-13_47_06	176.78	208.31199999999998	0.5757404278198086	2.1783685937323227	0.3114415256614003	0	5835	300	300	300	9869.53	346.872	-0.00640103	0.349426	2199.982580645161	1849.1709674509218	0.8405389132256852	0.1910778264513705	0.5	0: Broadleaf	1596826008.6999993	582.6547741935484	600.0391290322581	19.051674193548386	17.098045161290322	500.05916129032255	99.73018709677419	0.1999872258064516	26.283964516129032	26.974103225806452	999.9000000000003	9997.404838709677	0.0	423.8746129032258	2199.982580645161	0.9819951935483873	0.01800445806451613	0.0	265.1812258064516	5.00054	8978.570967741936	20590.34193548387	49.2498064516129	51.83232258064514	49.89899999999999	50.35461290322579	50.57825806451611	2155.4625806451613	39.519999999999996	0.0	144.20000004768372	265.15836	-1.9884615361997284	-45.452307720371216	8978.1428	15	1596826040.2	13:47:20	68	-0.261	0.114	600.0	17.0	0.28	0.04	582.5675961538461	0.5020626654145457	0.07058362732776659	0	19.05389807692308	-0.053084094595756616	0.03752171417677093	1	1	2	1/2	1.86676	1.86325	1.86891	1.86683	1.87149	1.86401	1.8656	1.86554	5	0	0	0	11111111	oooooooo	off	off	off	off	0.0	100.0	100.0	-0.261	0.114	2	338.235	491.342	20.2857	33.8161	30.0011	33.8276	33.8385	30.6	44.9198	0	20.2789	600	17.0018	100.74	101.307	
10	1596826133.2	1115.1000001430511	20200807 13:48:53	13:48:53		1596826125.1999993	0.004354099225954046	44.95425204246966	680.8256281132627	382.56232810901776	38.22922015895832	68.0344898454979	0.26289590391798756	3.390890661651493	0.2520746484885816	0.15848178565829268	353.33912189713163	27.08508965554576	26.97695161290323	3.5743174859721205	55.33380801141764	1.8954716331888597	3.4255217584116857	1.6788458527832608	-192.0157758645734	-131.96914110025375	-8.366917141289667	20.987287791014808	-0.04130662133601585	0.046370301108453596	3.463376544778649	145.0	29.0	1	0	52800.0	0	0	0	0	0	-1	MPF-5837-20200807-13_48_54	270.65512	395.692	0.3159954712250943	0.5	1849.1896643989596	44.95425204246966	292.1677796931616	0.5422197062361636	0.0248510214648026	-1.0	DARK-5838-20200807-13_49_02	181.14	214.55200000000002	0.5827812371825943	2.184454013470244	0.31599547122509425	0	5837	300	300	300	9869.36	359.635	-0.00640104	0.739532	2200.004838709677	1849.1896643989596	0.8405389078523692	0.1910778157047385	0.5	0: Broadleaf	1596826125.1999993	680.8256451612901	699.9904838709676	18.968109677419353	17.259738709677425	500.06822580645155	99.72934838709678	0.20004180645161287	26.255058064516124	26.97695161290323	999.9000000000003	9988.326129032257	0.0	424.24803225806454	2200.004838709677	0.9819953870967745	0.01800431612903226	0.0	270.63158064516136	5.00054	9089.124838709677	20590.558064516135	49.28196774193547	51.91299999999998	49.971483870967724	50.433129032258044	50.64693548387096	2155.484516129032	39.519999999999996	0.0	115.79999995231628	270.65512	-1.0231538355983	-23.666153732391688	9089.2124	15	1596826159.7	13:49:19	69	-0.221	0.115	700.0	17.0	0.15	0.06	680.7631346153846	0.2707914283276266	0.04092301818243465	1	18.956855769230767	0.10700572014004633	0.014069599161388103	1	2	2	2/2	1.86676	1.86325	1.86894	1.86689	1.87157	1.86401	1.86564	1.86554	5	0	0	0	11111111	oooooooo	off	off	off	off	0.0	100.0	100.0	-0.221	0.115	2	337.537	491.309	20.2785	33.898	29.9972	33.8891	33.8963	34.6559	44.153	0	20.3502	700	17.0867	100.723	101.286	
11	1596826264.7	1246.6000001430511	20200807 13:51:04	13:51:04		1596826256.6999993	0.004014865253499119	47.198030849995064	779.9081112341071	436.1189704114108	43.57965288049914	77.93314914553146	0.23872900180301337	3.3948775308265393	0.2297794444553188	0.14438828163656842	353.3393275064087	27.173509344524604	27.033609677419356	3.5862309708918865	55.0774748622048	1.888079157655935	3.4280423392314425	1.6981518132359514	-177.05555767931114	-140.2145843421998	-8.882317255739876	27.186868229157938	-0.04136836671648739	0.04643961570722532	3.467471766278038	144.0	29.0	1	0	53018.0	0	0	0	0	0	-1	MPF-5839-20200807-13_51_06	271.54888	401.838	0.32423294959660365	0.5	1849.190748096087	47.198030849995064	299.78428531097217	0.5541486867842265	0.026064391085462327	-1.0	DARK-5840-20200807-13_51_14	179.16	222.67800000000003	0.5851009978534027	2.2429002009377097	0.32423294959660365	0	5839	300	300	300	9869.25	362.022	-0.00640082	0.928955	2200.0061290322583	1849.190748096087	0.8405389074572768	0.19107781491455345	0.5	0: Broadleaf	1596826256.6999993	779.9081290322582	800.0372903225806	18.89476129032258	17.319358064516127	500.06312903225813	99.72608064516128	0.1999850322580645	26.267512903225803	27.033609677419356	999.9000000000003	10003.584516129034	0.0	420.4737096774193	2200.0061290322583	0.981995483870968	0.018004245161290323	0.0	271.6004516129032	5.00054	9108.047419354838	20590.567741935487	49.32238709677419	51.94112903225804	49.99167741935483	50.46945161290321	50.66912903225806	2155.486129032258	39.519999999999996	0.0	131.09999990463257	271.54888	-2.4651538371393524	-89.79923072148662	9106.4468	15	1596826298.7	13:51:38	70	-0.348	0.12	800.0	17.0	0.23	0.05	780.0152692307693	0.2590075673813025	0.09738526096517217	1	18.89695	-0.07484146051620535	0.009426731630357078	1	2	2	2/2	1.86675	1.86325	1.86891	1.86681	1.87149	1.86399	1.86557	1.86553	5	0	0	0	11111111	oooooooo	off	off	off	off	0.0	100.0	100.0	-0.348	0.12	2	337.716	491.701	19.8402	33.8996	30.0001	33.9104	33.9198	38.603	43.2418	0	19.8289	800	17.3537	100.719	101.284	
12	1596826390.7	1372.6000001430511	20200807 13:53:10	13:53:10		1596826382.7032251	0.0038840973266229045	52.31796210290379	977.5683350250791	581.4769576819635	58.10496705940038	97.68499878547637	0.2307791958373921	3.394644027421625	0.2224039640333357	0.13972963587567352	353.33505436066355	27.05090010510097	26.961283870967737	3.5710291355172155	55.14464856556764	1.873438456686603	3.397316884627639	1.6975906788306125	-171.2886921040701	-154.85416919387694	-9.799353853635589	17.392839209080933	-0.041364749503267025	0.046435555068500174	3.4672319152976927	144.0	29.0	1	0	52796.0	0	0	0	0	0	-1	MPF-5841-20200807-13_53_12	271.5062	398.029	0.31787332078818387	0.5	1849.1682577735028	52.31796210290379	293.9006273972819	0.5525954139020021	0.028833483312709175	-1.0	DARK-5842-20200807-13_53_19	178.08	219.94899999999998	0.5752369867560209	2.2351134321653188	0.3178733207881838	0	5841	300	300	300	9869.69	361.504	-0.00640116	1.25394	2199.97935483871	1849.1682577735028	0.8405389140158878	0.19107782803177564	0.5	0: Broadleaf	1596826382.7032251	977.5683548387098	1000.0109354838709	18.74816129032258	17.22388064516129	500.07558064516127	99.72652580645163	0.19999112903225813	26.11514193548387	26.961283870967737	999.9000000000003	10002.665161290322	0.0	419.68254838709686	2199.97935483871	0.9819944838709678	0.018005141935483873	0.0	271.59161290322584	5.00054	9106.41483870968	20590.303225806452	49.207387096774184	51.820129032258045	49.89893548387096	50.34858064516128	50.57025806451611	2155.4593548387093	39.519999999999996	0.0	125.59999990463257	271.5062	-5.4020769062026925	-110.6715383898885	9104.4172	15	1596826431.2	13:53:51	71	-0.348	0.118	800.0	17.0	0.23	0.05	977.5484038461539	0.2856221722526181	0.04287157010967031	1	18.754367307692306	-0.04500490104011043	0.005655586793803829	1	2	2	2/2	1.86676	1.86325	1.86891	1.8669	1.87151	1.86401	1.86565	1.86552	5	0	0	0	11111111	oooooooo	off	off	off	off	0.0	100.0	100.0	-0.348	0.118	2	337.742	492.317	20.3613	33.8905	29.9997	33.9135	33.9212	46.2044	43.5938	0	20.373	1000	17.2496	100.725	101.292	
13	1596826537.8	1519.7000000476837	20200807 13:55:37	13:55:37		1596826529.7612906	0.0036995587602396914	51.5400590707704	1177.709367592352	764.1764231480612	76.36064091635237	117.68308913806901	0.21987335265835448	3.3919644517549545	0.2122511414729537	0.13331977562057784	353.3378859632658	26.888875975153844	26.97577096774193	3.5740695997509597	56.00890529339535	1.8798912221372999	3.356414863475254	1.6941783776136599	-163.1505413265704	-194.81709952447554	-12.326258936793852	-16.956013824573972	-0.04132324810100077	0.04638896610873378	3.46447951194149	144.0	29.0	1	0	52888.0	0	0	0	0	0	-1	MPF-5843-20200807-13_55_39	265.61496	388.95	0.31709741612032394	0.5	1849.183160999312	51.5400590707704	293.1856011430474	0.5407635942923255	0.028412577065852887	-1.0	DARK-5844-20200807-13_55_47	178.62	210.32999999999998	0.5863882470403652	2.17752771246221	0.31709741612032394	0	5843	300	300	300	9868.96	351.786	-0.00640061	1.13379	2199.9970967741942	1849.183160999312	0.8405389096698024	0.19107781933960477	0.5	0: Broadleaf	1596826529.7612906	1177.7093870967742	1200.0654838709675	18.812945161290322	17.36113870967742	500.06103225806453	99.72540322580646	0.20000483870967742	25.910425806451613	26.97577096774193	999.9000000000003	9992.741935483871	0.0	412.85687096774194	2199.9970967741942	0.9819961612903227	0.01800374838709677	0.0	265.6803870967742	5.00054	8937.029677419354	20590.46129032258	49.32025806451612	51.961387096774175	50.016000000000005	50.49993548387097	50.65699999999999	2155.4770967741933	39.519999999999996	0.0	146.5	265.61496	-2.4423076841763214	-70.90999984541698	8936.0668	15	1596826576.2	13:56:16	72	-0.087	0.118	1200.0	17.0	0.39	0.06	1177.4888461538462	-0.14802258628237355	0.08291918786369248	1	18.78619423076923	0.17447679921468068	0.04732608816035944	1	2	2	2/2	1.86676	1.86325	1.8689	1.8668	1.87151	1.86401	1.86557	1.86549	5	0	0	0	11111111	oooooooo	off	off	off	off	0.0	100.0	100.0	-0.087	0.118	2	337.689	492.429	19.7888	33.946	30.0023	33.9441	33.9547	53.4859	43.8214	0	19.7275	1200	17.1603	100.724	101.287	
14	1596826697.7	1679.6000001430511	20200807 13:58:17	13:58:17		1596826689.7483873	0.002692829917965067	52.117557353120155	1577.4880448325066	986.7288723474458	98.59502961588176	157.62433314528013	0.15374225631603522	3.3941525657641893	0.14997563300477504	0.09406550072634311	353.337360552045	27.051503939593267	27.04548709677419	3.5887328246180785	55.13399420433925	1.843405284361154	3.3435003412396904	1.7453275402569246	-118.75379938225946	-219.6104067215327	-13.886330433603861	1.086824014649011	-0.04135713661269883	0.04642700893191153	3.4667270943511617	145.0	29.0	1	0	52948.0	0	0	0	0	0	-1	MPF-5845-20200807-13_58_19	260.32491999999996	372.822	0.30174474682288077	0.5	1849.1828803542187	52.117557353120155	278.99061003084455	0.5389757042234632	0.028724880549913626	-1.0	DARK-5846-20200807-13_58_27	171.88	200.942	0.5598485135014085	2.1690830812194557	0.3017447468228807	0	5845	300	300	300	9868.35	338.64	-0.00640024	0.968811	2199.9970967741933	1849.1828803542187	0.8405387821036829	0.19107756420736588	0.5	0: Broadleaf	1596826689.7483873	1577.4880645161288	1600.0309677419357	18.448609677419356	17.391503225806453	500.07280645161296	99.72109032258065	0.20000490322580647	25.84533548387096	27.04548709677419	999.9000000000003	10001.369354838711	0.0	413.5308064516129	2199.9970967741933	0.9819981935483874	0.018002196774193544	0.0	260.3441612903226	5.00054	8801.612258064517	20590.48387096774	49.46748387096773	52.078258064516106	50.141	50.70732258064515	50.74987096774194	2155.486451612903	39.51064516129032	0.0	159.19999980926514	260.32491999999996	-2.5781538443880283	-73.01846165529507	8800.7024	15	1596826737.8	13:58:57	73	-0.087	0.121	1200.0	17.0	0.39	0.08	1577.4251923076927	0.7184592304217935	0.09993248460478293	0	18.486448076923075	-0.41953632624792847	0.05284126261515067	0	0	2	0/2	1.86671	1.86325	1.8689	1.86677	1.87149	1.86394	1.86554	1.86545	5	0	0	0	11111111	oooooooo	off	off	off	off	0.0	100.0	100.0	-0.087	0.121	2	337.353	492.337	19.3995	34.1187	30.0014	34.0672	34.07	67.2525	42.9763	0	19.3404	1600	17.3861	100.688	101.246	
15	1596826829.3	1811.2000000476837	20200807 14:00:29	14:00:29		1596826821.3000007	0.0026090187760195943	51.89025361936196	1777.4182384940048	1164.8087825421292	116.38679717488965	177.5982625809823	0.1485759319607791	3.3943426437239395	0.14505527068574384	0.09096891314445776	353.33650057785337	26.855099065748828	27.029203225806448	3.5853031853734407	55.645303942791635	1.8368809666920392	3.3010529847775074	1.7484222186814016	-115.0577280224641	-256.077829972081	-16.172551147896232	-33.971608564587996	-0.04136008091908266	0.04643031417376278	3.4669223390527444	145.0	29.0	1	0	53017.0	0	0	0	0	0	-1	MPF-5847-20200807-14_00_30	257.68828	363.921	0.291911486284111	0.5	1849.1785255155132	51.89025361936196	269.8982258939472	0.5245121880847766	0.028602026732176784	-1.0	DARK-5848-20200807-14_00_38	173.04	190.881	0.5565389954998139	2.103103328710125	0.29191148628411107	0	5847	300	300	300	9867.16	333.302	-0.00639932	1.02344	2199.9919354838707	1849.1785255155132	0.8405387745700081	0.1910775491400163	0.5	0: Broadleaf	1596826821.3000007	1777.4182580645163	1800.025806451613	18.383658064516133	17.359393548387096	500.0769677419355	99.71923548387096	0.19999496774193548	25.62983870967742	27.029203225806448	999.9000000000003	10002.26741935484	0.0	413.89464516129027	2199.9919354838707	0.9820001290322579	0.018000164516129034	0.0	257.69832258064514	5.00054	8719.371612903224	20590.470967741934	49.76774193548385	52.37880645161289	50.420999999999985	50.993709677419346	50.98958064516128	2155.481935483871	39.51	0.0	131.0	257.68828	-1.0486153882504539	55.08307692538819	8719.8072	15	1596826869.8	14:01:09	74	-0.131	0.117	1800.0	17.0	0.2	0.1	1777.4353846153847	0.24086058225978732	0.06502844166096453	1	18.389801923076924	-0.09218731324171234	0.03892090347192618	1	2	2	2/2	1.8667	1.86325	1.8689	1.86678	1.87149	1.86398	1.86555	1.86546	5	0	0	0	11111111	oooooooo	off	off	off	off	0.0	100.0	100.0	-0.131	0.117	2	336.52	491.603	19.1485	34.3676	30.002	34.254	34.2485	73.7441	44.0764	0	19.1054	1800	17.2238	100.648	101.193	
