[Header]
File opened	2020-08-07 11:20:20
Console s/n	68C-571038
Console ver	Bluestem v.1.3.4
Scripts ver	2018.05  1.3.4, Mar 2018
Head s/n	68H-581038
Head ver	1.4.0
Head cal	{"co2aspanconc1": "1002", "chamberpressurezero": "2.59209", "co2azero": "0.869071", "h2oaspan1": "1.00223", "h2oazero": "1.00263", "ssb_ref": "36526.8", "h2obspan2a": "0.0975941", "tazero": "0.00774765", "co2aspan2b": "0.163711", "co2aspan2a": "0.164928", "h2oaspanconc2": "0", "h2oaspan2a": "0.0661155", "co2bspanconc1": "1002", "h2oaspan2b": "0.0662632", "h2obspan2b": "0.0963575", "co2aspanconc2": "0", "h2obspanconc1": "20", "co2aspan2": "0", "flowazero": "0.42932", "h2obspan1": "0.998578", "oxygen": "21", "co2bspan2a": "0.163389", "co2bspan1": "0.992131", "h2oaspan2": "0", "h2oaspanconc1": "12.19", "h2obzero": "1.01783", "tbzero": "0.197721", "co2aspan1": "0.992625", "h2obspan2": "0", "co2bzero": "0.880288", "flowmeterzero": "0.990908", "ssa_ref": "36614.9", "co2bspan2": "0", "h2obspanconc2": "0", "co2bspanconc2": "0", "co2bspan2b": "0.162103", "flowbzero": "0.22736"}
Chamber type	6800-01A
Chamber s/n	MPF-551037
Chamber rev	0
Chamber cal	0
Fluorometer	MPF-551037
Flr. Version	1.4.0
11:20:20	Stability Definition:	CO2_s (Meas): Slp<0.3	H2O_s (Meas): Slp<0.2
SysConst:AvgTime	4
SysConst:Oxygen	21
SysConst:Chamber	6800-01A 2 cm²
Const:S	2.0
Const:CustomBLC	2.0
LTConst:deltaTw	0
LTConst:fT1	1
LTConst:fT2	0
LTConst:fTeb	0
LQConst:Leaf	standard
LQConst:Ambient	Sun+Sky
LQConst:abs_ambient	0.49
LQConst:abs_redLED	0.84
LQConst:abs_greenLED	0.7
LQConst:abs_blueLED	0.87
LQConst:abs_whiteLED	0.75
LQConst:abs_redFlr	0.84
LQConst:abs_blueFlr	0.87
LQConst:k_ambient	0.39
LQConst:k_redLED	0.18
LQConst:k_greenLED	0.23
LQConst:k_blueLED	0.26
LQConst:k_whiteLED	0.21
LQConst:k_redFlr	0.19
LQConst:k_blueFlr	0.25
QConst:fQ_Amb_in	0.0
QConst:fQ_Amb_out	0.0
QConst:fQ_HeadLS	0.0
QConst:fQ_ConsoleLS	0.0
QConst:fQ_Flr	1.0
LeakConst:fan_a	-6276.0
LeakConst:fan_b	6.6
LeakConst:fan_c	1.709e-05
LeakConst:fan_d	3.11
LeakConst:Fs_meas	3.02491 76.925 386.185 618.874 847.247 1053.45 1228.52 1400.43
LeakConst:Fs_true	0.304308 100.02 403.273 601.289 800.851 1000.77 1199.91 1400.15
LeakConst:leak_wt	0.0
[Data]
Sys	Sys	Sys	Sys	Sys	UserDefVar	GasEx	GasEx	GasEx	GasEx	GasEx	GasEx	GasEx	GasEx	GasEx	GasEx	GasEx	GasEx	GasEx	GasEx	GasEx	GasEx	GasEx	GasEx	GasEx	GasEx	GasEx	GasEx	GasEx	GasEx	GasEx	GasEx	Leak	Leak	Leak	Leak	Leak	FLR	FLR	FLR	FLR	FLR	FLR	FLR	FLR	FLR	FLR	FLR	FLR	FLR	FLR	FLR	FLR	FLR	FLR	FLR	FLR	FLR	FLR	FLR	FLR	MPF	MPF	MPF	MPF	MPF	MPF	MPF	MPF	LeafQ	LeafQ	LeafQ	LeafQ	Const	Const	Meas	Meas	Meas	Meas	Meas	Meas	Meas	Meas	Meas	Meas	Meas	Meas	Meas	Meas	FlrLS	FlrLS	FlrLS	FlrLS	FlrLS	FlrLS	FlrLS	FlrLS	FlrLS	FlrLS	FlrLS	FlrLS	FlrLS	FlrLS	FlrLS	FlrLS	FlrLS	FlrStats	FlrStats	FlrStats	FlrStats	FlrStats	Match	Match	Match	Match	Match	Match	Match	Match	Match	Stability	Stability	Stability	Stability	Stability	Stability	Stability	Stability	Stability	Stability	Stability	Auxiliary	Auxiliary	Auxiliary	Auxiliary	Auxiliary	Auxiliary	Auxiliary	Auxiliary	Auxiliary	Auxiliary	Auxiliary	Auxiliary	Auxiliary	Auxiliary	Auxiliary	Auxiliary	Auxiliary	Auxiliary	Auxiliary	Status	Status	Status	Status	Status	Status	Status	Status	Status	Status	Status	Status	Status	Status	Status	Status	Status	Status	Status	Status	
obs	time	elapsed	date	hhmmss	plant	TIME	E	A	Ca	Ci	Pci	Pca	gsw	gbw	gtw	gtc	Rabs	TleafEB	TleafCnd	SVPleaf	RHcham	VPcham	SVPcham	VPDleaf	LatHFlux	SenHFlux	NetTherm	EBSum	blfa_1	blfa_2	blfa_3	Leak	LeakPct	CorrFact	CorrFactPct	Fan	DarkAdaptedID	Fo	Fm	Fv	Fv/Fm	Adark	LightAdaptedID	Fs	Fm'	PhiPS2	PS2/1	Qabs_fs	Afs	ETR	Fv'/Fm'	PhiCO2	NPQ	DarkPulseID	Fo'	Fv'	qP	qN	qP_Fo	qN_Fo	ID	P1_dur	P2_dur	P3_dur	P1_Qmax	P1_Fmax	P2_dQdt	P3_ΔF	Qin	Qabs	alpha	convert	K	Geometry	TIME	CO2_s	CO2_r	H2O_s	H2O_r	Flow	Pa	ΔPcham	Tair	Tleaf	Tleaf2	Fan_speed	Qamb_in	Qamb_out	Q	f_red	f_blue	f_farred	F	Q_modavg	F_dc	Pc	Tled	TDigital	TPreamp	TPwrSpy	TDrive	Q_red	Q_blue	Q_farred	TSPF	F_avg	dF/dt	dF_dc/dt	F_dc_avg	period	time	hhmmss	count	co2_adj	h2o_adj	co2_at	h2o_at	co2_cv	h2o_cv	CO2_s:MN	CO2_s:SLP	CO2_s:SD	CO2_s:OK	H2O_s:MN	H2O_s:SLP	H2O_s:SD	H2O_s:OK	Stable	Total	State	ADC_CH1	ADC_CH2	ADC_CH3	ADC_CH4	ADC_CH5	ADC_CH6	ADC_CH7	ADC_CH8	DAC_1	DAC_2	DAC_3	DAC_4	GPIO	GPIO_dir	excit_5v	power_12v	power_5v	ch1_pullup	AuxPower	MatchValveR	MatchValveS	MatchCO2	MatchH2O	DIAG	Flow_s	Flow_r	Txchg	Tirga	Tchopper	Ts	Tr	CO2_%	Desiccant_%	Humidifier_%	Txchg_sp	CO2_r_sp	H2O_r_sp	SS_s	SS_r	
	s	s				s	mol m⁻² s⁻¹	µmol m⁻² s⁻¹	µmol mol⁻¹	µmol mol⁻¹	Pa	Pa	mol m⁻² s⁻¹	mol m⁻² s⁻¹	mol m⁻² s⁻¹	mol m⁻² s⁻¹	W m⁻²	°C	°C	kPa	%	kPa	kPa	kPa	W m⁻²	W m⁻²	W m⁻²	W m⁻²				µmol s⁻¹	%		%	µmol s⁻¹						µmol m⁻² s⁻¹						µmol m⁻² s⁻¹	µmol m⁻² s⁻¹	µmol m⁻² s⁻¹		µmol µmol⁻¹										ms	ms	ms	µmol m⁻² s⁻¹		mol m⁻² s⁻²		µmol m⁻² s⁻¹	µmol m⁻² s⁻¹		J/µmol			s	µmol mol⁻¹	µmol mol⁻¹	mmol mol⁻¹	mmol mol⁻¹	µmol s⁻¹	kPa	kPa	°C	°C	°C	rpm	µmol m⁻² s⁻¹	µmol m⁻² s⁻¹	µmol m⁻² s⁻¹					µmol m⁻² s⁻¹			°C	°C	°C	°C	°C	µmol m⁻² s⁻¹	µmol m⁻² s⁻¹	µmol m⁻² s⁻¹	s		min⁻¹	min⁻¹		s	secs			µmol/mol	mmol/mol	µmol/mol	mmol/mol	%	%	µmol mol⁻¹	µmol mol⁻¹ min⁻¹	µmol mol⁻¹		mmol mol⁻¹	mmol mol⁻¹ min⁻¹	mmol mol⁻¹					V	V	V	V	V	V	V	V	V	V	V	V							V	%	%	µmol/mol	mmol/mol		µmol s⁻¹	µmol s⁻¹	°C	°C	°C	°C	°C	%	%	%	°C	µmol mol⁻¹	mmol mol⁻¹	%	%	
1	1596818599.0	0	20200807 11:43:19	11:43:19		1596818591.0	0.005725637496355209	30.363721071021068	386.9827949531832	233.67176971601188	23.355171752768868	38.6783977049617	0.3519034099029825	3.39526684591672	0.3328235816218276	0.2096427347294612	353.34015124534744	27.004101248002016	27.02636774193548	3.5847062804515057	55.076863389208576	1.9125533451010146	3.472516819967908	1.6721529353504911	-252.50061358926473	-98.9178563968921	-6.272154215345699	-4.350472956155116	-0.04137439786642767	0.046446386201391035	3.467871664979649	142.0	28.0	1	0	52799.0	0	0	0	0	0	-1	MPF-5759-20200807-11_43_20	263.40776	372.22	0.2923331363172318	0.5	1849.195083579958	30.363721071021068	270.29049922266734	0.5156090484122293	0.016960742189678725	-1.0	DARK-5760-20200807-11_43_28	180.3	191.92000000000002	0.5669666527719884	2.06444814198558	0.2923331363172318	0	5759	300	300	300	9869.9	338.913	-0.00640133	0.916718	2200.0112903225804	1849.195083579958	0.8405389061929844	0.191077812385969	0.5	0: Broadleaf	1596818591.0	386.9828064516129	400.0126129032257	19.135364516129034	16.88927419354839	500.07564516129037	99.7486322580645	0.19999132258064517	26.485967741935482	27.02636774193548	999.9000000000003	10002.780967741935	0.0	320.23822580645157	2200.0112903225804	0.9819949354838713	0.018004667741935484	0.0	263.4326129032258	5.00054	8247.567741935483	20590.616129032253	49.03596774193547	51.158999999999985	49.51393548387096	49.812064516129006	50.36274193548387	2155.4912903225804	39.519999999999996	0.0	1456.5999999046326	263.40776	0.16876924723512232	-12.35769236043804	8247.39	15	1596818625.5	11:43:45	30	-0.309	0.116	400.0	17.0	0.11	0.04	387.40411538461535	0.06962520276614274	0.018867609450867403	1	19.15300192307692	-0.10135456330571432	0.012703459407466937	1	2	2	2/2	1.86676	1.86325	1.86894	1.86688	1.87153	1.86402	1.86562	1.86554	5	0	0	0	11111111	oooooooo	off	off	off	off	0.0	100.0	100.0	-0.309	0.116	2	340.18	505.88	20.2345	32.524	30.0009	32.4895	32.4914	22.1184	35.4387	0	20.197	400	16.8399	100.957	101.444	
2	1596818726.0	127.0	20200807 11:45:26	11:45:26		1596818718.0	0.0059970633796097685	22.459380107813196	290.3597979172483	182.41474106016966	18.23235616402854	29.021466250890384	0.3723283660406527	3.3902956249657716	0.35101204627762783	0.2211959513503569	353.3371267381185	26.85628384988279	26.998538709677423	3.5788525221949636	55.522277997646796	1.9181584771228797	3.454754643179765	1.660694045072084	-264.4704950407908	-109.57930906755625	-6.954366022170148	-27.667043392398668	-0.04129740869958725	0.046359959116991215	3.462765341530138	142.0	28.0	1	0	52717.0	0	0	0	0	0	-1	MPF-5761-20200807-11_45_27	256.76660000000004	347.566	0.26124361991679257	0.5	1849.1795903792508	22.459380107813196	241.5431850334636	0.47612827491756954	0.012686371961850325	-1.0	DARK-5762-20200807-11_45_35	182.08	165.48599999999996	0.5486832723009799	1.9088642355008785	0.2612436199167926	0	5761	300	300	300	9870.51	321.723	-0.00640181	1.26154	2199.9929032258065	1849.1795903792508	0.8405388888608846	0.1910777777217691	0.5	0: Broadleaf	1596818718.0	290.35980645161294	300.0386129032258	19.191177419354837	16.838745161290323	500.0758387096775	99.75000967741937	0.20000564516129032	26.39901612903226	26.998538709677423	999.9000000000003	9984.03	0.0	330.6638709677419	2199.9929032258065	0.9819947741935483	0.018004945161290326	0.0	256.7405483870968	5.00054	8121.977741935485	20590.425806451614	48.93712903225804	51.08232258064515	49.41699999999999	49.71754838709676	50.29012903225806	2155.473870967742	39.51838709677419	0.0	126.29999995231628	256.76660000000004	-1.3290000156225623	-20.183077012034023	8122.0296	15	1596818754.0	11:45:54	31	-0.414	0.112	300	17.0	0.22	0.04	290.4613846153846	0.05081533339066393	0.011374995936015635	1	19.173276923076923	0.16618867924527866	0.036590081755036356	1	2	2	2/2	1.86675	1.86325	1.86891	1.86683	1.87151	1.86401	1.86563	1.86554	5	0	0	0	11111111	oooooooo	off	off	off	off	0.0	100.0	100.0	-0.414	0.112	2	339.782	504.793	20.2642	32.6445	30.001	32.6076	32.6066	17.6495	36.6317	0	20.2363	300	16.6695	100.939	101.426	
3	1596818845.5	246.5	20200807 11:47:25	11:47:25		1596818837.5	0.005659933082230749	13.872350291484834	193.98770442382872	122.26695231063356	12.220210822968037	19.38848233576709	0.3453186001141567	3.3955881320683314	0.3269277374165547	0.20590052325731817	353.3442731347114	26.96095264149255	27.01513870967742	3.5823432802190953	54.88743842570262	1.8994643456677296	3.4606540223933115	1.6828789345513657	-249.60304892637603	-107.49456269922695	-6.812977824368802	-10.566316315260423	-0.04137937536826352	0.046451973883254886	3.4682016857748756	142.0	28.0	1	0	52789.0	0	0	0	0	0	-1	MPF-5763-20200807-11_47_27	255.17856	333.753	0.23542691751085376	0.5	1849.2165192376685	13.872350291484834	217.67767246713734	0.44839447136055705	0.008042514295522244	-1.0	DARK-5764-20200807-11_47_34	184.1	149.653	0.5250442022545487	1.812889733840304	0.2354269175108538	0	5763	300	300	300	9870.52	309.685	-0.0064019	1.95218	2200.0367741935484	1849.2165192376685	0.8405389132259039	0.19107782645180782	0.5	0: Broadleaf	1596818837.5	193.98770967741936	199.9748709677419	19.004722580645165	16.78413225806452	500.08032258064515	99.74693870967741	0.2000264516129032	26.42793870967742	27.01513870967742	999.9000000000003	10004.154193548386	0.0	332.7272903225807	2200.0367741935484	0.981994064516129	0.018005612903225807	0.0	255.21538709677418	5.00054	8086.3496774193545	20590.858064516124	48.86680645161291	51.007999999999996	49.33429032258063	49.654999999999994	50.225548387096765	2155.5154838709677	39.52096774193548	0.0	118.79999995231628	255.17856	-0.8667692292064393	-51.11615396871452	8085.8208	15	1596818871.0	11:47:51	32	-0.375	0.116	200.0	17.0	0.17	0.04	193.95488461538463	-0.049176129087423734	0.015177987408586316	1	18.99771730769231	0.03159412618458299	0.00402031959855912	1	2	2	2/2	1.86675	1.86325	1.8689	1.86687	1.8715	1.86401	1.86557	1.86554	5	0	0	0	11111111	oooooooo	off	off	off	off	0.0	100.0	100.0	-0.375	0.116	2	340.025	504.365	19.8061	32.6909	30.0001	32.6774	32.6794	13.0045	36.6955	0	19.8046	200	16.7986	100.93	101.418	
4	1596818962.5	363.5	20200807 11:49:22	11:49:22		1596818954.5	0.005843983267917442	4.9853012841469075	97.77473360104072	72.13514557169087	7.209550926382898	9.772100903430685	0.3592368187880815	3.394449044028862	0.33937307711344916	0.21380127182002814	353.33799179984237	26.84499470759281	26.979090322580642	3.574766563983683	55.16952606877121	1.900863984780439	3.44549630970353	1.6739025792032443	-257.7196621151592	-114.47690654759442	-7.253941560314501	-26.11251842322578	-0.041361729091632445	0.04643216439183777	3.4670316316117167	142.0	28.0	1	0	52955.0	0	0	0	0	0	-1	MPF-5765-20200807-11_49_24	256.9652	318.21	0.19246661010024824	0.5	1849.183460999304	4.9853012841469075	177.9530360959903	0.40071022280883695	0.0032367265933215916	-1.0	DARK-5766-20200807-11_49_31	190.7	127.50999999999999	0.480313700886205	1.6686418458311485	0.19246661010024826	0	5765	300	300	300	9870.44	302.724	-0.00640176	1.29004	2199.9974193548387	1849.183460999304	0.8405389227872764	0.19107784557455293	0.5	0: Broadleaf	1596818954.5	97.77473548387098	99.99706129032258	19.01909032258065	16.726319354838704	500.0792580645161	99.74507096774194	0.19998174193548388	26.353538709677423	26.979090322580642	999.9000000000003	10000.07516129032	0.0	329.76161290322585	2199.9974193548387	0.9819937741935484	0.018005887096774194	0.0	256.96093548387097	5.00054	8104.319677419355	20590.48064516129	48.90906451612903	51.062064516129006	49.391000000000005	49.769999999999996	50.26199999999999	2155.4764516129035	39.52096774193548	0.0	116.60000014305115	256.9652	-0.15461538377595171	33.13307684759798	8104.9972	15	1596818988.0	11:49:48	33	-0.299	0.114	100.0	17.0	0.27	0.04	97.6893769230769	0.08940834969691784	0.0213644349993214	1	19.004890384615386	0.21275181422351835	0.028529352358683324	0	1	2	1/2	1.86675	1.86325	1.86891	1.86689	1.87151	1.86403	1.86562	1.86554	5	0	0	0	11111111	oooooooo	off	off	off	off	0.0	100.0	100.0	-0.299	0.114	2	339.699	503.416	20.0685	32.7808	29.9999	32.7621	32.7657	8.17492	37.5308	0	20.0645	100	16.6202	100.914	101.406	
5	1596819079.5	480.5	20200807 11:51:19	11:51:19		1596819071.5	0.0063574851499380155	0.4342375442188391	49.687709512939826	46.505328818189724	4.648080169774695	4.96615039905466	0.3924401946404224	3.3925873226402317	0.36885207253009966	0.23253360347440588	353.3376314140567	26.842871885474683	27.011593548387093	3.581597530717807	54.95363800007601	1.9062134787377187	3.468766669706348	1.6753840519800882	-280.3650951122665	-99.48938519306576	-6.31233043340908	-32.82917932468463	-0.04133289383711066	0.04639979429253003	3.4651193094036143	143.0	29.0	1	0	52839.0	0	0	0	0	0	-1	MPF-5767-20200807-11_51_21	258.13336	309.886	0.1670054148945097	0.5	1849.1815642251104	0.4342375442188391	154.4116671743465	0.3919054103767192	0.0007756066640323924	-1.0	DARK-5768-20200807-11_51_28	188.44	121.44600000000003	0.4261370485647945	1.6444810019104226	0.1670054148945097	0	5767	300	300	300	9870.49	297.764	-0.00640172	1.44238	2199.995161290323	1849.1815642251104	0.840538923340424	0.1910778466808482	0.5	0: Broadleaf	1596819071.5	49.687709677419356	49.987712903225805	19.07219354838709	16.5780935483871	500.07890322580647	99.74724838709679	0.2000111612903226	26.467641935483872	27.011593548387093	999.9000000000003	9992.88548387097	0.0	338.55199999999996	2199.995161290323	0.9819935806451612	0.018006090322580645	0.0	258.12929032258063	5.00054	8166.7625806451615	20590.435483870973	48.87893548387096	51.049999999999976	49.34248387096773	49.71951612903225	50.21335483870966	2155.4741935483876	39.52096774193548	0.0	116.5	258.13336	0.13415384600776925	-1.7292307222419199	8166.6772	15	1596819108.5	11:51:48	34	-0.293	0.113	50.0	17.0	0.44	0.03	49.68953076923078	-0.12349252966789127	0.01768114530816046	1	19.063773076923077	0.10917305557926735	0.01368355435416242	1	2	2	2/2	1.86676	1.86325	1.86894	1.86686	1.87151	1.86401	1.86559	1.86554	5	0	0	0	11111111	oooooooo	off	off	off	off	0.0	100.0	100.0	-0.293	0.113	2	339.351	502.867	20.2368	32.844	30.0004	32.835	32.838	5.73783	38.5086	0	20.2294	50	16.5434	100.9	101.394	
6	1596819200.0	601.0	20200807 11:53:20	11:53:20		1596819192.0032258	0.006980358736294101	32.24369234045712	386.01689101935034	252.33259848184167	25.220693147555533	38.58246463891986	0.4377509694484663	3.3963646747287775	0.40864843996870903	0.2578586152797977	353.3379069501065	26.89420393819319	26.99690322580645	3.578508762542841	54.67287528839246	1.9181477939616665	3.508408481982484	1.6603609685811747	-307.83382027056984	-61.59882151525469	-3.9074103634351673	-20.00214519915321	-0.04139140677669654	0.04646548019323022	3.468999341449103	143.0	29.0	1	0	52795.0	0	0	0	0	0	-1	MPF-5769-20200807-11_53_21	255.76788	352.012	0.2734114746088202	0.5	1849.1829287412374	32.24369234045712	252.79391568429932	0.4970057838937309	0.017977503373928793	-1.0	DARK-5770-20200807-11_53_29	177.06	174.952	0.5501172893136403	1.9880944312662374	0.2734114746088202	0	5769	300	300	300	9870.38	321.964	-0.0064018	0.736542	2199.9967741935484	1849.1829287412374	0.8405389273441509	0.1910778546883018	0.5	0: Broadleaf	1596819192.0032258	386.0169032258064	399.990064516129	19.191035483870966	16.452893548387095	500.07622580645165	99.75021290322582	0.19998496774193542	26.66049032258064	26.99690322580645	999.9000000000003	10006.734516129029	0.0	342.49158064516126	2199.9967741935484	0.9819938387096774	0.01800581935483871	0.0	255.74303225806455	5.00054	8147.34129032258	20590.477419354836	48.900999999999996	51.033999999999985	49.34654838709676	49.75387096774193	50.24774193548385	2155.4754838709673	39.52129032258064	0.0	120.20000004768372	255.76788	-0.5957692417429084	5.707692378520541	8147.273600000001	15	1596819231.0	11:53:51	35	-0.341	0.107	400.0	16.0	0.2	0.03	386.0780384615385	-0.12441509796820471	0.02107674761297196	1	19.192109615384616	0.059102384797719135	0.007847029315788245	1	2	2	2/2	1.86675	1.86325	1.86894	1.86689	1.87156	1.86401	1.8656	1.86554	5	0	0	0	11111111	oooooooo	off	off	off	off	0.0	100.0	100.0	-0.341	0.107	2	339.373	503.346	20.8388	32.8934	30.0004	32.8968	32.9007	22.1139	39.6989	0	20.8335	400	16.527	100.895	101.39	
7	1596819322.5	723.5	20200807 11:55:22	11:55:22		1596819314.5	0.0067348754518470905	33.260858435316734	385.67824546636876	244.4120282188633	24.429308455343254	38.54905542773263	0.4244804820073421	3.394282179569482	0.39704076800106025	0.25046786756999173	353.3350543606635	27.01354447069645	27.043570967741935	3.588329109111615	55.082633859973754	1.9397723199931243	3.5215678410081908	1.648556789118491	-297.0080074264567	-58.46316531375665	-3.7128282049266024	-5.848946584476451	-0.04135914432164057	0.0464292627610836	3.466860231333877	143.0	29.0	1	0	52809.0	0	0	0	0	0	-1	MPF-5771-20200807-11_55_24	256.39140000000003	362.522	0.2927563016865182	0.5	1849.1682577735025	33.260858435316734	270.67783017093643	0.5193119314138177	0.018527712819691507	-1.0	DARK-5772-20200807-11_55_31	174.26	188.262	0.5637388320532022	2.080351199357282	0.2927563016865182	0	5771	300	300	300	9869.54	327.178	-0.00640118	0.464966	2199.9793548387097	1849.1682577735025	0.8405389140158878	0.19107782803177564	0.5	0: Broadleaf	1596819314.5	385.67825806451617	400.0193548387096	19.407167741935485	16.765912903225807	500.0782580645161	99.75134193548391	0.19999283870967743	26.724087096774195	27.043570967741935	999.9000000000003	9998.821612903226	0.0	344.0104838709678	2199.9793548387097	0.9819955806451616	0.01800417419354839	0.0	256.3647096774194	5.00054	8169.5341935483875	20590.325806451616	49.1066129032258	51.241741935483866	49.52999999999999	49.97148387096773	50.45548387096774	2155.4593548387093	39.519999999999996	0.0	122.0	256.39140000000003	0.4881538494673709	12.386153653481367	8170.2444	15	1596819349.5	11:55:49	36	-0.358	0.114	400.0	17.0	0.23	0.03	385.7038846153846	-0.059308460684676476	0.017119100720174224	1	19.398353846153846	0.015803978485438894	0.005269559226146778	1	2	2	2/2	1.86667	1.86325	1.8689	1.86678	1.87149	1.864	1.86554	1.86552	5	0	0	0	11111111	oooooooo	off	off	off	off	0.0	100.0	100.0	-0.358	0.114	2	339.012	502.823	19.6637	32.9952	30.0006	32.9866	32.9928	22.114	38.0088	0	19.6622	400	16.7834	100.876	101.365	
8	1596819471.0	872.0	20200807 11:57:51	11:57:51		1596819463.0	0.005781905359867652	37.30262831455019	483.9566633100071	297.56109515348174	29.74153354269455	48.3719598075175	0.3564915830033616	3.3953693419018864	0.3369263863404294	0.21224731662919155	353.3373711264288	26.954862636286986	27.01154838709677	3.5815880315983857	55.22289563164182	1.9135047946524049	3.4650569709640466	1.6680832369459808	-254.98202637016345	-102.8841952032568	-6.5217799915116705	-11.050630438503092	-0.0413759857547459	0.04644816874513491	3.4679769474306004	143.0	29.0	1	0	52861.0	0	0	0	0	0	-1	MPF-5773-20200807-11_57_52	262.02816	375.253	0.3017293399386547	0.5	1849.180451321891	37.30262831455019	278.9759985024089	0.5150471815015469	0.020713299390099797	-1.0	DARK-5774-20200807-11_58_00	181.98	193.273	0.5858285430453295	2.0620562699197715	0.30172933993865464	0	5773	300	300	300	9869.58	340.132	-0.00640108	0.576019	2199.9938709677417	1849.180451321891	0.8405389104599944	0.19107782091998904	0.5	0: Broadleaf	1596819463.0	483.95667741935483	499.99448387096777	19.14442580645161	16.87629677419355	500.0786129032258	99.751	0.20001519354838707	26.449496774193545	27.01154838709677	999.9000000000003	10002.927419354837	0.0	347.2541935483871	2199.9938709677417	0.9819950967741939	0.018004529032258066	0.0	262.0704193548387	5.00054	8302.045161290322	20590.445161290325	49.20532258064515	51.41899999999999	49.667064516129024	50.110645161290314	50.55412903225805	2155.473870967742	39.519999999999996	0.0	147.79999995231628	262.02816	-0.7633076894197761	-29.648461502754458	8300.339200000002	15	1596819498.5	11:58:18	37	-0.312	0.114	500.0	17.0	0.19	0.04	483.85061538461537	0.6039033552463627	0.07777387188464513	0	19.162444230769232	-0.18664338768889424	0.023409304638093452	1	1	2	1/2	1.86676	1.86325	1.8689	1.86684	1.87149	1.86401	1.86557	1.86554	5	0	0	0	11111111	oooooooo	off	off	off	off	0.0	100.0	100.0	-0.312	0.114	2	338.813	501.666	19.732	33.1791	30.0004	33.1343	33.1335	26.4068	38.1946	0	19.7282	500	16.8196	100.854	101.341	
9	1596819620.0	1021.0	20200807 12:00:20	12:00:20		1596819612.0483868	0.004461226617490278	38.252054700698146	583.6469210004394	333.49735863446637	33.33482052757907	58.338589075149116	0.26737511200797476	3.396817300760164	0.2562090435857326	0.16109502073777285	353.3393796410075	27.00735073824314	27.01329354838709	3.5819551207086295	55.31853584898349	1.889121505453458	3.4149882610968847	1.6928336152551715	-196.74009383132127	-148.4025986291682	-9.39165229931148	-1.1949651187934762	-0.04139842013791134	0.04647335330559802	3.4694642747006132	143.0	29.0	1	0	52780.0	0	0	0	0	0	-1	MPF-5775-20200807-12_00_21	263.28168	381.448	0.3097835615863761	0.5	1849.1910194115108	38.252054700698146	286.42449002341965	0.5167362261697531	0.02122660898125591	-1.0	DARK-5776-20200807-12_00_29	184.34	197.10799999999998	0.5995003754286989	2.0692633177823585	0.3097835615863761	0	5775	300	300	300	9869.64	343.379	-0.0064013	0.374878	2200.006451612903	1849.1910194115108	0.8405389075362951	0.19107781507259036	0.5	0: Broadleaf	1596819612.0483868	583.646935483871	599.9867419354839	18.899667741935485	17.149174193548387	500.07735483870965	99.75527741935484	0.1999985806451613	26.20292258064516	27.01329354838709	999.9000000000003	10007.92193548387	0.0	353.07216129032264	2200.006451612903	0.9819952903225809	0.018004387096774196	0.0	263.30348387096774	5.00054	8359.679677419355	20590.564516129027	49.16512903225806	51.41699999999999	49.674999999999976	50.03799999999998	50.504	2155.485806451613	39.519999999999996	0.0	148.20000004768372	263.28168	-2.2663846205979588	-60.526153752413144	8359.0204	15	1596819644.5	12:00:44	38	-0.274	0.117	600.0	17.0	0.29	0.05	583.5089615384614	0.9465680613025766	0.12170850446525897	0	18.890182692307693	0.07987472808803352	0.017630739339986837	1	1	2	1/2	1.86674	1.86325	1.8689	1.86685	1.87151	1.86401	1.8656	1.86554	5	0	0	0	11111111	oooooooo	off	off	off	off	0.0	100.0	100.0	-0.274	0.117	2	338.676	501.163	19.6873	33.2939	30.0012	33.2557	33.2543	30.5607	37.5581	0	19.6178	600	17.0202	100.833	101.322	
10	1596819766.1	1167.0999999046326	20200807 12:02:46	12:02:46		1596819758.0483868	0.004046046387997473	39.087620864047175	683.3080175020953	397.7967483185405	39.7631313376779	68.30238446863082	0.2390309392148736	3.3943189691517137	0.23005777010437575	0.14456424434129586	353.33731964274523	26.89988786953682	26.9801	3.5749785892691777	55.264307885812954	1.8648363908494943	3.3743956310872774	1.7101421984196834	-178.43064571068857	-179.22719828471753	-11.33737007693364	-15.657894429594535	-0.04135971419605057	0.046429902495032566	3.466898020945851	143.0	29.0	1	0	52988.0	0	0	0	0	0	-1	MPF-5777-20200807-12_02_47	264.32336	387.162	0.31727969170528103	0.5	1849.1801803541496	39.087620864047175	293.35365876514027	0.5276912506909252	0.021678591026413504	-1.0	DARK-5778-20200807-12_02_55	182.86	204.30199999999996	0.6012600953490422	2.117259105326479	0.31727969170528103	0	5777	300	300	300	9869.39	347.229	-0.0064011	0.635651	2199.993548387097	1849.1801803541496	0.8405389105390139	0.19107782107802773	0.5	0: Broadleaf	1596819758.0483868	683.3080322580645	700.0464838709678	18.656122580645157	17.068132258064516	500.073935483871	99.75842580645163	0.1999863870967742	26.000687096774197	26.9801	999.9000000000003	9998.249354838708	0.0	354.6740967741936	2199.993548387097	0.9819960645161292	0.01800381935483871	0.0	264.3725161290323	5.00054	8392.599354838709	20590.458064516126	49.24187096774194	51.522	49.769999999999996	50.16699999999999	50.53206451612902	2155.4735483870963	39.519999999999996	0.0	145.5	264.32336	-3.4223846349296685	-28.61000000247514	8392.1652	15	1596819792.6	12:03:12	39	-0.231	0.115	700.0	17.0	0.22	0.05	683.1876730769229	0.9649668941667099	0.12371209149812984	0	18.714490384615384	-0.6232196617572989	0.07829591122936566	0	0	2	0/2	1.86676	1.86325	1.86891	1.86683	1.87152	1.86401	1.86558	1.86554	5	0	0	0	11111111	oooooooo	off	off	off	off	0.0	100.0	100.0	-0.231	0.115	2	338.602	500.636	19.4541	33.426	30.0007	33.3817	33.3793	34.5838	38.5625	0	19.4616	700	17.0416	100.808	101.294	
11	1596819914.1	1315.0999999046326	20200807 12:05:14	12:05:14		1596819906.0999994	0.0031544089910536767	39.52256887872084	783.225275379611	412.17187668943285	41.20007099524813	78.29000175872515	0.18312521017327596	3.395084860814248	0.17780949133353352	0.11159567541241927	353.337268484521	27.03332446019357	27.017419354838708	3.5828231015413214	55.27895802645991	1.8577804384827878	3.3607370775576846	1.7250426630585336	-139.10943650546713	-198.64109434163333	-12.560644014655681	3.0260936227648756	-0.041371578570159814	0.04644322129434645	3.4676847325061946	144.0	29.0	1	0	52892.0	0	0	0	0	0	-1	MPF-5779-20200807-12_05_15	264.26504	385.246	0.3140356032249524	0.5	1849.1799095602494	39.52256887872084	290.3541641851079	0.5221235262663337	0.021913805503304136	-1.0	DARK-5780-20200807-12_05_23	184.1	201.146	0.6014584431209171	2.092590983161325	0.31403560322495233	0	5779	300	300	300	9869.4	349.244	-0.006401	1.48837	2199.9932258064514	1849.1799095602494	0.8405389106970526	0.19107782139410523	0.5	0: Broadleaf	1596819906.0999994	783.2252903225806	800.019935483871	18.585522580645165	17.347403225806453	500.07822580645154	99.7584870967742	0.19998490322580645	25.932161290322576	27.017419354838708	999.9000000000003	10001.11129032258	0.0	355.14383870967737	2199.9932258064514	0.981995483870968	0.018004245161290323	0.0	264.2726129032258	5.00054	8400.792580645162	20590.44838709677	49.30203225806449	51.65699999999998	49.84858064516128	50.221612903225804	50.59845161290321	2155.472903225806	39.519999999999996	0.0	147.29999995231628	264.26504	-1.4963846024663308	-5.306922900415242	8400.6304	15	1596819938.1	12:05:38	40	-0.297	0.122	800.0	17.0	0.25	0.09	783.2437500000002	0.5845966020660459	0.07552148828186757	0	18.56576923076923	0.11713753948602351	0.02499882719142527	1	1	2	1/2	1.86675	1.86325	1.8689	1.86679	1.87152	1.86401	1.86557	1.86554	5	0	0	0	11111111	oooooooo	off	off	off	off	0.0	100.0	100.0	-0.297	0.122	2	338.172	500.326	19.4243	33.5587	30.0014	33.5161	33.513	38.5416	37.0774	0	19.404	800	17.3976	100.784	101.268	
12	1596820059.6	1460.5999999046326	20200807 12:07:39	12:07:39		1596820051.5999994	0.002619613335923753	43.636880033203255	981.551757693054	485.2196086853526	48.50276653560264	98.11634751321161	0.14994356278677032	3.3950220230826447	0.14635932960120782	0.09178947412603398	353.33901860430655	27.04475907532025	26.997090322580647	3.5785480866445045	55.04390294135543	1.8378784901735976	3.3389320014819805	1.740669596470907	-115.5249481142375	-215.03239987379334	-13.58850478170399	9.193165834571715	-0.041370605109728315	0.046442128499732276	3.4676201865220935	143.0	29.0	1	0	52888.0	0	0	0	0	0	-1	MPF-5781-20200807-12_07_41	267.31588000000005	392.226	0.318464660680322	0.5	1849.1891222896345	43.636880033203255	294.45069318185546	0.534809013170978	0.02413862351620078	-1.0	DARK-5782-20200807-12_07_48	182.46	209.766	0.5954736229894261	2.149654718842486	0.3184646606803219	0	5781	300	300	300	9869.74	355.115	-0.00640129	0.953339	2200.004193548387	1849.1891222896345	0.8405389079313877	0.19107781586277567	0.5	0: Broadleaf	1596820051.5999994	981.5517741935483	1000.0321612903225	18.386058064516124	17.35763870967742	500.07790322580644	99.76042903225806	0.20001293548387095	25.822258064516134	26.997090322580647	999.9000000000003	10000.681290322582	0.0	361.4136129032257	2200.004193548387	0.9819950000000003	0.018004600000000003	0.0	267.36696774193547	5.00054	8487.195483870968	20590.54838709677	49.263806451612886	51.612806451612904	49.82012903225804	50.14293548387097	50.55806451612901	2155.484193548387	39.519999999999996	0.0	144.79999995231628	267.31588000000005	-2.220615386665516	-69.65384622450297	8486.1044	15	1596820089.6	12:08:09	41	0.006	0.121	1000.0	17.0	0.1	0.08	981.1419423076924	1.1003312558693887	0.1458765829077047	0	18.436126923076923	-0.49950550670195654	0.06302402507525535	0	0	2	0/2	1.86671	1.86323	1.8689	1.86681	1.87149	1.864	1.86555	1.8655	5	0	0	0	11111111	oooooooo	off	off	off	off	0.0	100.0	100.0	0.006	0.121	2	339.428	500.413	18.8739	33.6007	29.9988	33.5789	33.5778	46.1206	37.7686	0	19.153	1000	17.3444	100.779	101.265	
13	1596820211.1	1612.0999999046326	20200807 12:10:11	12:10:11		1596820203.0999994	0.0024700547440834773	44.51289890620822	1181.1191444938158	642.4074580569096	64.21530659468884	118.06514235986336	0.14164823607514515	3.393105163028814	0.13844328489101082	0.08680896544738642	353.3388126695719	26.86712132168063	26.982193548387098	3.5754182549524254	55.81410918057594	1.8402735471864569	3.297147574697648	1.7351447077659685	-108.92941421408135	-251.0341741930044	-15.854477664255937	-22.479253401769768	-0.04134091368635656	0.04640879727588593	3.465651223222468	144.0	29.0	1	0	53037.0	0	0	0	0	0	-1	MPF-5783-20200807-12_10_12	266.54512	392.909	0.32161106006734386	0.5	1849.188038418667	44.51289890620822	297.35966264983983	0.5376537569768063	0.024612369299732532	-1.0	DARK-5784-20200807-12_10_20	181.66	211.249	0.5981750446155958	2.1628812066497853	0.32161106006734386	0	5783	300	300	300	9869.9	354.029	-0.00640131	1.1618	2200.0029032258067	1849.188038418667	0.8405389082474624	0.19107781649492475	0.5	0: Broadleaf	1596820203.0999994	1181.1191612903226	1200.088387096774	18.41002580645161	17.440341935483872	500.0765806451612	99.76039032258066	0.20000987096774195	25.609890322580647	26.982193548387098	999.9000000000003	9993.507741935484	0.0	366.0612903225807	2200.0029032258067	0.9819946129032259	0.018005006451612907	0.0	266.5433225806451	5.00054	8482.160322580645	20590.525806451606	49.243806451612905	51.612806451612904	49.816064516129	50.15099999999999	50.54199999999997	2155.4829032258067	39.519999999999996	0.0	150.60000014305115	266.54512	-0.9718461394986185	15.555384544244982	8481.931199999999	15	1596820244.1	12:10:44	42	-0.03	0.121	1200.0	17.0	0.19	0.08	1181.1746153846154	-0.20264663194734517	0.03944136536397899	1	18.358578846153844	0.49769469819858003	0.07236681224189198	0	1	2	1/2	1.86675	1.86322	1.8689	1.86677	1.87151	1.86401	1.86555	1.86553	5	0	0	0	11111111	oooooooo	off	off	off	off	0.0	100.0	100.0	-0.03	0.121	2	338.483	500.493	19.1609	33.625	30.0015	33.613	33.6137	53.3889	38.8741	0	19.0424	1200	17.2242	100.783	101.272	
14	1596820365.6	1766.5999999046326	20200807 12:12:45	12:12:45		1596820357.5999994	0.0021862385222111863	48.99025901406698	1579.1135298904026	880.289245432251	87.99355347067583	157.84790232266087	0.12031418776053907	3.3937111724039415	0.11799383207697693	0.07395089253181708	353.3382643204596	26.95635680452926	27.229670967741935	3.627724685230335	55.30344113858165	1.826153676635985	3.3020615698396303	1.80157100859435	-96.41311882951331	-291.7661624558987	-18.44889662248305	-53.28991358743551	-0.04135029971954601	0.04641933392040276	3.4662737034413205	143.0	29.0	1	0	52994.0	0	0	0	0	0	-1	MPF-5785-20200807-12_12_47	264.31435999999997	387.016	0.3170453934721046	0.5	1849.185797776997	48.99025901406698	293.13791942961785	0.5377968869504104	0.027033659394400975	-1.0	DARK-5786-20200807-12_12_55	178.88	208.13600000000002	0.5895262712841606	2.1635509838998215	0.31704539347210464	0	5785	300	300	300	9870.87	351.619	-0.00640212	1.66461	2200.000322580645	1849.185797776997	0.8405388757433747	0.19107775148674946	0.5	0: Broadleaf	1596820357.5999994	1579.1135483870967	1600.0877419354842	18.268877419354837	17.410474193548385	500.06764516129033	99.75984516129033	0.19997364516129032	25.634987096774193	27.229670967741935	999.9000000000003	9995.831290322581	0.0	371.8541290322581	2200.000322580645	0.9819948387096773	0.018004925806451615	0.0	264.31909677419355	5.00054	8446.165161290322	20590.500000000004	49.05806451612901	51.37493548387097	49.61687096774194	49.937258064516115	50.370935483870966	2155.474516129032	39.51741935483871	0.0	153.90000009536743	264.31435999999997	4.099846159554373	66.51307702794934	8446.249199999998	15	1596820395.6	12:13:15	43	-0.2	0.122	1600.0	17.0	0.16	0.1	1579.1657692307688	1.2447707675233846	0.15760644942200783	0	18.29255192307692	-0.30170221121829843	0.047295415660036345	0	0	2	0/2	1.86663	1.86313	1.86883	1.86676	1.87147	1.86395	1.86554	1.8654	5	0	0	0	11111111	oooooooo	off	off	off	off	0.0	100.0	100.0	-0.2	0.122	2	339.504	501.574	18.7795	33.5508	30.0033	33.5824	33.5868	67.1095	38.6581	0	18.6163	1600	17.4061	100.788	101.284	
15	1596820513.1	1914.0999999046326	20200807 12:15:13	12:15:13		1596820505.0999994	0.0016261674257848004	46.38556797101257	1780.2579502335864	912.3523249718218	91.19556497792058	177.94839245134932	0.09068598866916038	3.3932648874969256	0.0893607724486347	0.05596793489649106	353.3365720741404	27.065403220582084	27.0466	3.588967324047552	55.15194820028893	1.81918902625218	3.2985036532991407	1.7697782977953722	-71.7139834771097	-261.5607778901352	-16.524438868382287	3.537371838513195	-0.04134338746766227	0.04641157431211673	3.4658152887433413	142.0	28.0	1	0	53016.0	0	0	0	0	0	-1	MPF-5787-20200807-12_15_14	262.38439999999997	383.642	0.31606966911860546	0.5	1849.176372492297	46.38556797101257	292.2342820977917	0.5287273030585806	0.025625228980806675	-1.0	DARK-5788-20200807-12_15_22	180.8	202.84199999999998	0.5977933564054784	2.1219137168141593	0.31606966911860546	0	5787	300	300	300	9871.03	346.103	-0.00640223	0.889221	2199.9890322580645	1849.176372492297	0.8405389051391343	0.19107781027826878	0.5	0: Broadleaf	1596820505.0999994	1780.257967741936	1799.9674193548392	18.199803225806452	17.561264516129036	500.0703870967742	99.75653870967743	0.19998299999999997	25.61681935483871	27.0466	999.9000000000003	9994.491612903226	0.0	375.5117741935484	2199.9890322580645	0.981993516129032	0.018006206451612907	0.0	262.3539677419355	5.00054	8406.370967741934	20590.38709677419	48.92099999999998	51.2458064516129	49.467516129032255	49.8708064516129	50.22351612903225	2155.4603225806454	39.519354838709674	0.0	146.79999995231628	262.38439999999997	-0.12876923661608608	2.059999954093539	8406.4444	15	1596820541.6	12:15:41	44	0.127	0.128	1800.0	18.0	0.31	0.15	1779.918653846154	0.2597626568770527	0.06409214658942067	1	18.19409423076923	0.0014337915137009518	0.0026835262006964316	1	2	2	2/2	1.86676	1.8632	1.8689	1.86683	1.87149	1.86401	1.86557	1.86554	5	0	0	0	11111111	oooooooo	off	off	off	off	0.0	100.0	100.0	0.127	0.128	2	339.644	502.359	19.3527	33.4444	29.9998	33.5031	33.5138	73.5995	37.9388	0	19.3518	1800	17.552	100.814	101.315	
