[Header]
File opened	2020-08-07 09:58:52
Console s/n	68C-571038
Console ver	Bluestem v.1.3.4
Scripts ver	2018.05  1.3.4, Mar 2018
Head s/n	68H-581038
Head ver	1.4.0
Head cal	{"co2aspanconc1": "1002", "chamberpressurezero": "2.59209", "co2azero": "0.869071", "h2oaspan1": "1.00223", "h2oazero": "1.00263", "ssb_ref": "36526.8", "h2obspan2a": "0.0975941", "tazero": "0.00774765", "co2aspan2b": "0.163711", "co2aspan2a": "0.164928", "h2oaspanconc2": "0", "h2oaspan2a": "0.0661155", "co2bspanconc1": "1002", "h2oaspan2b": "0.0662632", "h2obspan2b": "0.0963575", "co2aspanconc2": "0", "h2obspanconc1": "20", "co2aspan2": "0", "flowazero": "0.42932", "h2obspan1": "0.998578", "oxygen": "21", "co2bspan2a": "0.163389", "co2bspan1": "0.992131", "h2oaspan2": "0", "h2oaspanconc1": "12.19", "h2obzero": "1.01783", "tbzero": "0.197721", "co2aspan1": "0.992625", "h2obspan2": "0", "co2bzero": "0.880288", "flowmeterzero": "0.990908", "ssa_ref": "36614.9", "co2bspan2": "0", "h2obspanconc2": "0", "co2bspanconc2": "0", "co2bspan2b": "0.162103", "flowbzero": "0.22736"}
Chamber type	6800-01A
Chamber s/n	MPF-551037
Chamber rev	0
Chamber cal	0
Fluorometer	MPF-551037
Flr. Version	1.4.0
09:58:52	Stability Definition:	CO2_s (Meas): Slp<0.3	H2O_s (Meas): Slp<0.2
SysConst:AvgTime	4
SysConst:Oxygen	21
SysConst:Chamber	6800-01A 2 cm²
Const:S	2.0
Const:CustomBLC	2.0
LTConst:deltaTw	0
LTConst:fT1	1
LTConst:fT2	0
LTConst:fTeb	0
LQConst:Leaf	standard
LQConst:Ambient	Sun+Sky
LQConst:abs_ambient	0.49
LQConst:abs_redLED	0.84
LQConst:abs_greenLED	0.7
LQConst:abs_blueLED	0.87
LQConst:abs_whiteLED	0.75
LQConst:abs_redFlr	0.84
LQConst:abs_blueFlr	0.87
LQConst:k_ambient	0.39
LQConst:k_redLED	0.18
LQConst:k_greenLED	0.23
LQConst:k_blueLED	0.26
LQConst:k_whiteLED	0.21
LQConst:k_redFlr	0.19
LQConst:k_blueFlr	0.25
QConst:fQ_Amb_in	0.0
QConst:fQ_Amb_out	0.0
QConst:fQ_HeadLS	0.0
QConst:fQ_ConsoleLS	0.0
QConst:fQ_Flr	1.0
LeakConst:fan_a	-6276.0
LeakConst:fan_b	6.6
LeakConst:fan_c	1.709e-05
LeakConst:fan_d	3.11
LeakConst:Fs_meas	3.02491 76.925 386.185 618.874 847.247 1053.45 1228.52 1400.43
LeakConst:Fs_true	0.304308 100.02 403.273 601.289 800.851 1000.77 1199.91 1400.15
LeakConst:leak_wt	0.0
[Data]
Sys	Sys	Sys	Sys	Sys	UserDefVar	GasEx	GasEx	GasEx	GasEx	GasEx	GasEx	GasEx	GasEx	GasEx	GasEx	GasEx	GasEx	GasEx	GasEx	GasEx	GasEx	GasEx	GasEx	GasEx	GasEx	GasEx	GasEx	GasEx	GasEx	GasEx	GasEx	Leak	Leak	Leak	Leak	Leak	FLR	FLR	FLR	FLR	FLR	FLR	FLR	FLR	FLR	FLR	FLR	FLR	FLR	FLR	FLR	FLR	FLR	FLR	FLR	FLR	FLR	FLR	FLR	FLR	MPF	MPF	MPF	MPF	MPF	MPF	MPF	MPF	LeafQ	LeafQ	LeafQ	LeafQ	Const	Const	Meas	Meas	Meas	Meas	Meas	Meas	Meas	Meas	Meas	Meas	Meas	Meas	Meas	Meas	FlrLS	FlrLS	FlrLS	FlrLS	FlrLS	FlrLS	FlrLS	FlrLS	FlrLS	FlrLS	FlrLS	FlrLS	FlrLS	FlrLS	FlrLS	FlrLS	FlrLS	FlrStats	FlrStats	FlrStats	FlrStats	FlrStats	Match	Match	Match	Match	Match	Match	Match	Match	Match	Stability	Stability	Stability	Stability	Stability	Stability	Stability	Stability	Stability	Stability	Stability	Auxiliary	Auxiliary	Auxiliary	Auxiliary	Auxiliary	Auxiliary	Auxiliary	Auxiliary	Auxiliary	Auxiliary	Auxiliary	Auxiliary	Auxiliary	Auxiliary	Auxiliary	Auxiliary	Auxiliary	Auxiliary	Auxiliary	Status	Status	Status	Status	Status	Status	Status	Status	Status	Status	Status	Status	Status	Status	Status	Status	Status	Status	Status	Status	
obs	time	elapsed	date	hhmmss	plant	TIME	E	A	Ca	Ci	Pci	Pca	gsw	gbw	gtw	gtc	Rabs	TleafEB	TleafCnd	SVPleaf	RHcham	VPcham	SVPcham	VPDleaf	LatHFlux	SenHFlux	NetTherm	EBSum	blfa_1	blfa_2	blfa_3	Leak	LeakPct	CorrFact	CorrFactPct	Fan	DarkAdaptedID	Fo	Fm	Fv	Fv/Fm	Adark	LightAdaptedID	Fs	Fm'	PhiPS2	PS2/1	Qabs_fs	Afs	ETR	Fv'/Fm'	PhiCO2	NPQ	DarkPulseID	Fo'	Fv'	qP	qN	qP_Fo	qN_Fo	ID	P1_dur	P2_dur	P3_dur	P1_Qmax	P1_Fmax	P2_dQdt	P3_ΔF	Qin	Qabs	alpha	convert	K	Geometry	TIME	CO2_s	CO2_r	H2O_s	H2O_r	Flow	Pa	ΔPcham	Tair	Tleaf	Tleaf2	Fan_speed	Qamb_in	Qamb_out	Q	f_red	f_blue	f_farred	F	Q_modavg	F_dc	Pc	Tled	TDigital	TPreamp	TPwrSpy	TDrive	Q_red	Q_blue	Q_farred	TSPF	F_avg	dF/dt	dF_dc/dt	F_dc_avg	period	time	hhmmss	count	co2_adj	h2o_adj	co2_at	h2o_at	co2_cv	h2o_cv	CO2_s:MN	CO2_s:SLP	CO2_s:SD	CO2_s:OK	H2O_s:MN	H2O_s:SLP	H2O_s:SD	H2O_s:OK	Stable	Total	State	ADC_CH1	ADC_CH2	ADC_CH3	ADC_CH4	ADC_CH5	ADC_CH6	ADC_CH7	ADC_CH8	DAC_1	DAC_2	DAC_3	DAC_4	GPIO	GPIO_dir	excit_5v	power_12v	power_5v	ch1_pullup	AuxPower	MatchValveR	MatchValveS	MatchCO2	MatchH2O	DIAG	Flow_s	Flow_r	Txchg	Tirga	Tchopper	Ts	Tr	CO2_%	Desiccant_%	Humidifier_%	Txchg_sp	CO2_r_sp	H2O_r_sp	SS_s	SS_r	
	s	s				s	mol m⁻² s⁻¹	µmol m⁻² s⁻¹	µmol mol⁻¹	µmol mol⁻¹	Pa	Pa	mol m⁻² s⁻¹	mol m⁻² s⁻¹	mol m⁻² s⁻¹	mol m⁻² s⁻¹	W m⁻²	°C	°C	kPa	%	kPa	kPa	kPa	W m⁻²	W m⁻²	W m⁻²	W m⁻²				µmol s⁻¹	%		%	µmol s⁻¹						µmol m⁻² s⁻¹						µmol m⁻² s⁻¹	µmol m⁻² s⁻¹	µmol m⁻² s⁻¹		µmol µmol⁻¹										ms	ms	ms	µmol m⁻² s⁻¹		mol m⁻² s⁻²		µmol m⁻² s⁻¹	µmol m⁻² s⁻¹		J/µmol			s	µmol mol⁻¹	µmol mol⁻¹	mmol mol⁻¹	mmol mol⁻¹	µmol s⁻¹	kPa	kPa	°C	°C	°C	rpm	µmol m⁻² s⁻¹	µmol m⁻² s⁻¹	µmol m⁻² s⁻¹					µmol m⁻² s⁻¹			°C	°C	°C	°C	°C	µmol m⁻² s⁻¹	µmol m⁻² s⁻¹	µmol m⁻² s⁻¹	s		min⁻¹	min⁻¹		s	secs			µmol/mol	mmol/mol	µmol/mol	mmol/mol	%	%	µmol mol⁻¹	µmol mol⁻¹ min⁻¹	µmol mol⁻¹		mmol mol⁻¹	mmol mol⁻¹ min⁻¹	mmol mol⁻¹					V	V	V	V	V	V	V	V	V	V	V	V							V	%	%	µmol/mol	mmol/mol		µmol s⁻¹	µmol s⁻¹	°C	°C	°C	°C	°C	%	%	%	°C	µmol mol⁻¹	mmol mol⁻¹	%	%	
1	1596812878.3	0	20200807 10:07:58	10:07:58		1596812870.3000007	0.006691006199825359	31.819081091908267	386.2019879030994	252.63429695448485	25.24018143989542	38.58465918773773	0.4312464950705058	3.3921166500828606	0.4029395320047118	0.2542254764013215	353.3327403022439	27.244508147012457	27.045638709677423	3.588764770130235	55.38572457717965	1.9759467668570503	3.5676102135372103	1.6128180032731847	-295.07337341229834	-18.40792335405377	-1.1710855789078176	38.680357956983975	-0.04132560496018752	0.046391611889643115	3.4646358461443247	126.0	25.0	1	0	52633.0	0	0	0	0	0	-1	MPF-5701-20200807-10_07_59	292.76883999999995	400.762	0.2694695604872719	0.5	1849.160448096203	31.819081091908267	249.1462266094653	0.5279492566660512	0.017748098130531097	-1.0	DARK-5702-20200807-10_08_07	189.18	211.582	0.510408068739307	2.1184163230785495	0.2694695604872719	0	5701	300	300	300	9875.81	369.804	-0.00640788	1.94244	2199.97064516129	1849.160448096203	0.840538691806332	0.19107738361266405	0.5	0: Broadleaf	1596812870.3000007	386.202	399.9619354838709	19.77766774193548	17.154451612903227	500.04829032258056	99.70796451612905	0.20001212903225804	26.94498064516129	27.045638709677423	999.9000000000003	9995.059677419355	0.0	260.8841935483871	2199.97064516129	0.9820023225806453	0.017997961290322585	0.0	292.9155483870968	5.00054	8702.031935483868	20590.274193548383	44.43719354838708	44.78403225806451	44.3344193548387	44.08041935483871	46.07635483870967	2155.4670967741936	39.50354838709677	0.0	1587483859.7	292.76883999999995	-8.70123076979929	-182.3315385378341	8698.66	15	1596812903.8	10:08:23	1	-0.463	0.123	400.0	17.0	0.13	0.03	386.61125	0.7567642790062008	0.0952950630329932	0	19.853219230769234	-0.45886553402201297	0.0574416193206418	0	0	2	0/2	1.86675	1.86325	1.86892	1.86682	1.8715	1.86402	1.86569	1.86556	5	0	0	0	11111111	oooooooo	off	off	off	off	0.0	100.0	100.0	-0.463	0.123	2	355.979	545.639	19.6836	28.5189	30.0006	28.1977	28.1543	21.7694	35.965	66.4621	19.7069	400	16.9849	101.741	102.063	
2	1596813025.9	147.60000014305115	20200807 10:10:25	10:10:25		1596813017.8516135	0.005025999846775922	20.241456318581147	291.29373428294383	174.73774559058472	17.45705786678404	29.10150613665101	0.3065283288666611	3.392697906881956	0.2919316433717428	0.18371079540422977	353.3332524317348	27.163326777052873	26.988303225806455	3.576701616984588	54.826608624114115	1.9038907255313389	3.4725670131892126	1.6728108914532493	-221.64659324281814	-91.83589968098163	-5.826409392278435	34.02435011565662	-0.04133460642066047	0.046401716817595244	3.4652328989294072	133.0	27.0	1	0	52914.0	0	0	0	0	0	-1	MPF-5703-20200807-10_10_27	273.60572	362.762	0.2457707257099696	0.5	1849.1587739025329	20.241456318581147	227.23454690749156	0.48065122587261067	0.011487091653980796	-1.0	DARK-5704-20200807-10_10_35	188.4	174.362	0.511328615179913	1.925488322717622	0.24577072570996958	0	5703	300	300	300	9871.68	335.745	-0.00640456	1.22916	2199.968064516129	1849.1587739025329	0.840538916781615	0.1910778335632301	0.5	0: Broadleaf	1596813017.8516135	291.29374193548387	299.97525806451614	19.057138709677417	17.085206451612905	500.0393548387097	99.70439032258064	0.1999423548387097	26.48621290322581	26.988303225806455	999.9000000000003	9997.595161290323	0.0	252.16829032258062	2199.968064516129	0.9819953870967745	0.01800431612903226	0.0	273.61587096774196	5.00054	8307.464193548387	20590.20322580645	45.41506451612901	46.278	45.45745161290323	45.306193548387085	46.93319354838709	2155.448064516129	39.519999999999996	0.0	147.09999990463257	273.60572	-1.5509230703054526	-46.03846163200032	8306.7836	15	1596813048.9	10:10:48	2	-0.512	0.129	300.0	17.0	0.15	0.04	291.2950192307692	0.5150958207279098	0.06525998019301474	0	19.069167307692307	-0.19285973409369278	0.025745027310395786	1	1	2	1/2	1.86676	1.86325	1.86893	1.86688	1.87155	1.86405	1.8657	1.86562	5	0	0	0	11111111	oooooooo	off	off	off	off	0.0	100.0	100.0	-0.512	0.129	2	349.629	543.744	20.3096	28.8649	29.9991	28.5889	28.5523	17.374	34.0597	64.2266	20.4028	300	17.1787	101.669	102	
3	1596813140.3	262.0	20200807 10:12:20	10:12:20		1596813132.3483875	0.00474708080126373	11.790716910027513	194.8768342322782	122.44056051703637	12.232615912724423	19.46947525709372	0.2882294867744012	3.394802714933542	0.27529163157617725	0.1731712845362559	353.3306314379037	27.188151311479167	27.011883870967747	3.5816585970106365	55.01631635407538	1.906203094684858	3.464795938748187	1.6754555023257784	-209.34626333573047	-103.16222017698412	-6.540464556353283	34.28168336883583	-0.04136720772741626	0.04643831464045996	3.4673949165622875	132.0	26.0	1	0	52640.0	0	0	0	0	0	-1	MPF-5705-20200807-10_12_21	269.99044	344.982	0.21737818205007808	0.5	1849.1476351929275	11.790716910027513	200.9821756402198	0.45376860241983646	0.006917087995893316	-1.0	DARK-5706-20200807-10_12_29	188.44	156.54200000000003	0.4790507339883229	1.830725960517937	0.2173781820500781	0	5705	300	300	300	9868.67	323.13	-0.00640234	1.66232	2199.9551612903224	1849.1476351929275	0.8405387835760987	0.19107756715219745	0.5	0: Broadleaf	1596813132.3483875	194.87683870967746	199.96264516129025	19.079858064516127	17.217445161290325	500.05099999999993	99.70655806451614	0.20000770967741938	26.448219354838706	27.011883870967747	999.9000000000003	10005.262903225806	0.0	243.86245161290321	2199.9551612903224	0.9820008387096775	0.01799941935483871	0.0	269.9982258064516	5.00054	8266.82806451613	20590.122580645166	46.12080645161289	47.29406451612902	46.27593548387095	46.22754838709676	47.61874193548386	2155.445161290322	39.51	0.0	113.60000014305115	269.99044	-3.0884615546618313	79.12076828783339	8267.041599999999	15	1596813162.9	10:12:42	3	-0.468	0.128	200.0	17.0	0.49	0.05	194.8318846153846	0.00650885994961219	0.009889104039204387	1	19.070088461538464	0.12120321527666351	0.01655324339408783	1	2	2	2/2	1.86675	1.86324	1.86895	1.86688	1.87152	1.86402	1.86569	1.86559	5	0	0	0	11111111	oooooooo	off	off	off	off	0.0	100.0	100.0	-0.468	0.128	2	350.137	542.663	20.8177	29.0719	30.0008	28.8504	28.8204	12.7888	33.6907	62.7252	20.7986	200	17.2066	101.634	101.968	
4	1596813254.4	376.10000014305115	20200807 10:14:14	10:14:14		1596813246.3709683	0.004782670440122253	4.098938926423036	98.15909199713397	72.4848595164157	7.241764977762391	9.806807648055326	0.29232507063647695	3.3998379276936785	0.2790447747211291	0.17554588325678738	353.3390794362595	27.222035971784628	27.00158064516129	3.5794919782566694	55.1078853896889	1.9142169921962868	3.473580919790566	1.6652749860603826	-210.91576640939135	-93.55522495101856	-5.923565075602502	42.944523000247116	-0.04144523504927644	0.04652590714481683	3.472567053601151	135.0	27.0	1	0	52720.0	0	0	0	0	0	-1	MPF-5707-20200807-10_14_16	269.79828000000003	327.16	0.17533231446387088	0.5	1849.1947545478477	4.098938926423036	162.11179810466186	0.40921873089619765	0.0027573834037128192	-1.0	DARK-5708-20200807-10_14_23	193.28	133.88000000000002	0.4284562294592171	1.6926738410596027	0.17533231446387085	0	5707	300	300	300	9866.09	314.962	-0.00640015	1.71445	2200.011612903226	1849.1947545478477	0.8405386333882002	0.1910772667764005	0.5	0: Broadleaf	1596813246.3709683	98.15909354838708	99.98627096774193	19.159935483870964	17.283709677419356	500.05012903225804	99.70736774193549	0.19990980645161288	26.491164516129032	27.00158064516129	999.9000000000003	10024.053548387095	0.0	245.5603548387097	2200.011612903226	0.9820048387096773	0.017995219354838707	0.0	269.8148064516129	5.00054	8305.83548387097	20590.670967741935	46.772	48.15306451612902	47.026	46.939161290322566	48.253870967741925	2155.511612903226	39.5	0.0	113.5	269.79828000000003	-1.7304615418190183	-7.359999898398549	8305.836800000001	15	1596813277.9	10:14:37	4	-0.379	0.13	100.0	17.0	0.15	0.05	98.07432692307695	-0.08430279172746764	0.01736639233808355	1	19.151082692307693	0.10186553026762186	0.015684052669386873	1	2	2	2/2	1.86676	1.86325	1.86898	1.86688	1.87153	1.86404	1.86569	1.86561	5	0	0	0	11111111	oooooooo	off	off	off	off	0.0	100.0	100.0	-0.379	0.13	2	347.232	541.584	20.9062	29.2355	30.0004	29.0647	29.0427	8.00932	33.1348	61.2319	20.8914	100	17.305	101.599	101.946	
5	1596813369.4	491.10000014305115	20200807 10:16:09	10:16:09		1596813361.4000006	0.005247403955907796	0.2768637721894841	49.770106346940544	47.02395056095942	4.698331475340611	4.9727097445321355	0.32323090195348864	3.395405785368729	0.3070574811677098	0.19329658334123792	353.33695925695963	27.172100331146787	26.985909677419357	3.5761987947289415	54.97282214351959	1.9156695914857729	3.4847575889126863	1.6605292032431687	-231.41051445553381	-80.58824888663978	-5.1101973202902	36.22799859449586	-0.041376550349448586	0.04644880255214988	3.4680143816622233	132.0	26.0	1	0	52865.0	0	0	0	0	0	-1	MPF-5709-20200807-10_16_10	269.4188	320.281	0.1588049244257388	0.5	1849.178283579956	0.2768637721894841	146.82930878681614	0.41413945878775205	0.0006905033351989795	-1.0	DARK-5710-20200807-10_16_18	187.64	132.64100000000002	0.3834576036067281	1.706890854828395	0.15880492442573874	0	5709	300	300	300	9863.56	308.16	-0.00639819	1.19586	2199.991290322581	1849.178283579956	0.84053891109215	0.19107782218429983	0.5	0: Broadleaf	1596813361.4000006	49.7701064516129	49.98529677419355	19.173264516129034	17.114745161290323	500.0481612903225	99.71359677419356	0.19998809677419355	26.545664516129033	26.985909677419357	999.9000000000003	10006.816129032257	0.0	253.34545161290322	2199.991290322581	0.9819956774193551	0.01800402580645161	0.0	269.40370967741933	5.00054	8327.264516129033	20590.412903225813	47.398935483870964	48.93732258064515	47.72358064516128	47.63687096774193	48.840516129032245	2155.47129032258	39.519999999999996	0.0	114.20000004768372	269.4188	-0.6859230733099018	-14.065384712846276	8327.1592	15	1596813392.4	10:16:32	5	-0.404	0.125	50.0	17.0	0.38	0.04	49.798796153846155	-0.04911773243400645	0.008626367484423749	1	19.19550961538462	-0.17599982924955912	0.022769702031895465	1	2	2	2/2	1.86676	1.86325	1.86895	1.86689	1.87154	1.86405	1.86569	1.86563	5	0	0	0	11111111	oooooooo	off	off	off	off	0.0	100.0	100.0	-0.404	0.125	2	349.938	540.32	20.9536	29.3744	30.0006	29.2456	29.2304	5.59574	33.7945	59.7338	20.9586	50	17.1325	101.572	101.922	
6	1596813483.9	605.6000001430511	20200807 10:18:03	10:18:03		1596813475.9000006	0.0054950081159566245	29.143349142709177	387.48982768037524	236.16541985823085	23.5983070671514	38.71906371596759	0.341822624473566	3.3960631410012967	0.32379419077158833	0.20391187984933556	353.3324848505192	27.336758095555048	27.019325806451615	3.5832242399232057	54.78947702246124	1.9342843691850047	3.5303939265418327	1.648939870738201	-242.32985791368714	-46.266478115771314	-2.9369790676874405	61.79916975337333	-0.0413867347988339	0.04646023548879167	3.468689609219049	134.0	27.0	1	0	52803.0	0	0	0	0	0	-1	MPF-5711-20200807-10_18_05	257.815	349.119	0.2615268719261914	0.5	1849.1573900316382	29.143349142709177	241.8021739570873	0.4864788224072595	0.016301126829552048	-1.0	DARK-5712-20200807-10_18_13	179.28	169.83900000000003	0.5375914836992682	1.947339357429719	0.2615268719261914	0	5711	300	300	300	9861.11	319.502	-0.00639652	0.954193	2199.9667741935477	1849.1573900316382	0.8405387807320375	0.1910775614640752	0.5	0: Broadleaf	1596813475.9000006	387.48983870967743	399.9975161290323	19.357790322580644	17.202570967741934	500.05461290322586	99.72277741935484	0.20001009677419357	26.766625806451614	27.019325806451615	999.9000000000003	10008.357741935484	0.0	263.202935483871	2199.9667741935477	0.9820001935483869	0.01800009677419355	0.0	257.81883870967744	5.00054	8100.515806451614	20590.219354838708	48.048064516129024	49.68925806451611	48.376838709677415	48.336451612903204	49.43512903225804	2155.4567741935484	39.51	0.0	113.60000014305115	257.815	-0.1694615153166244	0.3746152003578947	8101.2016	15	1596813510.4	10:18:30	6	-0.382	0.129	400.0	17.0	0.15	0.05	387.49715384615376	-0.29793562708095767	0.03931939461511731	1	19.346509615384615	0.07625322291470511	0.009802006458950211	1	2	2	2/2	1.86676	1.86326	1.86896	1.86689	1.87155	1.86405	1.86569	1.86561	5	0	0	0	11111111	oooooooo	off	off	off	off	0.0	100.0	100.0	-0.382	0.129	2	347.934	539.91	21.0513	29.5239	30.0006	29.4214	29.4106	21.8767	33.2173	58.6155	21.0306	400	17.2804	101.543	101.895	
7	1596813601.9	723.6000001430511	20200807 10:20:01	10:20:01		1596813593.9000006	0.005347031942913694	29.83263568434496	387.226762769552	229.30876950761035	22.91454378271183	38.695094951552576	0.33389136669583497	3.380603701971103	0.316592828116322	0.1993500083593422	353.334772924435	27.451421873430398	27.064183870967746	3.5926741906264827	55.02981358914381	1.9517678392928242	3.546746230806542	1.6409063513336586	-235.8041086824939	-39.91210462586855	-2.5467633842679223	75.07179623180463	-0.04114745625836965	0.04619162436516911	3.452810278274243	133.0	27.0	1	0	52491.0	0	0	0	0	0	-1	MPF-5713-20200807-10_20_03	258.02184	352.039	0.26706461500004264	0.5	1849.172002934938	29.83263568434496	246.92420451633848	0.4910791133936865	0.016673752163351235	-1.0	DARK-5714-20200807-10_20_11	179.16	172.879	0.5438321600657107	1.9649419513284214	0.2670646150000426	0	5713	300	300	300	9858.77	323.578	-0.00639452	0.968536	2199.9845161290323	1849.172002934938	0.8405386444212962	0.19107728884259279	0.5	0: Broadleaf	1596813593.9000006	387.2267741935484	399.98683870967744	19.531590322580644	17.434748387096775	500.04683870967744	99.72873225806453	0.20003990322580645	26.845193548387098	27.064183870967746	999.9000000000003	9949.900000000001	0.0	274.84070967741934	2199.9845161290323	0.9820041290322581	0.01799596451612903	0.0	258.0125483870968	5.00054	8138.603225806452	20590.40967741935	48.66706451612901	50.3908387096774	49.0400322580645	49.01196774193548	50.050064516129005	2155.484193548387	39.50032258064516	0.0	117.20000004768372	258.02184	0.3688461431017618	26.425384595413515	8138.626400000001	15	1596813627.9	10:20:27	7	-0.403	0.132	400.0	17.0	0.19	0.05	387.23405769230766	0.17355587808426254	0.025845259542676472	1	19.530117307692308	-0.019034747716202855	0.002788487400410564	1	2	2	2/2	1.86676	1.86325	1.86892	1.86688	1.8715	1.86401	1.86569	1.86559	5	0	0	0	11111111	oooooooo	off	off	off	off	0.0	100.0	100.0	-0.403	0.132	2	349.682	538.842	20.1314	29.6881	30.001	29.5969	29.5891	21.8911	32.2313	57.1148	20.0867	400	17.5288	101.514	101.871	
8	1596813719.4	841.1000001430511	20200807 10:21:59	10:21:59		1596813711.4000006	0.005279982034783773	36.134247746316554	484.4924702160493	290.0527595225294	28.98645728243242	48.41781307199337	0.32857402699404875	3.3961759714502757	0.3118798975004615	0.19635412981851613	353.33766575650293	27.341160767849708	27.00848709677419	3.5809441782718534	54.97524089589323	1.9357867914086393	3.5211974697381394	1.645157386863214	-232.84720773396438	-52.399323162551646	-3.325261802659436	64.76587305732747	-0.04138848297720123	0.04646219797215783	3.468805507414765	134.0	27.0	1	0	52885.0	0	0	0	0	0	-1	MPF-5715-20200807-10_22_01	261.53552	368.461	0.2901948374454827	0.5	1849.1818260369698	36.134247746316554	268.3115097069697	0.5130013759936601	0.020081447493943815	-1.0	DARK-5716-20200807-10_22_09	179.44	189.02100000000002	0.5656804270424979	2.053393892108783	0.2901948374454827	0	5715	300	300	300	9857.07	336.104	-0.00639315	0.901825	2199.9954838709677	1849.1818260369698	0.8405389190996296	0.19107783819925928	0.5	0: Broadleaf	1596813711.4000006	484.4924838709679	499.96767741935474	19.370435483870967	17.299587096774193	500.0565483870968	99.73512580645162	0.19999403225806453	26.7223	27.00848709677419	999.9000000000003	10007.541290322579	0.0	289.14293548387104	2199.9954838709677	0.9819934838709676	0.018006261290322578	0.0	261.54709677419356	5.00054	8246.54935483871	20590.45161290323	49.239774193548385	51.00387096774194	49.652999999999984	49.58232258064514	50.57832258064515	2155.4738709677417	39.52064516129032	0.0	116.60000014305115	261.53552	0.9089230792648998	7.260769203688102	8246.266800000001	15	1596813744.9	10:22:24	8	-0.32	0.129	500.0	17.0	0.1	0.04	484.3953653846154	0.16130282591987577	0.027626651601278373	1	19.37836923076923	-0.05436625971143483	0.007567555708964643	1	2	2	2/2	1.86676	1.86325	1.86896	1.8669	1.87151	1.86405	1.86569	1.86558	5	0	0	0	11111111	oooooooo	off	off	off	off	0.0	100.0	100.0	-0.32	0.129	2	348.618	537.41	20.4087	29.8784	30.0007	29.7793	29.7719	26.1628	32.7263	55.9943	20.4056	500	17.3618	101.477	101.837	
9	1596813839.9	961.6000001430511	20200807 10:23:59	10:23:59		1596813831.9000006	0.0048544220453215	41.27903995697388	582.3118230525359	339.83746034457215	33.96270071176298	58.19512112408662	0.2991579050830335	3.3934166769541876	0.28524040395575295	0.1794717197157305	353.33618700170433	27.39567120541484	27.017470967741936	3.5828339609473914	54.917214776850784	1.9289189199020162	3.512412142057707	1.6539150410453751	-214.08001219867813	-61.76429949417161	-3.9220943736285987	73.56978093522596	-0.04134573840177577	0.04641421344161228	3.465971203678066	134.0	27.0	1	0	52745.0	0	0	0	0	0	-1	MPF-5717-20200807-10_24_01	265.33932	384.955	0.31072639659180945	0.5	1849.174219063826	41.27903995697388	287.293620880088	0.5282565494668208	0.0228637407557944	-1.0	DARK-5718-20200807-10_24_09	181.6	203.355	0.5882111578274446	2.119796255506608	0.31072639659180945	0	5717	300	300	300	9855.68	347.578	-0.00639199	1.46692	2199.9864516129032	1849.174219063826	0.8405389122774453	0.19107782455489047	0.5	0: Broadleaf	1596813831.9000006	582.3118387096774	599.9522258064516	19.301141935483873	17.397061290322576	500.05509677419354	99.73807096774193	0.20000141935483878	26.679861290322584	27.017470967741936	999.9000000000003	9996.91064516129	0.0	300.3248387096774	2199.9864516129032	0.9819963870967741	0.01800409354838709	0.0	265.34200000000004	5.00054	8360.749677419355	20590.37741935484	49.70732258064514	51.487774193548375	50.141000000000005	49.99383870967741	51.01199999999999	2155.4664516129037	39.519999999999996	0.0	119.80000019073486	265.33932	-1.1170769143620618	-18.56615368295059	8359.9976	15	1596813860.9	10:24:20	9	-0.318	0.128	600.0	17.0	0.16	0.04	582.2808846153846	0.259557756339145	0.04161483363776031	1	19.297748076923078	0.0459453598565559	0.006458908290243396	1	2	2	2/2	1.86675	1.86325	1.86892	1.8669	1.8715	1.86406	1.86569	1.8656	5	0	0	0	11111111	oooooooo	off	off	off	off	0.0	100.0	100.0	-0.318	0.128	2	348.247	536.241	20.0225	30.0323	30.0004	29.9462	29.9389	30.3067	32.4256	54.4933	20.0203	600	17.4653	101.448	101.814	
10	1596813965.4	1087.1000001430511	20200807 10:26:05	10:26:05		1596813957.4000006	0.004557585828873562	45.21468457467832	680.6457568958979	394.46988932809666	39.4181045241302	68.01473652381311	0.2768011121226662	3.3933456576353858	0.26484112863928255	0.16655719749045894	353.33773905545735	27.42271772123602	27.060299999999998	3.5918551419800075	54.78348660128103	1.9196630057527586	3.5040906025646605	1.672192136227249	-200.9895350533241	-76.96785184497074	-4.8877004294362045	70.4926517277263	-0.04134463843976819	0.046412978637896805	3.465898254118665	0	0.0	1	0	52290.0	0	0	0	0	0	-1	MPF-5719-20200807-10_26_07	267.17732	391.553	0.31764711290680947	0.5	1849.1847868058298	45.21468457467832	293.6941043800329	0.5414669278488481	0.024991923416429775	-1.0	DARK-5720-20200807-10_26_14	179.54	212.013	0.5866417625334295	2.180867773198173	0.3176471129068095	0	5719	300	300	300	9854.47	353.45	-0.00639097	1.23853	2199.9993548387097	1849.1847868058298	0.8405387859495079	0.1910775718990159	0.5	0: Broadleaf	1596813957.4000006	680.6457741935483	699.9702258064516	19.210696774193547	17.422893548387098	500.0585483870968	99.72670645161288	0.2000701935483871	26.63957741935484	27.060299999999998	999.9000000000003	9997.78387096774	0.0	303.81119354838705	2199.9993548387097	0.9819983870967743	0.018001993548387094	0.0	267.19370967741935	5.00054	8425.795483870967	20590.506451612906	50.138999999999996	51.91916129032257	50.600548387096765	50.39287096774191	51.417064516129024	2155.488387096774	39.51096774193548	0.0	125.0	267.17732	-0.5003846019610116	-53.02923109876433	8425.712000000001	15	1596813987.9	10:26:27	10	-0.216	0.13	700.0	17.0	0.1	0.06	680.5074615384615	0.2801707504481202	0.053743501051996385	1	19.209315384615383	-0.0010869973533660874	0.004640514917358302	1	2	2	2/2	1.86674	1.86325	1.86894	1.8669	1.87151	1.86407	1.86568	1.8656	5	0	0	0	11111111	oooooooo	off	off	off	off	0.0	100.0	100.0	-0.216	0.13	2	507.931	542.47	20.0187	30.1559	30.0007	30.0889	30.0849	34.3254	32.4035	52.9977	19.9297	700	17.5001	101.428	101.804	
11	1596814109.4	1231.1000001430511	20200807 10:28:29	10:28:29		1596814101.4000006	0.0039353020704255845	46.80232404156462	780.02043397769	440.52596223697964	44.014648606785116	77.93485117948867	0.23967139853771688	3.389890588965671	0.23063974949441512	0.14493294447274907	353.3413915278118	27.456743761673064	27.01071290322581	3.581412301855837	55.24603200955632	1.9235918809003494	3.4818643275006815	1.6578204209554877	-173.54682130576828	-87.5659588363483	-5.561994797793331	86.66661658790193	-0.04129113815942267	0.04635291988632698	3.4623493018307077	0	0.0	1	0	53152.0	0	0	0	0	0	-1	MPF-5721-20200807-10_28_31	267.60200000000003	394.633	0.32189654691827585	0.5	1849.204267451001	46.80232404156462	297.6262341195085	0.5497588899053044	0.025850212917503584	-1.0	DARK-5722-20200807-10_28_38	177.68	216.95299999999997	0.5855231317382105	2.221032192705988	0.32189654691827585	0	5721	300	300	300	9858.9	356.113	-0.00639425	1.41638	2200.0225806451613	1849.204267451001	0.8405387670651625	0.1910775341303253	0.5	0: Broadleaf	1596814101.4000006	780.0204516129032	799.9670322580646	19.252503225806453	17.70885806451613	500.05503225806456	99.7139193548387	0.1999390322580645	26.531570967741935	27.01071290322581	999.9000000000003	9986.127096774193	0.0	311.7019032258065	2200.0225806451613	0.9820016774193552	0.017998538709677415	0.0	267.60993548387097	5.00054	8423.680967741935	20590.748387096774	49.0884193548387	51.064225806451596	49.634870967741925	49.30406451612902	50.37267741935482	2155.512580645161	39.51	0.0	143.10000014305115	267.60200000000003	-0.8153076903026795	-35.45846145121687	8423.55	15	1596814133.9	10:28:53	11	-0.353	0.135	800.0	18.0	0.2	0.06	780.1061153846154	0.6856586698539272	0.09053338819849323	0	19.25905	-0.13462067787928098	0.0172054161865921	1	1	2	1/2	1.86675	1.86325	1.86892	1.86687	1.87156	1.86403	1.86568	1.86557	5	0	0	0	11111111	oooooooo	off	off	off	off	0.0	100.0	100.0	-0.353	0.135	2	508.038	541.752	19.6807	30.2633	30.0003	30.2211	30.221	38.2637	31.3237	51.5045	20.0988	800	17.7107	101.408	101.787	
12	1596814255.5	1377.2000000476837	20200807 10:30:55	10:30:55		1596814247.5	0.0035086105619181684	49.60778443781699	978.7674975533037	568.6370384672083	56.81285298429139	97.78922261938675	0.2101069620457845	3.3997871976889473	0.2031507609541584	0.12757502698953205	353.3368202463577	27.461213649764613	27.020229032258065	3.5834143022509	55.00931006378597	1.905259196501438	3.4635213462815613	1.6781551057494621	-154.72972578059122	-105.98675794214792	-6.709759115136069	85.9105774084825	-0.04144444865939225	0.04652502435328029	3.472514943619956	0	0.0	1	0	53286.0	0	0	0	0	0	-1	MPF-5723-20200807-10_30_57	267.34604	392.927	0.3196037940889783	0.5	1849.1789397324992	49.60778443781699	295.5023025439705	0.5428667411503918	0.027367705390987134	-1.0	DARK-5724-20200807-10_31_04	179.62	213.30700000000002	0.5887334217817511	2.1875459302972944	0.3196037940889784	0	5723	300	300	300	9861.43	356.38	-0.00639634	1.65692	2199.992258064516	1849.1789397324992	0.8405388396045305	0.19107767920906082	0.5	0: Broadleaf	1596814247.5	978.7675161290323	999.9820322580644	19.06964516129032	17.693109677419354	500.0528709677419	99.71064838709678	0.1999257419354839	26.441980645161287	27.020229032258065	999.9000000000003	10023.533548387099	0.0	314.7394516129032	2199.992258064516	0.9819980645161293	0.01800233225806451	0.0	267.3927096774193	5.00054	8430.256451612902	20590.435483870973	48.477645161290326	50.68519354838709	49.07225806451611	49.00990322580645	49.88490322580645	2155.480967741936	39.51483870967741	0.0	145.40000009536743	267.34604	-2.8594615457382853	-41.069999724990645	8429.8248	15	1596814280.6	10:31:20	12	-0.037	0.135	1000.0	18.0	0.25	0.07	978.3857884615384	0.786495347049704	0.1085740329733313	0	19.07705961538462	-0.08060735934430528	0.010180510407625134	1	1	2	1/2	1.86674	1.86325	1.86892	1.86688	1.87154	1.86403	1.86569	1.86556	5	0	0	0	11111111	oooooooo	off	off	off	off	0.0	100.0	100.0	-0.037	0.135	2	507.989	540.459	20.036	30.429	30.0008	30.3813	30.3816	45.8334	31.67	50.0098	20.0159	1000	17.7096	101.378	101.76	
13	1596814402.1	1523.7999999523163	20200807 10:33:22	10:33:22		1596814394.0258067	0.002928347272567009	50.196900112217854	1178.4880456099863	681.6731708164832	68.10577692516499	117.74241290316985	0.17458609104403244	3.4001914570729515	0.16975455577715914	0.10651955448504336	353.33943047377613	27.48716810444679	26.994596774193546	3.578024022276226	55.25167418533784	1.9017983154780296	3.4420645953615474	1.6762257067981963	-129.1401147202051	-120.60807429499377	-7.629490353235315	95.96175110534193	-0.04145071542359823	0.0465320593451002	3.472930200077144	0	0.0	1	0	52968.0	0	0	0	0	0	-1	MPF-5725-20200807-10_33_23	265.25084	390.21	0.3202356679736552	0.5	1849.191290031571	50.196900112217854	296.08850398716265	0.5449629686579022	0.02768610277811971	-1.0	DARK-5726-20200807-10_33_31	177.56	212.64999999999998	0.5876283094286386	2.1976233385897723	0.3202356679736552	0	5725	300	300	300	9863.03	353.475	-0.00639749	2.0968	2200.0067741935486	1849.191290031571	0.84053890729924	0.19107781459847975	0.5	0: Broadleaf	1596814394.0258067	1178.4880645161288	1199.9445161290323	19.035167741935485	17.886270967741936	500.06332258064515	99.70975806451615	0.19996383870967738	26.336654838709684	26.994596774193546	999.9000000000003	10025.138709677418	0.0	317.3566129032258	2200.0067741935486	0.9819948064516131	0.01800470322580645	0.0	265.2926129032258	5.00054	8402.229677419356	20590.570967741936	48.090451612903216	50.38287096774193	48.68719354838708	48.814193548387074	49.4918064516129	2155.486774193548	39.519999999999996	0.0	145.79999995231628	265.25084	-3.1857692255611423	-55.7876923680051	8401.5296	15	1596814422.6	10:33:42	13	-0.077	0.137	1200.0	18.0	0.09	0.08	1178.4217307692306	1.1092505769744043	0.14603373100658418	0	19.02915	0.06826393295569094	0.016205145194327156	1	1	2	1/2	1.86676	1.86325	1.86895	1.86686	1.87153	1.86402	1.86568	1.86564	5	0	0	0	11111111	oooooooo	off	off	off	off	0.0	100.0	100.0	-0.077	0.137	2	508.19	539.291	20.1074	30.5885	30.0005	30.5432	30.5454	53.0922	31.2145	48.888	20.0716	1200	17.7743	101.35	101.738	
14	1596814544.0	1665.7000000476837	20200807 10:35:44	10:35:44		1596814536.06129	0.0025397278748982783	52.913668817950196	1577.1716573986635	966.0172772666962	96.52132947416227	157.58590323748365	0.15006779973600576	3.3953390169703206	0.1464780277361108	0.0918641419539174	353.34123354214137	27.41835444052094	26.944480645161295	3.567505404557113	55.2006188368228	1.882332095662646	3.4099836837463036	1.685173308894467	-112.00199928301407	-140.28501651614613	-8.877632168610557	92.17658557437062	-0.041375515952580016	0.04644764135104677	3.467945798078547	0	0.0	1	0	52826.0	0	0	0	0	0	-1	MPF-5727-20200807-10_35_45	263.00244	380.968	0.30964689947712154	0.5	1849.2054004041734	52.913668817950196	286.3003593657507	0.5347640746729384	0.029155046165324036	-1.0	DARK-5728-20200807-10_35_53	177.24	203.728	0.5790345951464699	2.1494470774091625	0.30964689947712154	0	5727	300	300	300	9864.31	346.07	-0.00639851	1.68845	2200.0241935483873	1849.2054004041734	0.840538665814223	0.19107733162844592	0.5	0: Broadleaf	1596814536.06129	1577.171677419355	1599.9367741935482	18.839000000000006	17.842361290322582	500.05722580645164	99.71680967741938	0.19996380645161288	26.178103225806453	26.944480645161295	999.9000000000003	10006.243548387096	0.0	287.78061290322574	2200.0241935483873	0.9820042903225804	0.017995658064516123	0.0	262.95719354838707	5.00054	8357.068709677422	20590.777419354843	47.846548387096774	50.2378064516129	48.445129032258045	48.70535483870966	49.31606451612901	2155.520322580645	39.50258064516129	0.0	141.20000004768372	263.00244	0.9984615383195615	-7.943076744376433	8357.727599999998	15	1596814566.6	10:36:06	14	-0.125	0.135	1600.0	18.0	0.14	0.07	1577.1784615384615	0.45499819277115194	0.08032110114994277	0	18.903907692307698	-0.6067228027893289	0.08154657434241014	0	0	2	0/2	1.86676	1.86325	1.86899	1.86691	1.87156	1.86411	1.86569	1.86566	5	0	0	0	11111111	oooooooo	off	off	off	off	0.0	100.0	100.0	-0.125	0.135	2	508.442	538.826	19.5777	30.7819	29.9956	30.7228	30.7236	66.7946	31.959	47.3978	19.6987	1600	17.7336	101.316	101.702	
