[Header]
File opened	2020-08-07 10:36:44
Console s/n	68C-571038
Console ver	Bluestem v.1.3.4
Scripts ver	2018.05  1.3.4, Mar 2018
Head s/n	68H-581038
Head ver	1.4.0
Head cal	{"co2aspanconc1": "1002", "chamberpressurezero": "2.59209", "co2azero": "0.869071", "h2oaspan1": "1.00223", "h2oazero": "1.00263", "ssb_ref": "36526.8", "h2obspan2a": "0.0975941", "tazero": "0.00774765", "co2aspan2b": "0.163711", "co2aspan2a": "0.164928", "h2oaspanconc2": "0", "h2oaspan2a": "0.0661155", "co2bspanconc1": "1002", "h2oaspan2b": "0.0662632", "h2obspan2b": "0.0963575", "co2aspanconc2": "0", "h2obspanconc1": "20", "co2aspan2": "0", "flowazero": "0.42932", "h2obspan1": "0.998578", "oxygen": "21", "co2bspan2a": "0.163389", "co2bspan1": "0.992131", "h2oaspan2": "0", "h2oaspanconc1": "12.19", "h2obzero": "1.01783", "tbzero": "0.197721", "co2aspan1": "0.992625", "h2obspan2": "0", "co2bzero": "0.880288", "flowmeterzero": "0.990908", "ssa_ref": "36614.9", "co2bspan2": "0", "h2obspanconc2": "0", "co2bspanconc2": "0", "co2bspan2b": "0.162103", "flowbzero": "0.22736"}
Chamber type	6800-01A
Chamber s/n	MPF-551037
Chamber rev	0
Chamber cal	0
Fluorometer	MPF-551037
Flr. Version	1.4.0
10:36:44	Stability Definition:	CO2_s (Meas): Slp<0.3	H2O_s (Meas): Slp<0.2
SysConst:AvgTime	4
SysConst:Oxygen	21
SysConst:Chamber	6800-01A 2 cm²
Const:S	2.0
Const:CustomBLC	2.0
LTConst:deltaTw	0
LTConst:fT1	1
LTConst:fT2	0
LTConst:fTeb	0
LQConst:Leaf	standard
LQConst:Ambient	Sun+Sky
LQConst:abs_ambient	0.49
LQConst:abs_redLED	0.84
LQConst:abs_greenLED	0.7
LQConst:abs_blueLED	0.87
LQConst:abs_whiteLED	0.75
LQConst:abs_redFlr	0.84
LQConst:abs_blueFlr	0.87
LQConst:k_ambient	0.39
LQConst:k_redLED	0.18
LQConst:k_greenLED	0.23
LQConst:k_blueLED	0.26
LQConst:k_whiteLED	0.21
LQConst:k_redFlr	0.19
LQConst:k_blueFlr	0.25
QConst:fQ_Amb_in	0.0
QConst:fQ_Amb_out	0.0
QConst:fQ_HeadLS	0.0
QConst:fQ_ConsoleLS	0.0
QConst:fQ_Flr	1.0
LeakConst:fan_a	-6276.0
LeakConst:fan_b	6.6
LeakConst:fan_c	1.709e-05
LeakConst:fan_d	3.11
LeakConst:Fs_meas	3.02491 76.925 386.185 618.874 847.247 1053.45 1228.52 1400.43
LeakConst:Fs_true	0.304308 100.02 403.273 601.289 800.851 1000.77 1199.91 1400.15
LeakConst:leak_wt	0.0
[Data]
Sys	Sys	Sys	Sys	Sys	UserDefVar	GasEx	GasEx	GasEx	GasEx	GasEx	GasEx	GasEx	GasEx	GasEx	GasEx	GasEx	GasEx	GasEx	GasEx	GasEx	GasEx	GasEx	GasEx	GasEx	GasEx	GasEx	GasEx	GasEx	GasEx	GasEx	GasEx	Leak	Leak	Leak	Leak	Leak	FLR	FLR	FLR	FLR	FLR	FLR	FLR	FLR	FLR	FLR	FLR	FLR	FLR	FLR	FLR	FLR	FLR	FLR	FLR	FLR	FLR	FLR	FLR	FLR	MPF	MPF	MPF	MPF	MPF	MPF	MPF	MPF	LeafQ	LeafQ	LeafQ	LeafQ	Const	Const	Meas	Meas	Meas	Meas	Meas	Meas	Meas	Meas	Meas	Meas	Meas	Meas	Meas	Meas	FlrLS	FlrLS	FlrLS	FlrLS	FlrLS	FlrLS	FlrLS	FlrLS	FlrLS	FlrLS	FlrLS	FlrLS	FlrLS	FlrLS	FlrLS	FlrLS	FlrLS	FlrStats	FlrStats	FlrStats	FlrStats	FlrStats	Match	Match	Match	Match	Match	Match	Match	Match	Match	Stability	Stability	Stability	Stability	Stability	Stability	Stability	Stability	Stability	Stability	Stability	Auxiliary	Auxiliary	Auxiliary	Auxiliary	Auxiliary	Auxiliary	Auxiliary	Auxiliary	Auxiliary	Auxiliary	Auxiliary	Auxiliary	Auxiliary	Auxiliary	Auxiliary	Auxiliary	Auxiliary	Auxiliary	Auxiliary	Status	Status	Status	Status	Status	Status	Status	Status	Status	Status	Status	Status	Status	Status	Status	Status	Status	Status	Status	Status	
obs	time	elapsed	date	hhmmss	plant	TIME	E	A	Ca	Ci	Pci	Pca	gsw	gbw	gtw	gtc	Rabs	TleafEB	TleafCnd	SVPleaf	RHcham	VPcham	SVPcham	VPDleaf	LatHFlux	SenHFlux	NetTherm	EBSum	blfa_1	blfa_2	blfa_3	Leak	LeakPct	CorrFact	CorrFactPct	Fan	DarkAdaptedID	Fo	Fm	Fv	Fv/Fm	Adark	LightAdaptedID	Fs	Fm'	PhiPS2	PS2/1	Qabs_fs	Afs	ETR	Fv'/Fm'	PhiCO2	NPQ	DarkPulseID	Fo'	Fv'	qP	qN	qP_Fo	qN_Fo	ID	P1_dur	P2_dur	P3_dur	P1_Qmax	P1_Fmax	P2_dQdt	P3_ΔF	Qin	Qabs	alpha	convert	K	Geometry	TIME	CO2_s	CO2_r	H2O_s	H2O_r	Flow	Pa	ΔPcham	Tair	Tleaf	Tleaf2	Fan_speed	Qamb_in	Qamb_out	Q	f_red	f_blue	f_farred	F	Q_modavg	F_dc	Pc	Tled	TDigital	TPreamp	TPwrSpy	TDrive	Q_red	Q_blue	Q_farred	TSPF	F_avg	dF/dt	dF_dc/dt	F_dc_avg	period	time	hhmmss	count	co2_adj	h2o_adj	co2_at	h2o_at	co2_cv	h2o_cv	CO2_s:MN	CO2_s:SLP	CO2_s:SD	CO2_s:OK	H2O_s:MN	H2O_s:SLP	H2O_s:SD	H2O_s:OK	Stable	Total	State	ADC_CH1	ADC_CH2	ADC_CH3	ADC_CH4	ADC_CH5	ADC_CH6	ADC_CH7	ADC_CH8	DAC_1	DAC_2	DAC_3	DAC_4	GPIO	GPIO_dir	excit_5v	power_12v	power_5v	ch1_pullup	AuxPower	MatchValveR	MatchValveS	MatchCO2	MatchH2O	DIAG	Flow_s	Flow_r	Txchg	Tirga	Tchopper	Ts	Tr	CO2_%	Desiccant_%	Humidifier_%	Txchg_sp	CO2_r_sp	H2O_r_sp	SS_s	SS_r	
	s	s				s	mol m⁻² s⁻¹	µmol m⁻² s⁻¹	µmol mol⁻¹	µmol mol⁻¹	Pa	Pa	mol m⁻² s⁻¹	mol m⁻² s⁻¹	mol m⁻² s⁻¹	mol m⁻² s⁻¹	W m⁻²	°C	°C	kPa	%	kPa	kPa	kPa	W m⁻²	W m⁻²	W m⁻²	W m⁻²				µmol s⁻¹	%		%	µmol s⁻¹						µmol m⁻² s⁻¹						µmol m⁻² s⁻¹	µmol m⁻² s⁻¹	µmol m⁻² s⁻¹		µmol µmol⁻¹										ms	ms	ms	µmol m⁻² s⁻¹		mol m⁻² s⁻²		µmol m⁻² s⁻¹	µmol m⁻² s⁻¹		J/µmol			s	µmol mol⁻¹	µmol mol⁻¹	mmol mol⁻¹	mmol mol⁻¹	µmol s⁻¹	kPa	kPa	°C	°C	°C	rpm	µmol m⁻² s⁻¹	µmol m⁻² s⁻¹	µmol m⁻² s⁻¹					µmol m⁻² s⁻¹			°C	°C	°C	°C	°C	µmol m⁻² s⁻¹	µmol m⁻² s⁻¹	µmol m⁻² s⁻¹	s		min⁻¹	min⁻¹		s	secs			µmol/mol	mmol/mol	µmol/mol	mmol/mol	%	%	µmol mol⁻¹	µmol mol⁻¹ min⁻¹	µmol mol⁻¹		mmol mol⁻¹	mmol mol⁻¹ min⁻¹	mmol mol⁻¹					V	V	V	V	V	V	V	V	V	V	V	V							V	%	%	µmol/mol	mmol/mol		µmol s⁻¹	µmol s⁻¹	°C	°C	°C	°C	°C	%	%	%	°C	µmol mol⁻¹	mmol mol⁻¹	%	%	
1	1596815313.6	0	20200807 10:48:33	10:48:33		1596815305.6129026	0.0025215809355134487	16.025385084147324	393.19867137276634	200.35142365106913	20.020630362141194	39.29138667938372	0.14193049554400586	3.3946343810221693	0.13871432912447756	0.08697934548848768	353.33658829678853	26.955689770526092	27.038516129032253	3.587264278806968	54.86701465581505	1.8199043862342255	3.3169371391001023	1.7673598925727425	-111.20171925614308	-242.9944428370244	-15.3518846843777	-16.21145848075662	-0.04136460007281565	0.046435387319727676	3.4672220066739765	137.0	27.0	1	0	52993.0	0	0	0	0	0	-1	MPF-5729-20200807-10_48_35	262.25708000000003	324.043	0.19067197871887365	0.5	1849.1788158380891	16.025385084147324	176.29329191043604	0.43723518175057013	0.00920699768909641	-1.0	DARK-5730-20200807-10_48_42	182.36	141.683	0.43608562777467996	1.7769412151787671	0.19067197871887365	0	5729	300	300	300	9869.22	307.088	-0.00640163	0.607971	2199.992258064516	1849.1788158380891	0.8405387832886914	0.1910775665773829	0.5	0: Broadleaf	1596815305.6129026	393.1986774193548	400.0045483870968	18.212235483870966	17.2221	500.06435483870956	99.72758387096776	0.19998338709677418	25.710761290322584	27.038516129032253	999.9000000000003	10002.522903225807	0.0	220.09322580645158	2199.992258064516	0.9819985806451614	0.018001790322580643	0.0	262.27148387096776	5.00054	8352.365806451611	20590.441935483865	47.85664516129032	49.22358064516127	48.17712903225805	48.005838709677406	49.2458064516129	2155.4816129032256	39.51064516129032	0.0	768.7000000476837	262.25708000000003	-3.8014615306017223	-71.11692297856519	8351.0996	15	1596815339.1	10:48:59	15	-0.389	0.128	400.0	17.0	0.68	0.09	393.4336346153846	0.26951728099887834	0.03793619585068258	1	18.211228846153844	0.11303647449355586	0.016129742433663927	1	2	2	2/2	1.86676	1.86325	1.86891	1.86687	1.87149	1.86405	1.86567	1.86555	5	0	0	0	11111111	oooooooo	off	off	off	off	0.0	100.0	100.0	-0.389	0.128	2	345.653	523.286	18.7521	30.855	30.0002	30.8616	30.8669	22.0015	31.8804	34.4404	18.7586	400	17.2745	101.291	101.728	
2	1596815433.6	120.0	20200807 10:50:33	10:50:33		1596815425.5999994	0.002779073563742575	11.303263320110116	295.1490279864819	171.64997692139647	17.153614181284695	29.495329057805503	0.1582746112963825	3.391959453298197	0.15428322694370958	0.09677724325891171	353.3335971554831	26.790650289078144	26.99366451612903	3.577828108561021	55.41590696475988	1.8264150480883692	3.295831735190808	1.7514130604726517	-122.55714416104756	-254.2770057432583	-16.065092724527883	-39.5656454733506	-0.041323170698470954	0.04638887921761323	3.4644743776568543	0	0.0	1	0	52966.0	0	0	0	0	0	-1	MPF-5731-20200807-10_50_35	255.00976	308.823	0.17425269490938167	0.5	1849.1635839276246	11.303263320110116	161.11086891383957	0.4064561253533577	0.006653420728726432	-1.0	DARK-5732-20200807-10_50_42	183.3	125.52299999999997	0.4287121882045521	1.6847954173486086	0.1742526949093817	0	5731	300	300	300	9866.91	293.978	-0.0063999	0.525848	2199.9741935483876	1849.1635839276246	0.8405387614775005	0.19107752295500127	0.5	0: Broadleaf	1596815425.5999994	295.1490322580646	299.99777419354837	18.276270967741933	17.185106451612906	500.06803225806453	99.7336741935484	0.20000764516129033	25.60316451612903	26.99366451612903	999.9000000000003	9991.894516129034	0.0	309.8239032258065	2199.9741935483876	0.9820020000000004	0.017998199999999995	0.0	255.03048387096777	5.00054	8204.602580645163	20590.3129032258	48.46345161290322	50.07225806451611	48.84045161290321	48.70332258064514	49.785999999999994	2155.4648387096777	39.508709677419354	0.0	119.59999990463257	255.00976	-1.8003076824664819	-36.466923082942124	8203.6968	15	1596815454.6	10:50:54	16	-0.459	0.124	300.0	17.0	0.7	0.06	295.20973076923076	0.0683825701776724	0.020513705910380577	1	18.262044230769227	0.18755365588442438	0.029264013168326435	1	2	2	2/2	1.86676	1.86325	1.8689	1.86687	1.87152	1.86405	1.86568	1.86556	5	0	0	0	11111111	oooooooo	off	off	off	off	0.0	100.0	100.0	-0.459	0.124	2	507.886	529.438	18.8406	30.8907	30.0005	30.8993	30.9069	17.5553	32.4532	32.9463	18.8353	300	17.0708	101.282	101.72	
3	1596815576.1	262.5	20200807 10:52:56	10:52:56		1596815568.1161284	0.002596510833010165	7.182417792543979	196.91270696859664	114.98109442779462	11.49128565605939	19.679584512087178	0.15130261659538402	3.3976778956867313	0.14765674522235508	0.09260571559973516	353.3376893767951	26.557479456054512	26.76887419354839	3.530860966904746	56.13851410289842	1.8204779910315911	3.2428325190345575	1.710382975873155	-114.50612773574828	-263.5128882362623	-16.5791776023875	-41.26050419760304	-0.041411756071595425	0.046488324059450366	3.470348271854212	136.0	27.0	1	0	52963.0	0	0	0	0	0	-1	MPF-5733-20200807-10_52_57	251.50635999999997	298.215	0.15662739969485107	0.5	1849.1874384188143	7.182417792543979	144.81671001396072	0.3924517546065757	0.004424872039764949	-1.0	DARK-5734-20200807-10_53_05	181.18	117.03499999999997	0.3990997564831035	1.6459598189645654	0.15662739969485104	0	5733	300	300	300	9864.69	285.741	-0.00639788	0.593964	2200.0029032258067	1849.1874384188143	0.8405386355206165	0.19107727104123298	0.5	0: Broadleaf	1596815568.1161284	196.91270967741937	199.98980645161294	18.215590322580645	17.196032258064516	500.06251612903225	99.74064516129035	0.20000780645161284	25.33029354838709	26.76887419354839	999.9000000000003	10012.614516129031	0.0	324.84348387096776	2200.0029032258067	0.9820054838709675	0.017994541935483867	0.0	251.505	5.00054	8147.568709677418	20590.59354838709	49.165032258064514	51.0602258064516	49.60254838709676	49.62467741935483	50.475677419354824	2155.5029032258067	39.5	0.0	141.79999995231628	251.50635999999997	-2.056076903868723	-4.386153851882739	8147.448800000001	15	1596815599.1	10:53:19	17	-0.384	0.113	200.0	17.0	0.48	0.05	196.9049423076923	-0.6449413690253454	0.08444352082936273	0	18.02026923076923	1.960929708954119	0.26273448101608804	0	0	2	0/2	1.86676	1.86326	1.86899	1.8669	1.87158	1.86405	1.86569	1.86558	5	0	0	0	11111111	oooooooo	off	off	off	off	0.0	100.0	100.0	-0.384	0.113	2	345.69	519.968	18.5297	31.0189	29.9997	30.9988	31.0013	12.9195	34.933	30.6907	18.5889	200	16.4193	101.268	101.708	
4	1596815696.1	382.5	20200807 10:54:56	10:54:56		1596815688.1387093	0.00288639326786022	2.5229768866573092	98.84937646577986	70.98327776754266	7.094457745552548	9.879548346686175	0.16255373948894283	3.3910209482511	0.15834557219586906	0.09933499595884818	353.3391730553576	26.922266359938106	27.075370967741943	3.595034288417293	54.7904681387282	1.8225609531339515	3.3264197497259365	1.7724733352833413	-127.2899431126357	-240.67113689691234	-15.227787863219255	-29.84969481740967	-0.04130863859135821	0.04637256565429666	3.46351037130794	0	0.0	1	0	52984.0	0	0	0	0	0	-1	MPF-5735-20200807-10_54_57	250.13351999999998	291.141	0.14085092790091414	0.5	1849.1899351928607	2.5229768866573092	130.23005911847287	0.37768984787439763	0.0019051460423884913	-1.0	DARK-5736-20200807-10_55_05	181.18	109.96100000000001	0.372927492474605	1.6069157743680318	0.14085092790091414	0	5735	300	300	300	9862.17	280.131	-0.00639611	0.871643	2200.0051612903226	1849.1899351928607	0.8405389076943321	0.19107781538866433	0.5	0: Broadleaf	1596815688.1387093	98.84937741935484	99.97253870967741	18.23555161290323	17.102206451612904	500.0697741935484	99.7454806451613	0.19999903225806456	25.758909677419357	27.075370967741943	999.9000000000003	9987.198387096774	0.0	332.91293548387097	2200.0051612903226	0.9819966451612907	0.018003348387096767	0.0	250.1403225806452	5.00054	8150.297741935485	20590.554838709675	49.739645161290305	51.77996774193547	50.23164516129031	50.27400000000001	50.98977419354838	2155.4851612903226	39.519999999999996	0.0	119.39999985694885	250.13351999999998	-0.24976923868519085	-6.34923083980859	8149.991999999999	15	1596815716.2	10:55:16	18	-0.354	0.126	100.0	17.0	0.35	0.1	98.82505000000002	-0.06608956973947677	0.012461548551752981	1	18.2054	0.16947332272991814	0.02336865092712569	1	2	2	2/2	1.86674	1.86325	1.8689	1.86685	1.87151	1.86403	1.86567	1.86554	5	0	0	0	11111111	oooooooo	off	off	off	off	0.0	100.0	100.0	-0.354	0.126	2	507.888	526.291	18.8801	31.1467	30.0011	31.1143	31.1163	8.10911	31.961	29.2037	18.8007	100	17.1205	101.233	101.675	
5	1596815807.6	494.0	20200807 10:56:47	10:56:47		1596815799.6580641	0.0034310976716314724	-0.06912047956618732	49.95518067126149	49.11573001626211	4.909127719554108	4.99303099205542	0.19751116778211888	3.39454000669524	0.19134164506598952	0.12012678211213484	353.33871905047243	26.764234883435336	26.958374193548384	3.570418742381458	55.01839298995529	1.8265211606023595	3.319837351366892	1.7438975817790987	-151.31140731894794	-225.62391816595022	-14.250166842689284	-37.846773277115005	-0.0413631381490434	0.04643374618222178	3.46712506692697	137.0	27.0	1	0	52966.0	0	0	0	0	0	-1	MPF-5737-20200807-10_56_49	249.92667999999998	286.39	0.12732050700094277	0.5	1849.1928577736535	-0.06912047956618732	117.72008609713191	0.357030622577604	0.0005033977481151158	-1.0	DARK-5738-20200807-10_56_56	184.14	102.25	0.35660948655256736	1.5552840230259586	0.1273205070009428	0	5737	300	300	300	9863.78	276.319	-0.00639682	0.788849	2200.0093548387094	1849.1928577736535	0.8405386339410472	0.1910772678820946	0.5	0: Broadleaf	1596815799.6580641	49.95518064516128	49.9960870967742	18.27430967741935	16.92714193548387	500.07087096774194	99.75023548387097	0.19997838709677418	25.725500000000004	26.958374193548384	999.9000000000003	9999.898064516128	0.0	330.5237096774194	2200.0093548387094	0.9820047741935483	0.01799528709677419	0.0	249.91735483870968	5.00054	8170.88741935484	20590.651612903228	49.54406451612902	51.62687096774192	50.088419354838706	49.92506451612901	50.75167741935482	2155.5093548387094	39.5	0.0	110.59999990463257	249.92667999999998	-0.007230758529910067	3.3384613945516577	8170.9932	15	1596815831.6	10:57:11	19	-0.322	0.122	50.0	17.0	0.34	0.06	49.92268269230769	0.030077548332589254	0.011748039462523605	1	18.274640384615388	0.04456729638063832	0.006195788259758578	1	2	2	2/2	1.86676	1.86325	1.86892	1.86688	1.87151	1.86405	1.86569	1.86557	5	0	0	0	11111111	oooooooo	off	off	off	off	0.0	100.0	100.0	-0.322	0.122	2	345.161	518.277	19.1953	31.2342	30.0002	31.2051	31.2056	5.67741	32.5551	27.3291	19.2086	50	16.9512	101.218	101.661	
6	1596815923.2	609.6000001430511	20200807 10:58:43	10:58:43		1596815915.1999993	0.0036881813445211876	20.66525534555116	391.16802443242057	222.82254207731904	22.272413199846294	39.099526419114746	0.21335204437551464	3.3927560822074363	0.20616893482715118	0.12948081122918964	353.33876585993943	26.880484984372412	27.007335483870964	3.580701996167394	54.887419586511335	1.8410752353696873	3.3542754409648627	1.7396267607977065	-162.64879729338438	-202.60557131001207	-12.81739019430214	-24.732992937759178	-0.04133550737383296	0.0464027282164592	3.4652926552698498	137.0	27.0	1	0	52853.0	0	0	0	0	0	-1	MPF-5739-20200807-10_58_44	245.99360000000001	309.496	0.2051800346369581	0.5	1849.1904480961603	20.66525534555116	189.70848009535112	0.4310104169359216	0.011716075738903308	-1.0	DARK-5740-20200807-10_58_52	176.1	133.396	0.47604425919817667	1.7575014196479273	0.20518003463695805	0	5739	300	300	300	9865.79	291.064	-0.00639853	0.100525	2200.0061290322583	1849.1904480961603	0.8405387710940536	0.19107754218810746	0.5	0: Broadleaf	1596815915.1999993	391.16803225806456	400.00993548387106	18.418887096774196	16.970996774193548	500.07229032258067	99.75582258064517	0.20001219354838706	25.899658064516135	27.007335483870964	999.9000000000003	9992.658387096773	0.0	312.6402258064516	2200.0061290322583	0.9820021290322585	0.017998064516129033	0.0	246.0069032258064	5.00054	8099.62258064516	20590.60645161291	48.93725806451611	51.189064516129	49.56212903225804	49.41699999999997	50.215451612903216	2155.4961290322576	39.51	0.0	114.89999985694885	245.99360000000001	0.6963846025597236	-31.270769033414364	8098.923600000001	15	1596815944.2	10:59:04	20	-0.356	0.12	400.0	17.0	0.14	0.05	391.1932115384616	0.08603261333564777	0.01944057665580602	1	18.413801923076925	0.07690992913856089	0.01001163727455001	1	2	2	2/2	1.86676	1.86325	1.86892	1.86687	1.87154	1.86407	1.86567	1.86554	5	0	0	0	11111111	oooooooo	off	off	off	off	0.0	100.0	100.0	-0.356	0.12	2	345.388	519.002	19.7004	31.2747	30.0003	31.2695	31.2728	22.0408	32.2291	25.8307	19.694	400	16.9486	101.207	101.653	
7	1596816035.7	722.1000001430511	20200807 11:00:35	11:00:35		1596816027.6999993	0.0037699850873990637	21.575085069253447	390.7747983057767	219.93898344604764	21.984608164512842	39.06097357873107	0.2193767327264815	3.393965638260129	0.21179258328296424	0.13302992708437872	353.3390232783581	26.92142864550677	27.021754838709676	3.583735391815334	55.042680669341536	1.8528373569440395	3.366182995473292	1.7308980348712943	-166.2563423542987	-194.36422323045136	-12.296207821958653	-19.5777501283506	-0.041354241179466185	0.046423758554454006	3.4665350858690855	137.0	27.0	1	0	52988.0	0	0	0	0	0	-1	MPF-5741-20200807-11_00_37	246.77592	316.783	0.2209938033290928	0.5	1849.1918029348697	21.575085069253447	204.32996480777956	0.45047556213559437	0.012208081948786663	-1.0	DARK-5742-20200807-11_00_45	174.08	142.703	0.49057889462730286	1.8197552849264707	0.22099380332909277	0	5741	300	300	300	9867.26	294.718	-0.00639979	0.0952759	2200.0077419354834	1849.1918029348697	0.8405387706990617	0.19107754139812347	0.5	0: Broadleaf	1596816027.6999993	390.77480645161285	399.99290322580646	18.53620322580645	17.056358064516125	500.06635483870974	99.75777741935487	0.1999827741935484	25.959512903225807	27.021754838709676	999.9000000000003	9996.991290322581	0.0	280.54383870967735	2200.0077419354834	0.9820000645161289	0.018000232258064516	0.0	246.7641935483871	5.00054	8109.568064516128	20590.61935483871	48.505774193548376	50.84458064516129	49.14690322580644	49.130838709677406	49.84251612903225	2155.497741935483	39.51	0.0	111.79999995231628	246.77592	0.595615389861788	-20.30153841390736	8108.934000000001	15	1596816058.2	11:00:58	21	-0.333	0.123	400.0	17.0	0.22	0.06	390.7594807692307	-0.12004610262107059	0.023488532705109512	1	18.522380769230768	0.1129903525996779	0.014377841370845988	1	2	2	2/2	1.86676	1.86325	1.86892	1.86688	1.87153	1.86403	1.86569	1.86555	5	0	0	0	11111111	oooooooo	off	off	off	off	0.0	100.0	100.0	-0.333	0.123	2	345.021	518.498	19.5277	31.2849	30.0001	31.3026	31.3084	22.0385	31.9532	24.3323	19.5267	400	17.0592	101.206	101.656	
8	1596816149.7	836.1000001430511	20200807 11:02:29	11:02:29		1596816141.6999993	0.0037356557960694287	26.98931230014385	488.4452801350136	272.4587638183531	27.233777999840825	48.82283886869406	0.21683741033215473	3.396820174126865	0.209430628798832	0.1315385357644934	353.3389412978098	26.92334854302512	27.02135483870968	3.583651213686698	54.95051520556794	1.8491765830207312	3.365166961771017	1.7344746306659666	-164.7424206066618	-195.38840364755944	-12.350273802026186	-19.142156758437636	-0.04139846466157588	0.046473403287311955	3.4694672261985446	137.0	27.0	1	0	52943.0	0	0	0	0	0	-1	MPF-5743-20200807-11_02_31	251.77488000000002	332.163	0.24201407140470188	0.5	1849.1910287413118	26.98931230014385	223.76512483536698	0.46773120425815035	0.015135976686624596	-1.0	DARK-5744-20200807-11_02_39	176.8	155.363	0.5174212650373641	1.87875	0.24201407140470185	0	5743	300	300	300	9868.12	306.63	-0.0064005	-0.486664	2200.006774193548	1849.1910287413118	0.8405387885313061	0.19107757706261255	0.5	0: Broadleaf	1596816141.6999993	488.4452903225806	499.96929032258066	18.499980645161287	17.03356451612903	500.069	99.75564193548388	0.19995361290322583	25.954412903225805	27.02135483870968	999.9000000000003	10007.89612903226	0.0	268.50296774193544	2200.006774193548	0.9819987096774195	0.018001654838709674	0.0	251.79467741935488	5.00054	8215.004193548386	20590.6	48.29606451612902	50.640870967741925	48.90299999999999	48.99167741935483	49.62461290322579	2155.4954838709673	39.51129032258064	0.0	113.09999990463257	251.77488000000002	-0.6857692364966292	-16.948461709106518	8214.958	15	1596816178.7	11:02:58	22	-0.292	0.122	500.0	17.0	0.14	0.07	488.39553846153854	0.09623153760793941	0.020760967016962926	1	18.496957692307692	0.04014821138905098	0.0058902901245590665	1	2	2	2/2	1.86676	1.86325	1.86891	1.86687	1.8715	1.86402	1.86568	1.86554	5	0	0	0	11111111	oooooooo	off	off	off	off	0.0	100.0	100.0	-0.292	0.122	2	345.017	518.593	19.5218	31.3095	30	31.3337	31.3435	26.3247	31.7602	22.8374	19.499	500	17.1123	101.201	101.657	
9	1596816282.2	968.6000001430511	20200807 11:04:42	11:04:42		1596816274.1999993	0.003558113052208284	31.468370929789998	586.566472011579	321.9317271074484	32.17750794906936	58.62810567133277	0.20578377024304137	3.396718617705697	0.1991001700094174	0.1250200180322964	353.34133537007216	26.875890005918333	27.000029032258066	3.5791657957367504	55.00378336899827	1.8413735763777868	3.347721672207076	1.7377922193589637	-156.91278560238533	-207.55144014857862	-13.112314978031034	-24.235205358922798	-0.041396891025212636	0.046471636742636095	3.4693629083212754	137.0	27.0	1	0	53027.0	0	0	0	0	0	-1	MPF-5745-20200807-11_04_44	257.84936	346.54	0.25593189819357076	0.5	1849.2013158380237	31.468370929789998	236.63480145223707	0.48502337392508804	0.017558050955136777	-1.0	DARK-5746-20200807-11_04_51	178.46	168.08	0.5276692051404095	1.9418357054802198	0.2559318981935708	0	5745	300	300	300	9868.93	320.084	-0.00640113	-0.111328	2200.0187096774193	1849.2013158380237	0.8405389043755748	0.19107780875114966	0.5	0: Broadleaf	1596816274.1999993	586.5664838709679	599.9868064516129	18.4227	17.025867741935485	500.069064516129	99.75136774193548	0.19997361290322582	25.866635483870972	27.000029032258066	999.9000000000003	10007.944516129033	0.0	268.4070322580645	2200.0187096774193	0.9819977096774195	0.0180026129032258	0.0	257.8576451612903	5.00054	8366.30129032258	20590.699999999993	48.11464516129031	50.555999999999976	48.74377419354838	48.925129032258056	49.465451612903216	2155.498709677419	39.519999999999996	0.0	131.59999990463257	257.84936	-1.0456923100325395	-28.293076990922607	8366.3564	15	1596816315.2	11:05:15	23	-0.261	0.122	600.0	17.0	0.26	0.05	586.5076346153846	0.28686587552193593	0.040606947513831516	1	18.430615384615383	-0.07832630410656909	0.010137276690424588	1	2	2	2/2	1.86676	1.86325	1.86892	1.86691	1.87152	1.86405	1.86569	1.86555	5	0	0	0	11111111	oooooooo	off	off	off	off	0.0	100.0	100.0	-0.261	0.122	2	344.805	517.708	19.3945	31.3644	29.9983	31.3851	31.3952	30.469	32.3297	20.9688	19.5783	600	17.0366	101.195	101.651	
10	1596816429.7	1116.1000001430511	20200807 11:07:09	11:07:09		1596816421.6999993	0.0035382929738980457	34.76101529288794	685.1468901205061	391.68429794001867	39.14999984746094	68.48245075122675	0.20566052692977896	3.392566308491808	0.1989769051820264	0.12494296848482728	353.3365502566997	26.779440103934608	26.972764516129033	3.5734384381188993	55.422696617605084	1.8442015155936708	3.32752036285412	1.7292369225252284	-156.03872014890382	-220.99339207622813	-13.969561634119174	-37.66512360255146	-0.041332568400417005	0.046399428961331576	3.4650977241708127	137.0	27.0	1	0	53090.0	0	0	0	0	0	-1	MPF-5747-20200807-11_07_11	264.09756	362.404	0.2712620169755301	0.5	1849.175873902529	34.76101529288794	250.80558864864426	0.49868103001070624	0.01933889350255114	-1.0	DARK-5748-20200807-11_07_19	181.68	180.724	0.5439589650516811	1.9947380008806692	0.2712620169755301	0	5747	300	300	300	9870.29	332.014	-0.00640213	-0.423218	2199.9883870967747	1849.175873902529	0.8405389249998737	0.19107784999974764	0.5	0: Broadleaf	1596816421.6999993	685.1469032258065	700.0189677419355	18.450696774193545	17.06168387096774	500.06864516129036	99.7529322580645	0.20001467741935483	25.764490322580645	26.972764516129033	999.9000000000003	9992.237419354838	0.0	341.9007741935483	2199.9883870967747	0.9819941612903227	0.01800548064516129	0.0	264.1550322580645	5.00054	8552.467741935483	20590.383870967744	47.88280645161289	50.285999999999994	48.46951612903225	48.65693548387096	49.25996774193549	2155.4674193548385	39.52096774193548	0.0	147.09999990463257	264.09756	-1.834076953821094	-31.76692317378469	8552.064	15	1596816451.2	11:07:31	24	-0.187	0.12	700.0	17.0	0.16	0.06	685.0489423076924	0.26775890036697525	0.05876858575461785	1	18.436053846153847	0.16166652437463627	0.03075794119809646	1	2	2	2/2	1.86674	1.86325	1.86891	1.86687	1.87149	1.86402	1.86566	1.86554	5	0	0	0	11111111	oooooooo	off	off	off	off	0.0	100.0	100.0	-0.187	0.12	2	345.299	517.049	19.5861	31.4001	30.001	31.4243	31.4307	34.4976	32.653	19.0946	19.581	700	16.9211	101.187	101.651	
11	1596816560.2	1246.6000001430511	20200807 11:09:20	11:09:20		1596816552.2032251	0.002995071939633889	36.79137156722213	784.3142764209481	413.2912279073142	41.309965409120416	78.39507214533666	0.1703596704652857	3.3932468188817433	0.16574676095226304	0.1039957734221102	353.33847077182475	26.99111446284364	27.0807935483871	3.596178755810582	54.97986083346853	1.8391077640486895	3.345057146687334	1.7570709917618927	-132.0826725378545	-224.57312054045053	-14.206995508886783	-17.524317815367084	-0.04134310762184991	0.046411260160676523	3.46579672904779	136.0	27.0	1	0	52959.0	0	0	0	0	0	-1	MPF-5749-20200807-11_09_21	267.85400000000004	369.411	0.274916014953534	0.5	1849.188099264203	36.79137156722213	254.18571157460738	0.5031550224546644	0.02043673738883536	-1.0	DARK-5750-20200807-11_09_29	183.54	185.871	0.5463843203081705	2.012700228832952	0.274916014953534	0	5749	300	300	300	9871.31	339.963	-0.00640296	0.81131	2200.003225806451	1849.188099264203	0.8405388126584903	0.19107762531698053	0.5	0: Broadleaf	1596816552.2032251	784.3142903225806	799.9681290322582	18.399606451612904	17.223796774193552	500.07477419354836	99.75363870967745	0.20000806451612904	25.8531935483871	27.0807935483871	999.9000000000003	9994.714516129034	0.0	330.9455161290322	2200.003225806451	0.9819980645161288	0.018001793548387098	0.0	267.9339677419355	5.00054	8640.12193548387	20590.54838709677	47.62274193548386	49.98170967741934	48.20325806451611	48.425129032258056	49.01599999999999	2155.4851612903226	39.512903225806454	0.0	129.89999985694885	267.85400000000004	-1.5045384627258362	-67.84230774470517	8639.1	15	1596816586.2	11:09:46	25	-0.27	0.126	800.0	17.0	0.15	0.08	784.3714423076924	0.24790831361696414	0.04703657065827092	1	18.396103846153842	-0.028578746305018422	0.004358632528075117	1	2	2	2/2	1.86675	1.86323	1.8689	1.86683	1.87149	1.86401	1.86567	1.86554	5	0	0	0	11111111	oooooooo	off	off	off	off	0.0	100.0	100.0	-0.27	0.126	2	345.848	517.228	19.3686	31.3781	30.0002	31.4216	31.4335	38.4416	30.62	17.6023	19.2744	800	17.3293	101.187	101.658	
12	1596816707.7	1394.1000001430511	20200807 11:11:47	11:11:47		1596816699.7032254	0.00284695472738167	40.1822600512173	982.8155009465148	553.7482560111774	55.34838681918309	98.23462544174386	0.161570319072716	3.392063682360171	0.15741345645358829	0.09874798012954733	353.3397531761189	26.889983896241617	27.011435483870965	3.581564283896047	54.92819394285331	1.8227141657754222	3.3183580870540803	1.7588501181206246	-125.55070347753166	-236.5372956338262	-14.953769175352987	-23.702015110591958	-0.04132478472589785	0.04639069110479649	3.4645814390541694	136.0	27.0	1	0	52983.0	0	0	0	0	0	-1	MPF-5751-20200807-11_11_49	273.05308	378.831	0.2792219221763794	0.5	1849.1938970815697	40.1822600512173	258.1677372099729	0.5159319063117855	0.022270385012740885	-1.0	DARK-5752-20200807-11_11_57	183.38	195.45100000000002	0.5411991752408531	2.06582506271131	0.2792219221763794	0	5751	300	300	300	9871.44	348.444	-0.00640306	1.33865	2200.01	1849.1938970815697	0.8405388598604413	0.19107771972088264	0.5	0: Broadleaf	1596816699.7032254	982.8155161290321	1000.0049677419355	18.235848387096773	17.118006451612906	500.0775161290322	99.75222580645159	0.200029064516129	25.71798387096775	27.011435483870965	999.9000000000003	9990.426451612902	0.0	330.925	2200.01	0.9819956451612901	0.018004154838709676	0.0	273.08635483870967	5.00054	8771.597096774194	20590.60322580645	47.59248387096773	49.9514193548387	48.16699999999999	48.425129032258056	48.9474193548387	2155.4864516129037	39.516451612903225	0.0	146.89999985694885	273.05308	-3.30061538422027	-93.01076928386874	8770.356800000001	15	1596816729.2	11:12:09	26	0.179	0.126	1000.0	17.0	0.3	0.09	982.3216538461539	0.4305947293333204	0.061216791504702814	0	18.241523076923077	-0.06530411126098876	0.00822979145881727	1	1	2	1/2	1.86676	1.86325	1.8689	1.86686	1.87153	1.86403	1.86567	1.86554	5	0	0	0	11111111	oooooooo	off	off	off	off	0.0	100.0	100.0	0.179	0.126	2	346.143	517.207	19.555	31.3893	30.0003	31.4314	31.4444	46.0252	31.2996	15.7331	19.5519	1000	17.2045	101.186	101.66	
13	1596816847.2	1533.6000001430511	20200807 11:14:07	11:14:07		1596816839.225806	0.0027865897407273487	42.494239241745426	1181.7021128501854	717.4716134927532	71.7137180532538	118.11512894750707	0.15905125681782314	3.3841659334630965	0.15501211522785366	0.09723692931651377	353.3407269141435	26.81292267557914	27.02252580645161	3.583897643239128	55.62970545092636	1.8357900185043312	3.300017506157335	1.7481076247347969	-122.88860756607608	-255.05641270555026	-16.155514255117104	-40.75980761259996	-0.04120254832295269	0.04625347003399351	3.45646918668692	136.0	27.0	1	0	52727.0	0	0	0	0	0	-1	MPF-5753-20200807-11_14_08	273.46407999999997	378.869	0.2782094074732957	0.5	1849.2034255155913	42.494239241745426	257.2328946551407	0.5198340323436333	0.023520527077554188	-1.0	DARK-5754-20200807-11_14_16	181.92	196.94900000000004	0.5351889067728196	2.082613236587511	0.27820940747329564	0	5753	300	300	300	9871.9	349.338	-0.00640346	1.16348	2200.0219354838714	1849.2034255155913	0.840538630860914	0.19107726172182798	0.5	0: Broadleaf	1596816839.225806	1181.7021290322582	1200.014193548387	18.366461290322583	17.272464516129034	500.07641935483866	99.75329677419356	0.2000905161290323	25.62455161290323	27.02252580645161	999.9000000000003	9960.768387096774	0.0	314.58625806451624	2200.0219354838714	0.9820052903225803	0.017994780645161287	0.0	273.50419354838704	5.00054	8775.469677419356	20590.774193548394	47.54406451612902	49.95345161290323	48.110645161290314	48.39893548387095	48.911064516129024	2155.521935483871	39.5	0.0	138.79999995231628	273.46407999999997	-3.6176153856558964	-76.47923039870048	8774.5416	15	1596816871.8	11:14:31	27	0.045	0.126	1200.0	17.0	0.24	0.08	1181.8317307692307	0.20039574303933294	0.06538998846701989	1	18.34421346153846	0.18597347234168926	0.0336914850509864	1	2	2	2/2	1.86676	1.86325	1.86892	1.86688	1.87155	1.86404	1.86568	1.86554	5	0	0	0	11111111	oooooooo	off	off	off	off	0.0	100.0	100.0	0.045	0.126	2	345.885	516.578	19.521	31.4359	30.0012	31.4657	31.4745	53.2951	31.5095	13.8532	19.4592	1200	17.1261	101.18	101.655	
14	1596816993.2	1679.6000001430511	20200807 11:16:33	11:16:33		1596816985.2419357	0.0020094928649278107	45.370210414503205	1580.5824668156458	879.3351243497412	87.89841785813918	157.99516507446214	0.11085043491184374	3.3972219469574023	0.10887952874516744	0.06822386473529907	353.3338281005051	26.792292849020892	27.117945161290326	3.604028378277326	55.45148924896937	1.8091064006174142	3.262502820248491	1.7949219776599117	-88.61863534331646	-308.7790472881873	-19.473759238752518	-63.53761376975115	-0.041404690417788936	0.04648039224406731	3.4698799241404235	136.0	27.0	1	0	53156.0	0	0	0	0	0	-1	MPF-5755-20200807-11_16_34	270.69816000000003	368.238	0.2648826030990826	0.5	1849.1671158381657	45.370210414503205	244.9060996042181	0.501463727263346	0.025076268130306403	-1.0	DARK-5756-20200807-11_16_42	183.58	184.658	0.5282188694776287	2.0058720993572283	0.26488260309908257	0	5755	300	300	300	9872.26	341.62	-0.00640373	0.532959	2199.9787096774194	1849.1671158381657	0.8405386414440834	0.19107728288816703	0.5	0: Broadleaf	1596816985.2419357	1580.5824838709677	1599.9980645161288	18.098287096774193	17.309158064516133	500.0765161290323	99.76012580645161	0.1999638387096774	25.432019354838708	27.117945161290326	999.9000000000003	10008.95129032258	0.0	255.01696774193553	2199.9787096774194	0.9820044516129031	0.01799570322580645	0.0	270.7372258064516	5.00054	8707.200322580646	20590.34516129033	47.501774193548364	49.84045161290321	48.05206451612902	48.32032258064515	48.87283870967742	2155.4787096774194	39.5	0.0	145.29999995231628	270.69816000000003	-2.9100000252710974	-68.73384606965205	8706.599199999999	15	1596817020.3	11:17:00	28	-0.208	0.124	1600.0	17.0	0.33	0.11	1580.7182692307697	1.1968457741719152	0.15517634080480375	0	18.103136538461538	-0.02166229334781171	0.0032268720771618255	1	1	2	1/2	1.86674	1.86323	1.8689	1.86679	1.87149	1.86401	1.86556	1.86553	5	0	0	0	11111111	oooooooo	off	off	off	off	0.0	100.0	100.0	-0.208	0.124	2	346.233	516.732	18.2468	31.4855	30.0011	31.5015	31.51	67.0266	31.5438	11.9703	18.1218	1600	17.1561	101.167	101.642	
15	1596817141.8	1828.2000000476837	20200807 11:19:01	11:19:01		1596817133.8000007	0.0020568605525415236	44.62288489964707	1780.7619509339886	1108.1583731819537	110.77425267432449	178.0093703927599	0.1150384235686291	3.3975813372266277	0.11291753615527522	0.07076075656000758	353.33599041522746	26.746427927955928	26.962470967741936	3.5712781912513964	55.26636597016892	1.7993161497924952	3.255716416678655	1.7719620414589012	-90.7075503670812	-286.7509056206899	-18.065317667633586	-42.18778324017717	-0.041410259708228404	0.046486644260482254	3.4702490875385767	137.0	27.0	1	0	53044.0	0	0	0	0	0	-1	MPF-5757-20200807-11_19_03	264.98824	359.083	0.2620418120601644	0.5	1849.1784964833291	44.62288489964707	242.28104202059097	0.49532559324724373	0.024671974601916627	-1.0	DARK-5758-20200807-11_19_10	181.22	177.86300000000003	0.5290294215210583	1.9814755545745504	0.26204181206016436	0	5757	300	300	300	9872.48	332.222	-0.00640378	0.709045	2199.992258064516	1849.1784964833291	0.840538638126926	0.19107727625385185	0.5	0: Broadleaf	1596817133.8000007	1780.761967741936	1800.0735483870967	17.999916129032258	17.192093548387096	500.0695161290322	99.76249032258065	0.19998377419354843	25.396983870967734	26.962470967741936	999.9000000000003	10010.060322580646	0.0	229.20067741935486	2199.992258064516	0.9820042580645161	0.01799591612903226	0.0	265.02709677419347	5.00054	8585.35	20590.487096774188	47.45738709677418	49.78199999999999	48.01199999999999	48.22970967741935	48.809999999999974	2155.492258064516	39.5	0.0	147.70000004768372	264.98824	-2.384307689586979	-75.56307662157059	8584.406	15	1596817163.8	11:19:23	29	0.123	0.124	1800.0	17.0	0.14	0.12	1780.3521153846154	0.6763661836464311	0.11091120042041175	0	17.98604230769231	0.1427179440869596	0.01854366309088924	1	1	2	1/2	1.86676	1.86325	1.86891	1.86689	1.87155	1.86401	1.86564	1.86555	5	0	0	0	11111111	oooooooo	off	off	off	off	0.0	100.0	100.0	0.123	0.124	2	345.373	516.551	19.2753	31.5361	30.0001	31.5466	31.5539	73.4994	31.377	10.1096	19.2985	1800	17.1688	101.157	101.64	
