[Header]
File opened	2020-08-15 09:59:46
Console s/n	68C-571038
Console ver	Bluestem v.1.3.4
Scripts ver	2018.05  1.3.4, Mar 2018
Head s/n	68H-581038
Head ver	1.4.0
Head cal	{"co2aspan2b": "0.163711", "h2oazero": "1.00263", "flowbzero": "0.22736", "co2azero": "0.869071", "co2bzero": "0.880288", "h2obspan1": "0.998578", "h2oaspanconc2": "0", "co2bspanconc1": "1002", "co2aspanconc2": "0", "tbzero": "0.197721", "h2oaspanconc1": "12.19", "flowazero": "0.42932", "co2aspanconc1": "1002", "h2obzero": "1.01783", "co2bspan1": "0.992131", "oxygen": "21", "chamberpressurezero": "2.59209", "co2aspan1": "0.992625", "tazero": "0.00774765", "ssa_ref": "36614.9", "co2bspan2": "0", "co2aspan2a": "0.164928", "h2oaspan2b": "0.0662632", "co2aspan2": "0", "h2oaspan1": "1.00223", "co2bspan2a": "0.163389", "h2obspanconc2": "0", "h2obspanconc1": "20", "ssb_ref": "36526.8", "h2oaspan2": "0", "h2obspan2": "0", "flowmeterzero": "0.990908", "h2oaspan2a": "0.0661155", "h2obspan2b": "0.0963575", "co2bspanconc2": "0", "co2bspan2b": "0.162103", "h2obspan2a": "0.0975941"}
Chamber type	6800-01A
Chamber s/n	MPF-551037
Chamber rev	0
Chamber cal	0
Fluorometer	MPF-551037
Flr. Version	1.4.0
09:59:46	Stability Definition:	H2O_s (Meas): Slp<0.2	CO2_s (Meas): Slp<0.3
SysConst:AvgTime	4
SysConst:Oxygen	21
SysConst:Chamber	6800-01A 2 cm²
Const:S	2.0
Const:CustomBLC	2.0
LTConst:deltaTw	0
LTConst:fT1	1
LTConst:fT2	0
LTConst:fTeb	0
LQConst:Leaf	standard
LQConst:Ambient	Sun+Sky
LQConst:abs_ambient	0.49
LQConst:abs_redLED	0.84
LQConst:abs_greenLED	0.7
LQConst:abs_blueLED	0.87
LQConst:abs_whiteLED	0.75
LQConst:abs_redFlr	0.84
LQConst:abs_blueFlr	0.87
LQConst:k_ambient	0.39
LQConst:k_redLED	0.18
LQConst:k_greenLED	0.23
LQConst:k_blueLED	0.26
LQConst:k_whiteLED	0.21
LQConst:k_redFlr	0.19
LQConst:k_blueFlr	0.25
QConst:fQ_Amb_in	0.0
QConst:fQ_Amb_out	0.0
QConst:fQ_HeadLS	0.0
QConst:fQ_ConsoleLS	0.0
QConst:fQ_Flr	1.0
LeakConst:fan_a	-6276.0
LeakConst:fan_b	6.6
LeakConst:fan_c	1.709e-05
LeakConst:fan_d	3.11
LeakConst:Fs_meas	3.00186 75.5949 388.782 621.537 849.04 1054.8 1229.05 1393.75
LeakConst:Fs_true	0.276677 99.6915 402.487 601.632 800.517 1001.11 1200.75 1401.88
LeakConst:leak_wt	0.0
[Data]
Sys	Sys	Sys	Sys	Sys	UserDefVar	GasEx	GasEx	GasEx	GasEx	GasEx	GasEx	GasEx	GasEx	GasEx	GasEx	GasEx	GasEx	GasEx	GasEx	GasEx	GasEx	GasEx	GasEx	GasEx	GasEx	GasEx	GasEx	GasEx	GasEx	GasEx	GasEx	Leak	Leak	Leak	Leak	Leak	FLR	FLR	FLR	FLR	FLR	FLR	FLR	FLR	FLR	FLR	FLR	FLR	FLR	FLR	FLR	FLR	FLR	FLR	FLR	FLR	FLR	FLR	FLR	FLR	MPF	MPF	MPF	MPF	MPF	MPF	MPF	MPF	LeafQ	LeafQ	LeafQ	LeafQ	Const	Const	Meas	Meas	Meas	Meas	Meas	Meas	Meas	Meas	Meas	Meas	Meas	Meas	Meas	Meas	FlrLS	FlrLS	FlrLS	FlrLS	FlrLS	FlrLS	FlrLS	FlrLS	FlrLS	FlrLS	FlrLS	FlrLS	FlrLS	FlrLS	FlrLS	FlrLS	FlrLS	FlrStats	FlrStats	FlrStats	FlrStats	FlrStats	Match	Match	Match	Match	Match	Match	Match	Match	Match	Stability	Stability	Stability	Stability	Stability	Stability	Stability	Stability	Stability	Stability	Stability	Auxiliary	Auxiliary	Auxiliary	Auxiliary	Auxiliary	Auxiliary	Auxiliary	Auxiliary	Auxiliary	Auxiliary	Auxiliary	Auxiliary	Auxiliary	Auxiliary	Auxiliary	Auxiliary	Auxiliary	Auxiliary	Auxiliary	Status	Status	Status	Status	Status	Status	Status	Status	Status	Status	Status	Status	Status	Status	Status	Status	Status	Status	Status	Status	
obs	time	elapsed	date	hhmmss	plant	TIME	E	A	Ca	Ci	Pci	Pca	gsw	gbw	gtw	gtc	Rabs	TleafEB	TleafCnd	SVPleaf	RHcham	VPcham	SVPcham	VPDleaf	LatHFlux	SenHFlux	NetTherm	EBSum	blfa_1	blfa_2	blfa_3	Leak	LeakPct	CorrFact	CorrFactPct	Fan	DarkAdaptedID	Fo	Fm	Fv	Fv/Fm	Adark	LightAdaptedID	Fs	Fm'	PhiPS2	PS2/1	Qabs_fs	Afs	ETR	Fv'/Fm'	PhiCO2	NPQ	DarkPulseID	Fo'	Fv'	qP	qN	qP_Fo	qN_Fo	ID	P1_dur	P2_dur	P3_dur	P1_Qmax	P1_Fmax	P2_dQdt	P3_ΔF	Qin	Qabs	alpha	convert	K	Geometry	TIME	CO2_s	CO2_r	H2O_s	H2O_r	Flow	Pa	ΔPcham	Tair	Tleaf	Tleaf2	Fan_speed	Qamb_in	Qamb_out	Q	f_red	f_blue	f_farred	F	Q_modavg	F_dc	Pc	Tled	TDigital	TPreamp	TPwrSpy	TDrive	Q_red	Q_blue	Q_farred	TSPF	F_avg	dF/dt	dF_dc/dt	F_dc_avg	period	time	hhmmss	count	co2_adj	h2o_adj	co2_at	h2o_at	co2_cv	h2o_cv	CO2_s:MN	CO2_s:SLP	CO2_s:SD	CO2_s:OK	H2O_s:MN	H2O_s:SLP	H2O_s:SD	H2O_s:OK	Stable	Total	State	ADC_CH1	ADC_CH2	ADC_CH3	ADC_CH4	ADC_CH5	ADC_CH6	ADC_CH7	ADC_CH8	DAC_1	DAC_2	DAC_3	DAC_4	GPIO	GPIO_dir	excit_5v	power_12v	power_5v	ch1_pullup	AuxPower	MatchValveR	MatchValveS	MatchCO2	MatchH2O	DIAG	Flow_s	Flow_r	Txchg	Tirga	Tchopper	Ts	Tr	CO2_%	Desiccant_%	Humidifier_%	Txchg_sp	CO2_r_sp	H2O_r_sp	SS_s	SS_r	
	s	s				s	mol m⁻² s⁻¹	µmol m⁻² s⁻¹	µmol mol⁻¹	µmol mol⁻¹	Pa	Pa	mol m⁻² s⁻¹	mol m⁻² s⁻¹	mol m⁻² s⁻¹	mol m⁻² s⁻¹	W m⁻²	°C	°C	kPa	%	kPa	kPa	kPa	W m⁻²	W m⁻²	W m⁻²	W m⁻²				µmol s⁻¹	%		%	µmol s⁻¹						µmol m⁻² s⁻¹						µmol m⁻² s⁻¹	µmol m⁻² s⁻¹	µmol m⁻² s⁻¹		µmol µmol⁻¹										ms	ms	ms	µmol m⁻² s⁻¹		mol m⁻² s⁻²		µmol m⁻² s⁻¹	µmol m⁻² s⁻¹		J/µmol			s	µmol mol⁻¹	µmol mol⁻¹	mmol mol⁻¹	mmol mol⁻¹	µmol s⁻¹	kPa	kPa	°C	°C	°C	rpm	µmol m⁻² s⁻¹	µmol m⁻² s⁻¹	µmol m⁻² s⁻¹					µmol m⁻² s⁻¹			°C	°C	°C	°C	°C	µmol m⁻² s⁻¹	µmol m⁻² s⁻¹	µmol m⁻² s⁻¹	s		min⁻¹	min⁻¹		s	secs			µmol/mol	mmol/mol	µmol/mol	mmol/mol	%	%	µmol mol⁻¹	µmol mol⁻¹ min⁻¹	µmol mol⁻¹		mmol mol⁻¹	mmol mol⁻¹ min⁻¹	mmol mol⁻¹					V	V	V	V	V	V	V	V	V	V	V	V							V	%	%	µmol/mol	mmol/mol		µmol s⁻¹	µmol s⁻¹	°C	°C	°C	°C	°C	%	%	%	°C	µmol mol⁻¹	mmol mol⁻¹	%	%	
1	1597503697.7	0	20200815 10:01:37	10:01:37		1597503689.7290323	0.012551087608297764	39.8008038555181	382.1182750193284	300.7351473509272	29.844199528693427	37.92045640056054	0.9860104200026055	3.3742960300140146	0.8496617198339205	0.5417103235334738	321.44276000900896	27.441928343930428	27.010951612903227	3.581462509585688	54.78811814400326	2.1579306251562667	3.938683601952587	1.4235318844294214	-553.5029635259314	296.2956007866606	19.107313143446063	83.34271041318425	-0.04104996807450953	0.046082185338352157	3.4463315316353484	150.0	30.0	1	0	52039.0	0	0	0	0	0	-1	MPF-6084-20200815-10_01_39	317.88626923076924	484.054	0.34328345756719447	0.5	1681.212203095679	39.8008038555181	288.5661689914225	0.5999619877121147	0.024268681716912387	-1.0	DARK-6085-20200815-10_01_47	193.64	290.414	0.5721753454352433	2.499762445775666	0.3432834575671944	0	6084	300	300	300	9872.57	437.359	-0.00656779	1.3663	2000.0180645161288	1681.212203095679	0.8405985090451772	0.19119701809035433	0.5	0: Broadleaf	1597503689.7290323	382.11829032258055	399.9553225806452	21.745116129032258	16.83431612903226	500.0473548387096	99.03750322580646	0.1999812903225806	28.639709677419354	27.010951612903227	999.9000000000003	9995.606774193548	0.0	124.641064516129	2000.0180645161288	0.9799998387096774	0.020000206451612903	0.0	317.9434838709678	5.00054	8064.478709677419	18703.806451612898	46.56816129032256	47.160967741935465	46.596548387096774	46.755870967741934	48.24780645161291	1955.1167741935483	39.900967741935496	0.0	1587483743.3	317.88626923076924	-4.6748376266252984	-93.68410263348873	8063.292307692309	15	1597503730.7	10:02:10	1	-0.447	0.114	400.0	17.0	0.07	0.02	382.1277962962963	0.03577083219651748	0.012294804126326057	1	21.74769814814815	0.045830482068175554	0.009229491594295036	1	2	2	2/2	1.86675	1.86325	1.8689	1.86688	1.87149	1.86401	1.86569	1.8656	5	0	0	0	11111111	oooooooo	off	off	off	off	0.0	100.0	100.0	-0.447	0.114	2	334.575	523.657	24.213	32.0505	30.001	31.7131	31.6614	21.7622	46.7144	69.8644	24.2083	400	16.8971	101.046	101.439	
2	1597503822.8	125.09999990463257	20200815 10:03:42	10:03:42		1597503814.7322583	0.012164223655935434	30.59699189348802	286.34937532550504	222.4676845828705	22.07728806940711	28.41679077754341	0.9564706441382391	3.376038472450795	0.8276580247686911	0.527407364460107	321.435502180177	27.4325315054981	27.02437741935484	3.5842873444001913	55.35840449223879	2.168039226171399	3.9163686996711706	1.416248118228792	-536.4422632267526	276.18806818365914	17.793926101478824	78.97523323856234	-0.04107689024218138	0.04611240783007523	3.44812121775937	149.0	30.0	1	0	51975.0	0	0	0	0	0	-1	MPF-6086-20200815-10_03_44	291.1728846153846	425.541	0.3157583297135068	0.5	1681.1769190317257	30.59699189348802	265.4228079531786	0.5469766720480518	0.018794566791748672	-1.0	DARK-6087-20200815-10_03_52	192.78	232.761	0.577279335389586	2.2073918456271397	0.3157583297135068	0	6086	300	300	300	9869.15	390.675	-0.00656497	1.86673	1999.9764516129032	1681.1769190317257	0.8405983568836133	0.19119671376722677	0.5	0: Broadleaf	1597503814.7322583	286.34938709677414	299.98022580645164	21.846825806451612	17.08787096774193	500.04567741935483	99.03817741935482	0.20000232258064518	28.54181935483871	27.02437741935484	999.9000000000003	10002.094193548388	0.0	119.30309677419355	1999.9764516129032	0.9800059032258064	0.019994180645161296	0.0	291.26622580645164	5.00054	7535.1645161290335	18703.43225806452	47.352645161290326	48.15699999999999	47.489774193548385	47.699258064516115	49.009967741935476	1955.0864516129034	39.89000000000002	0.0	124.5	291.1728846153846	-6.121059831625588	-94.20239322392278	7534.132307692308	15	1597503851.2	10:04:11	2	-0.471	0.117	300.0	17.0	0.27	0.02	286.3649629629629	0.037709400224398726	0.01779925400326153	1	21.848361111111117	-0.026448554621488544	0.00716765927665197	1	2	2	2/2	1.86674	1.86325	1.8689	1.86686	1.87149	1.86401	1.86569	1.86554	5	0	0	0	11111111	oooooooo	off	off	off	off	0.0	100.0	100.0	-0.471	0.117	2	335.257	522.346	22.8528	32.2692	30.0006	32.0025	31.9585	17.3521	44.7593	64.5021	22.8538	300	17.0173	100.997	101.392	
3	1597503942.8	245.09999990463257	20200815 10:05:42	10:05:42		1597503934.793549	0.0125431716242655	19.653582400818554	191.15866987087924	150.57843918247136	14.943654274392237	18.970903733710855	0.9764548609495265	3.3766469696652717	0.8426247596862648	0.5371289328737912	321.4413621111564	27.202235888383527	26.97816129032257	3.574571483322091	55.097197079714654	2.1398083373782963	3.883697267362658	1.4347631459437946	-553.1538686301085	258.4001016906988	16.629088986564128	43.31668415831086	-0.0410862934874047	0.046122963796607935	3.4487462160216746	0	0.0	1	0	52052.0	0	0	0	0	0	-1	MPF-6088-20200815-10_05_44	275.8456153846154	379.662	0.2734442335956313	0.5	1681.2024480638265	19.653582400818554	229.8575574649561	0.48822900369275823	0.012285006142243284	-1.0	DARK-6089-20200815-10_05_52	194.3	185.36199999999997	0.5600737185366179	1.9539989706639216	0.27344423359563125	0	6088	300	300	300	9866.2	352.944	-0.0065626	2.54636	2000.0061290322576	1681.2024480638265	0.8405986480037986	0.19119729600759716	0.5	0: Broadleaf	1597503934.793549	191.15867741935486	199.97848387096778	21.561593548387098	16.652906451612903	500.04087096774185	99.04166774193548	0.19999232258064517	28.397616129032265	26.97816129032257	999.9000000000003	10004.03129032258	0.0	120.93129032258065	2000.0061290322576	0.9799969354838711	0.02000288064516129	0.0	275.8925806451613	5.00054	7246.528709677419	18703.670967741935	48.13087096774191	49.163064516129026	48.32216129032257	48.560225806451605	49.717419354838704	1955.0961290322582	39.91000000000001	0.0	119.5	275.8456153846154	-5.971897437552552	-102.86085476828414	7245.333076923076	15	1597503973.8	10:06:13	3	-0.418	0.111	200.0	17.0	0.14	0.02	191.10568518518522	0.010030873433218743	0.01058619659268925	1	21.57219074074074	-0.04791396662720331	0.010646217699406544	1	2	2	2/2	1.86673	1.86325	1.86891	1.8669	1.87149	1.86401	1.86569	1.86558	5	0	0	0	11111111	oooooooo	off	off	off	off	0.0	100.0	100.0	-0.418	0.111	2	510.045	527.479	23.4855	32.4466	30.0007	32.2376	32.204	12.7515	44.6588	59.0724	23.496	200	16.7262	100.96	101.359	
4	1597504065.3	367.59999990463257	20200815 10:07:45	10:07:45		1597504057.3000007	0.012185976604358904	7.252914240847751	96.63005204901393	80.4501386268107	7.983816962994791	9.589500550927399	0.9310978413742076	3.372574871953218	0.8084544456246162	0.5149509489803373	321.4409033603004	27.25769879372324	27.060141935483877	3.5918218120568057	55.15912007610915	2.139162102169868	3.8781657488702304	1.4526597098869378	-537.4015682522277	238.72441145250772	15.385825416165131	38.14957197674559	-0.041023380862022	0.04605233886316717	3.4445637176749715	146.0	29.0	1	0	52055.0	0	0	0	0	0	-1	MPF-6090-20200815-10_07_46	270.77765384615384	349.187	0.22454829691210199	0.5	1681.2026899993919	7.252914240847751	188.755600401704	0.43812341238362257	0.004908934710811542	-1.0	DARK-6091-20200815-10_07_54	196.2	152.98700000000002	0.5125229343267478	1.7797502548419981	0.224548296912102	0	6090	300	300	300	9863.99	329.93	-0.00656058	1.90366	2000.0067741935486	1681.2026899993919	0.8405984978112355	0.19119699562247114	0.5	0: Broadleaf	1597504057.3000007	96.63005483870967	100.00230322580644	21.555590322580642	16.786170967741935	499.9896129032258	99.03853870967741	0.20078019354838708	28.373096774193545	27.060141935483877	999.9000000000003	9989.028387096774	0.0	123.67219354838709	2000.0067741935486	0.9800006451612903	0.019999361290322582	0.0	270.81909677419355	5.00054	7180.734838709676	18703.693548387095	48.81006451612901	50.00383870967741	49.08232258064514	49.3242580645161	50.3748064516129	1955.106774193548	39.90000000000001	0.0	122.09999990463257	270.77765384615384	-2.3353504252649833	-24.901538511197508	7180.597307692307	15	1597504096.8	10:08:16	4	-0.363	0.113	100.0	17.0	0.41	0.02	96.56441666666667	0.11486106346488444	0.018969339296174368	1	21.546764814814818	0.044719039451146546	0.019619360783631697	1	2	2	2/2	1.86671	1.86325	1.8689	1.86679	1.87149	1.864	1.86568	1.86555	5	0	0	0	11111111	oooooooo	off	off	off	off	0.0	100.0	100.0	-0.363	0.113	2	338.261	519.011	22.5138	32.6057	30.0007	32.4436	32.4175	7.97008	43.4029	53.6477	22.5032	100	16.8264	100.922	101.325	
5	1597504188.3	490.59999990463257	20200815 10:09:48	10:09:48		1597504180.3000007	0.012015576384716483	0.8714822246751223	49.3994545050064	46.55220627541975	4.619652980472137	4.902202398047199	0.9179440213405294	3.375167601396652	0.7985837163566889	0.5085399524716301	321.4402855566207	27.141037168003038	26.937951612903223	3.5661370488205533	55.05365481209685	2.115767373811944	3.8431006643123893	1.4503696750086092	-529.8869185659969	232.72944369418812	14.967123963075135	39.2499346478871	-0.04106343379248516	0.04609730178644148	3.4472267329937094	149.0	30.0	1	0	52236.0	0	0	0	0	0	-1	MPF-6092-20200815-10_09_49	269.53476923076926	333.054	0.19071751358407563	0.5	1681.1994383864874	0.8714822246751223	160.31708836400762	0.40081788538795504	0.001113182756277421	-1.0	DARK-6093-20200815-10_09_57	199.56	133.49399999999997	0.47582086662494744	1.6689416716776908	0.19071751358407563	0	6092	300	300	300	9862.91	317.965	-0.00655941	2.60413	2000.002903225806	1681.1994383864874	0.8405984989696164	0.1911969979392329	0.5	0: Broadleaf	1597504180.3000007	49.399454838709666	49.9854129032258	21.320570967741933	16.6172935483871	500.05119354838706	99.0360064516129	0.19995570967741932	28.21695161290322	26.937951612903223	999.9000000000003	9999.03677419355	0.0	127.667064516129	2000.002903225806	0.9800017419354838	0.019997935483870962	0.0	269.55041935483865	5.00054	7185.048064516131	18703.674193548384	49.360677419354815	50.68319354838709	49.6730322580645	49.88100000000001	50.885	1955.1029032258068	39.90000000000001	0.0	122.59999990463257	269.53476923076926	-0.8092991524699509	-15.531623925097039	7184.784615384615	15	1597504222.3	10:10:22	5	-0.359	0.115	50.0	17.0	0.2	0.02	49.392633333333336	0.013571183533450467	0.008926344695878184	1	21.31566666666666	0.027529331046313037	0.006176208833544637	1	2	2	2/2	1.86675	1.86325	1.8689	1.86686	1.87149	1.86401	1.86569	1.86557	5	0	0	0	11111111	oooooooo	off	off	off	off	0.0	100.0	100.0	-0.359	0.115	2	335.979	517.293	23.2171	32.7209	30.0003	32.5992	32.5788	5.56356	42.7858	48.691	23.2554	50	16.684	100.899	101.31	
6	1597504313.8	616.0999999046326	20200815 10:11:53	10:11:53		1597504305.8000007	0.011575796545313493	38.08838331865864	382.9815013727548	296.01058682782207	29.376249183882862	38.00728932606602	0.8667112542602835	3.370930422496432	0.7593565572163393	0.48313071873464053	321.4398268059439	27.403610790631312	27.04327419354838	3.588266584329705	54.61381156867118	2.1189230915623014	3.879830084552836	1.4693434927674036	-510.4926276483251	243.01475741121868	15.669240734200244	69.63119730303771	-0.04099798424283629	0.04602382893326517	3.442874701601247	149.0	30.0	1	0	51713.0	0	0	0	0	0	-1	MPF-6094-20200815-10_11_55	270.7262692307692	397.993	0.3197712793170503	0.5	1681.1996803220527	38.08838331865864	268.7996862819994	0.5538112479365215	0.02325029190534394	-1.0	DARK-6095-20200815-10_12_03	177.58	220.41299999999998	0.5774012003340583	2.2412039644104063	0.31977127931705024	0	6094	300	300	300	9860.83	359.87	-0.00655796	1.00519	2000.0035483870963	1681.1996803220527	0.8405983487768593	0.1911966975537186	0.5	0: Broadleaf	1597504305.8000007	382.9815161290324	399.9878709677419	21.351387096774193	16.82055161290323	500.06835483870964	99.04043548387097	0.20010012903225802	28.380477419354836	27.04327419354838	999.9000000000003	9982.65322580645	0.0	129.86909677419354	2000.0035483870963	0.980006064516129	0.019994112903225805	0.0	270.73496774193546	5.00054	7234.0161290322585	18703.703225806454	49.891000000000005	51.27193548387096	50.229677419354836	50.41903225806451	51.36674193548386	1955.1135483870967	39.89000000000002	0.0	125.0	270.7262692307692	1.2837265038430223	38.11042743834981	7234.527307692308	15	1597504341.8	10:12:21	6	-0.301	0.115	400.0	17.0	0.07	0.02	382.8918703703703	0.2993756432250616	0.04175459446722083	1	21.354062962962967	-0.031239794168082573	0.00566196851961792	1	2	2	2/2	1.86674	1.86325	1.8689	1.86689	1.87149	1.86401	1.86568	1.86557	5	0	0	0	11111111	oooooooo	off	off	off	off	0.0	100.0	100.0	-0.301	0.115	2	335.324	516.679	23.1037	32.8254	30.0007	32.7378	32.7239	21.8568	41.4274	44.0174	23.0711	400	16.9284	100.875	101.294	
7	1597504433.3	735.5999999046326	20200815 10:13:53	10:13:53		1597504425.3000007	0.011234728980239186	38.47934557891897	382.8780820122189	293.4646213520102	29.126161500462704	38.00038587376694	0.8458561769353021	3.378999227814842	0.7434931906639441	0.4728438956704395	321.4352722178757	27.287965937032055	26.98442580645162	3.5758871030226316	55.24452180885778	2.1191853775373173	3.8360099936597365	1.4567017254853143	-495.45154802854813	218.74806252903937	14.053038015263953	58.7848247336309	-0.04112265059289776	0.04616377783258127	3.4511622745212707	149.0	30.0	1	0	52070.0	0	0	0	0	0	-1	MPF-6096-20200815-10_13_54	271.60476923076925	407.135	0.33288769270446106	0.5	1681.1746049702333	38.47934557891897	279.82116764093735	0.552138725484176	0.023483191729283814	-1.0	DARK-6097-20200815-10_14_02	182.34	224.795	0.6029058954568862	2.2328342656575626	0.33288769270446106	0	6096	300	300	300	9860.14	366.288	-0.00655733	0.900177	1999.9735483870966	1681.1746049702333	0.8405984200771243	0.1911968401542486	0.5	0: Broadleaf	1597504425.3000007	382.8780967741935	399.98819354838696	21.352141935483875	16.95478387096774	500.065870967742	99.04931612903226	0.19999496774193548	28.185225806451612	26.98442580645162	999.9000000000003	10012.110645161292	0.0	129.7866129032258	1999.9735483870966	0.9800045161290326	0.01999580967741935	0.0	271.59616129032264	5.00054	7250.02741935484	18703.406451612907	50.31006451612901	51.70138709677418	50.67299999999998	50.80199999999997	51.769999999999996	1955.0812903225806	39.894193548387115	0.0	118.89999985694885	271.60476923076925	0.9676581323604948	125.65846127642283	7251.03423076923	15	1597504463.3	10:14:23	7	-0.387	0.116	400.0	17.0	0.1	0.02	382.97675925925927	-0.1022984562607493	0.020759589649464026	1	21.36204814814814	-0.09966929674099316	0.014927550228684673	1	2	2	2/2	1.86676	1.86328	1.8689	1.8669	1.8715	1.86401	1.86569	1.86558	5	0	0	0	11111111	oooooooo	off	off	off	off	0.0	100.0	100.0	-0.387	0.116	2	335.279	514.908	22.9597	32.9289	29.9993	32.8527	32.8409	21.8646	41.0839	39.8297	22.9615	400	16.9099	100.856	101.28	
8	1597504561.8	864.0999999046326	20200815 10:16:01	10:16:01		1597504553.8000007	0.010461693064183781	45.09417899095703	479.9594665881978	365.30539179637844	36.25833046463943	47.638303019866534	0.7648511837064189	3.376844908931925	0.6800600772182104	0.431869777276072	321.44457072041956	27.38686576623581	27.038354838709676	3.5872303066316165	55.096598757798844	2.104121413680887	3.8189678875287227	1.4831088929507295	-461.36066413050474	194.8707179045797	12.525653081128715	67.48027757562323	-0.04108935245102832	0.046126397751255384	3.4489495232335274	148.0	30.0	1	0	52166.0	0	0	0	0	0	-1	MPF-6098-20200815-10_16_03	280.6338076923077	432.683	0.35141013700028034	0.5	1681.2226655443092	45.09417899095703	295.3993436134511	0.579183836665642	0.027417057797060853	-1.0	DARK-6099-20200815-10_16_11	182.08	250.60299999999998	0.6067333284425658	2.376334578207381	0.35141013700028034	0	6098	300	300	300	9861.67	387.728	-0.00655804	0.984894	2000.0306451612903	1681.2226655443092	0.8405984526345739	0.19119690526914787	0.5	0: Broadleaf	1597504553.8000007	479.9594838709677	500.00325806451616	21.19918064516129	17.1037	500.0591935483871	99.05484516129032	0.20000100000000004	28.10876451612903	27.038354838709676	999.9000000000003	10003.445161290323	0.0	136.87319354838712	2000.0306451612903	0.9800019032258063	0.019997767741935478	0.0	280.6603870967742	5.00054	7496.868709677418	18703.945161290325	50.28390322580643	51.71951612903225	50.689258064516125	50.59664516129032	51.65506451612902	1955.1309677419356	39.897419354838725	0.0	127.70000004768372	280.6338076923077	-1.6921367405564658	-61.829743542821674	7496.389999999999	15	1597504590.8	10:16:30	8	-0.302	0.12	500.0	17.0	0.09	0.02	479.8514259259259	0.2916089193825391	0.048887096628202405	1	21.19757592592592	-0.03187787307032296	0.005282708872496198	1	2	2	2/2	1.86674	1.86325	1.8689	1.86689	1.87149	1.86401	1.86567	1.86554	5	0	0	0	11111111	oooooooo	off	off	off	off	0.0	100.0	100.0	-0.302	0.12	2	336.199	514.091	22.2873	32.9918	30.0004	32.9385	32.9305	26.139	39.301	35.2829	22.2617	500	17.1562	100.845	101.276	
9	1597504712.3	1014.5999999046326	20200815 10:18:32	10:18:32		1597504704.3096778	0.009602619300324442	48.462408257570495	578.410110529698	440.3825721105602	43.70997157926322	57.40983202683224	0.6769636057470433	3.3809812936558283	0.609696852574782	0.3865456705764754	321.43940573284215	27.193699263877953	26.99895806451613	3.5789406703386084	55.18242301010261	2.0601058728490376	3.7332646166549814	1.5188347974895708	-423.4755111443079	131.36886647385515	8.415595217359574	37.74835627974895	-0.04115329470917246	0.04619817853767164	3.453198115417175	149.0	30.0	1	0	52285.0	0	0	0	0	0	-1	MPF-6100-20200815-10_18_34	281.8001923076923	433.398	0.349788895408626	0.5	1681.1921512896313	48.462408257570495	294.0311727846259	0.5778476135099839	0.029421032104883556	-1.0	DARK-6101-20200815-10_18_41	182.96	250.43800000000002	0.6053306913979016	2.3688128552689114	0.349788895408626	0	6100	300	300	300	9865.44	392.13	-0.00656118	1.56403	1999.9938709677417	1681.1921512896313	0.8405986516729418	0.19119730334588353	0.5	0: Broadleaf	1597504704.3096778	578.410129032258	600.0144516129033	20.75578387096774	16.994867741935487	500.0541935483871	99.05458387096773	0.19996058064516128	27.719674193548386	26.99895806451613	999.9000000000003	10019.03870967742	0.0	135.982935483871	1999.9938709677417	0.9799951935483868	0.02000505806451613	0.0	281.82212903225803	5.00054	7455.9832258064525	18703.541935483863	49.32229032258063	50.99174193548386	49.81612903225804	49.74574193548386	50.767999999999994	1955.083870967742	39.91000000000001	0.0	150.20000004768372	281.8001923076923	-1.7627008660933896	16.456410035968922	7456.952692307692	15	1597504738.8	10:18:58	9	-0.266	0.115	600.0	17.0	0.16	0.03	578.3371296296295	0.3348067111876406	0.05516139494659908	0	20.779512962962965	-0.17651453494378422	0.023930045010066608	1	1	2	1/2	1.86674	1.86326	1.8689	1.8669	1.8715	1.86403	1.86568	1.86556	5	0	0	0	11111111	oooooooo	off	off	off	off	0.0	100.0	100.0	-0.266	0.115	2	335.614	512.026	22.3303	33.0789	29.9998	33.0299	33.0241	30.2696	39.9388	29.6	22.3168	600	17.0264	100.83	101.267	
10	1597504860.3	1162.5999999046326	20200815 10:21:00	10:21:00		1597504852.3000007	0.008380020585992383	50.738029122156675	677.4156258710203	507.9504092896026	50.412847603933805	67.23185981741904	0.5677062155586219	3.3797216437478266	0.5195583528100353	0.3287089004703514	321.43555653997254	27.030497492563793	26.971145161290323	3.573098517988057	55.45115444945383	2.017407108282024	3.6381697158730564	1.555691409706033	-369.5589078422641	56.041753485369696	3.5830124929445235	11.501414676022677	-0.0411338187132906	0.046176315026103316	3.451904288548782	149.0	30.0	1	0	52526.0	0	0	0	0	0	-1	MPF-6102-20200815-10_21_01	280.92650000000003	437.245	0.35750780454893705	0.5	1681.1769480639766	50.738029122156675	300.5169398803173	0.5785429221603449	0.030774886118761963	-1.0	DARK-6103-20200815-10_21_09	184.28	252.965	0.6179451702804735	2.3727208595615368	0.35750780454893705	0	6102	300	300	300	9868	392.85	-0.00656336	1.49298	1999.9764516129037	1681.1769480639766	0.8405983713999094	0.19119674279981885	0.5	0: Broadleaf	1597504852.3000007	677.4156451612903	699.978870967742	20.32701612903226	17.04353548387097	500.0595806451613	99.04763225806452	0.19994522580645158	27.27871612903225	26.971145161290323	999.9000000000003	10015.0	0.0	143.2525806451613	1999.9764516129037	0.9800039677419354	0.0199957935483871	0.0	280.9214516129032	5.00054	7477.358064516128	18703.432258064517	48.71332258064515	50.46145161290321	49.19319354838707	49.281870967741916	50.17712903225805	1955.0854838709683	39.890967741935505	0.0	147.09999990463257	280.92650000000003	-1.5145640979188055	12.790427410983627	7477.3953846153845	15	1597504886.8	10:21:26	10	-0.232	0.115	700.0	17.0	0.22	0.03	677.3413333333332	0.34292510005725263	0.0505301523478447	0	20.35387777777778	-0.2271213264722744	0.03502461392002633	0	0	2	0/2	1.86676	1.86325	1.8689	1.86686	1.87151	1.86401	1.86568	1.86555	5	0	0	0	11111111	oooooooo	off	off	off	off	0.0	100.0	100.0	-0.232	0.115	2	335.929	510.381	21.9228	33.158	30	33.114	33.1074	34.2945	39.5362	24.6311	21.8856	700	16.8976	100.819	101.26	
11	1597505008.3	1310.5999999046326	20200815 10:23:28	10:23:28		1597505000.3193555	0.006963491489290114	51.31382498888144	777.3510126714878	565.1768129252595	56.0924907178348	77.1502890167951	0.44874053500037386	3.380102671530122	0.41807697047081477	0.26387829245820327	321.44028555662084	26.794090239196606	26.980316129032257	3.5750239762998155	55.900799773607716	1.9681174654909774	3.5207322139605224	1.606906510808838	-307.08997467769404	-47.42691919694443	-3.0235647745768257	-36.10017309259445	-0.04113970960675097	0.04618292807008319	3.4522956538169596	149.0	30.0	1	0	52311.0	0	0	0	0	0	-1	MPF-6104-20200815-10_23_29	279.61003846153847	435.418	0.35783537092738826	0.5	1681.1994383864878	51.31382498888144	300.79631231897287	0.5813218562392919	0.031116965539251574	-1.0	DARK-6105-20200815-10_23_37	182.3	253.118	0.6155546485767964	2.3884695556774544	0.35783537092738826	0	6104	300	300	300	9870.35	390.718	-0.00656508	2.02951	2000.0029032258064	1681.1994383864878	0.8405984989696164	0.1911969979392329	0.5	0: Broadleaf	1597505000.3193555	777.3510322580646	800.039193548387	19.830361290322582	17.100512903225805	500.05729032258057	99.04770645161288	0.19997929032258063	26.72005483870967	26.980316129032257	999.9000000000003	10016.426774193547	0.0	147.9437096774194	2000.0029032258064	0.9800011290322584	0.019999032258064518	0.0	279.6122903225807	5.00054	7463.33935483871	18703.67419354838	48.401	50.203258064516106	48.85874193548387	49.11883870967742	49.84654838709676	1955.1029032258061	39.90000000000001	0.0	147.20000004768372	279.61003846153847	-2.130495732451862	35.81675211381564	7463.515384615384	15	1597505032.8	10:23:52	11	-0.287	0.111	800.0	17.0	0.16	0.03	777.3523518518518	0.3274142400282301	0.07496645111559527	0	19.837692592592592	0.04730564604156159	0.0344929668185435	1	1	2	1/2	1.86676	1.86325	1.8689	1.86685	1.87151	1.86401	1.86565	1.86556	5	0	0	0	11111111	oooooooo	off	off	off	off	0.0	100.0	100.0	-0.287	0.111	2	335.689	508.344	21.0048	33.2618	29.9979	33.205	33.197	38.2202	40.0798	19.2429	20.9418	800	16.7186	100.802	101.249	
12	1597505154.3	1456.5999999046326	20200815 10:25:54	10:25:54		1597505146.325807	0.00553178432130586	53.8494489674242	976.2893988482224	690.147329976894	68.5012220198724	96.90252205770162	0.34259968067510876	3.3760653727476724	0.32439037880312477	0.20429933103682563	321.44303518564794	27.095306181281977	27.02881290322581	3.585221012424933	55.175653919366354	1.939731301161982	3.5155565242538014	1.645489711262951	-243.95168856958844	-60.746276705568356	-3.877789098765626	12.867280811725529	-0.04107730592255374	0.04611287446770881	3.4481488475024697	148.0	30.0	1	0	52517.0	0	0	0	0	0	-1	MPF-6106-20200815-10_25_55	276.8305384615385	427.965	0.35314677961623386	0.5	1681.213567418738	53.8494489674242	296.8575785905237	0.5748250441040739	0.03262491454410379	-1.0	DARK-6107-20200815-10_26_03	181.96	246.00499999999997	0.6143552429359628	2.3519729610903495	0.3531467796162338	0	6106	300	300	300	9870.96	385.941	-0.00656562	1.7641	2000.0196774193546	1681.213567418738	0.8405985133046414	0.19119702660928295	0.5	0: Broadleaf	1597505146.325807	976.2894193548387	999.9860967741936	19.542722580645165	17.37355806451613	500.07070967741936	99.055964516129	0.1999755483870968	26.695061290322577	27.02881290322581	999.9000000000003	10000.39935483871	0.0	154.14080645161292	2000.0196774193546	0.9799994516129031	0.020000541935483864	0.0	276.8703870967742	5.00054	7449.181290322579	18703.806451612905	48.100548387096765	49.99993548387096	48.578258064516106	48.89693548387096	49.55799999999997	1955.1183870967745	39.90129032258066	0.0	145.39999985694885	276.8305384615385	-2.129572636106772	-36.10119663879926	7448.799230769229	15	1597505182.4	10:26:22	12	0.031	0.123	1000.0	17.0	0.12	0.04	975.8666111111112	1.027705145034725	0.13667024611391781	0	19.528011111111113	0.02873780776591323	0.009368043921416094	1	1	2	1/2	1.86673	1.86324	1.8689	1.86677	1.87149	1.86398	1.86558	1.86554	5	0	0	0	11111111	oooooooo	off	off	off	off	0.0	100.0	100.0	0.031	0.123	2	336.244	507.858	20.6185	33.378	30.0004	33.315	33.306	45.808	37.7431	14.3123	20.6066	1000	17.3604	100.771	101.219	
13	1597505303.9	1606.2000000476837	20200815 10:28:23	10:28:23		1597505295.9000006	0.0047499652261307375	54.36077404581523	1175.9528825836821	832.3516107425538	82.6214738164657	116.72826608830374	0.2864209298240286	3.3763807625697853	0.2735746918420715	0.17209034757748623	321.43739482057055	26.98255959683867	27.017264516129025	3.5827905234955018	55.18211511822747	1.9069912535940023	3.455813988840915	1.6757992699014994	-209.47346647236552	-111.59221548335681	-7.112152448330061	-6.74043958348183	-0.04108217963566301	0.04611834563763468	3.448472789837168	149.0	30.0	1	0	52665.0	0	0	0	0	0	-1	MPF-6108-20200815-10_28_25	273.9917692307692	421.985	0.35070732554292405	0.5	1681.184016634491	54.36077404581523	294.8017751096965	0.5707430358899014	0.03292963381643386	-1.0	DARK-6109-20200815-10_28_33	181.14	240.84500000000003	0.6144749974848173	2.3296069338633103	0.35070732554292405	0	6108	300	300	300	9871.93	379.751	-0.00656632	1.67563	1999.9845161290318	1681.184016634491	0.8405985161767258	0.19119703235345165	0.5	0: Broadleaf	1597505295.9000006	1175.9529032258063	1199.9283870967743	19.21155806451613	17.34831612903226	500.0650645161291	99.06274193548386	0.19996477419354838	26.4042129032258	27.017264516129025	999.9000000000003	10000.901612903224	0.0	158.59490322580646	1999.9845161290318	0.9799973548387094	0.02000263870967742	0.0	273.9926451612903	5.00054	7398.872258064514	18703.48064516129	47.99777419354839	49.94519354838708	48.46341935483869	48.8566129032258	49.44125806451612	1955.077096774194	39.900645161290335	0.0	148.79999995231628	273.9917692307692	-1.3070769297849663	-0.9135043279729803	7398.863846153847	15	1597505328.9	10:28:48	13	-0.099	0.125	1200.0	17.0	0.15	0.05	1176.0112962962962	0.7373313195130329	0.10675424002850711	0	19.254255555555556	-0.41825100726582926	0.0546072735172492	0	0	2	0/2	1.86672	1.86324	1.8689	1.86677	1.87149	1.86401	1.86562	1.86554	5	0	0	0	11111111	oooooooo	off	off	off	off	0.0	100.0	100.0	-0.099	0.125	2	335.852	506.291	20.4583	33.5281	30.0009	33.4438	33.4337	53.0557	38.2396	9.75165	20.4361	1200	17.3318	100.748	101.192	
14	1597505433.4	1735.7000000476837	20200815 10:30:33	10:30:33		1597505425.4000006	0.004000417608540188	55.93673248030995	1575.115785154989	1150.4671068276225	114.19635880461905	156.34735342966144	0.23907197832850274	3.3759934657902564	0.23004904368464033	0.14456295406222003	321.43905609466844	26.97272660323883	26.988264516129032	3.5766934845973295	55.51719892867373	1.898208084683311	3.41913518929882	1.6784853999140186	-176.4184165366223	-139.19861687973318	-8.86331466817451	-3.04129198986152	-0.04107619477415586	0.04611162710629024	3.4480749906742996	149.0	30.0	1	0	52533.0	0	0	0	0	0	-1	MPF-6110-20200815-10_30_34	272.8446923076923	405.993	0.3279571512127246	0.5	1681.1929384427926	55.93673248030995	275.6796233653239	0.5621599387181553	0.033866863926425766	-1.0	DARK-6111-20200815-10_30_42	177.76	228.233	0.5833876244553053	2.2839390189018904	0.3279571512127246	0	6110	300	300	300	9872.07	372.063	-0.00656646	2.73257	1999.9951612903233	1681.1929384427926	0.8405985029274515	0.19119700585490315	0.5	0: Broadleaf	1597505425.4000006	1575.1158064516128	1600.0067741935484	19.12342903225807	17.55412580645161	500.0838387096774	99.06086129032258	0.20000251612903225	26.22346451612903	26.988264516129032	999.9000000000003	9999.634516129032	0.0	160.55029032258062	1999.9951612903233	0.9799976774193546	0.0200022193548387	0.0	272.85267741935485	5.00054	7372.919999999999	18703.564516129034	48.032129032258055	49.98977419354838	48.465451612903216	48.94525806451611	49.43325806451612	1955.0896774193545	39.90000000000001	0.0	128.60000014305115	272.8446923076923	-3.2308376081874295	-31.866666699583707	7372.803846153847	15	1597505466.4	10:31:06	14	-0.179	0.126	1600.0	18.0	0.19	0.06	1575.160740740741	0.2159862778731501	0.08454347669279767	1	19.113037037037035	0.1040256146369378	0.014346135062129275	1	2	2	2/2	1.86674	1.86324	1.8689	1.86679	1.87149	1.864	1.86558	1.86554	5	0	0	0	11111111	oooooooo	off	off	off	off	0.0	100.0	100.0	-0.179	0.126	2	335.891	506.017	20.2978	33.6841	30.0007	33.5846	33.5718	66.7388	37.6996	5.56089	20.2611	1600	17.4667	100.721	101.17	
15	1597505557.9	1860.2000000476837	20200815 10:32:37	10:32:37		1597505549.9000006	0.0036766221075593144	56.20131050233795	1774.981107581704	1302.7225089184528	129.30254363204477	176.17686847192195	0.21594726169650832	3.371532546739094	0.20854698410305272	0.13098562367292554	321.4410532093174	27.006727683712732	27.045667741935485	3.5887708873842845	55.32835008228562	1.8871930831449424	3.4108970904396476	1.7015778042393421	-162.13903494336577	-156.86997549678216	-10.00256882401695	-7.570526054847534	-0.041007282714179735	0.04603426728193902	3.4434931430319353	149.0	30.0	1	0	52488.0	0	0	0	0	0	-1	MPF-6112-20200815-10_32_39	270.9832692307692	402.977	0.3275465616380855	0.5	1681.200822257375	56.20131050233795	275.33577437676263	0.5611163912580618	0.03402407954186749	-1.0	DARK-6113-20200815-10_32_47	176.86	226.11699999999996	0.5837408543772948	2.278508424742734	0.32754656163808543	0	6112	300	300	300	9872.42	366.798	-0.00656661	1.55984	2000.0041935483873	1681.200822257375	0.8405986485831339	0.19119729716626796	0.5	0: Broadleaf	1597505549.9000006	1774.9811290322575	1800.0683870967744	19.01346129032258	17.57098387096774	500.0725483870968	99.05561612903223	0.20001409677419354	26.182635483870968	27.045667741935485	999.9000000000003	9983.387096774193	0.0	154.41267741935482	2000.0041935483873	0.9799967096774193	0.02000347741935484	0.0	270.996	5.00054	7176.568709677418	18703.66451612903	48.007935483870966	50.033999999999985	48.461387096774175	48.91299999999999	49.427096774193544	1955.0941935483875	39.91000000000001	0.0	123.79999995231628	270.9832692307692	-3.6037264920270955	-115.13709372867434	7175.401538461538	15	1597505583.9	10:33:03	15	0.076	0.126	1800.0	18.0	0.15	0.04	1774.6946296296298	0.2848256146377181	0.06654747575598884	1	19.007405555555557	0.03173241852487847	0.026655514450433553	1	2	2	2/2	1.86669	1.86325	1.86888	1.86678	1.87149	1.86397	1.86557	1.86554	5	0	0	0	11111111	oooooooo	off	off	off	off	0.0	100.0	100.0	0.076	0.126	2	335.998	505.099	20.3027	33.8329	30.0016	33.7292	33.7137	73.2064	38.1792	2.16287	20.2063	1800	17.5043	100.69	101.139	
