[Header]
File opened	2020-08-15 12:31:45
Console s/n	68C-571038
Console ver	Bluestem v.1.3.4
Scripts ver	2018.05  1.3.4, Mar 2018
Head s/n	68H-581038
Head ver	1.4.0
Head cal	{"co2aspan2b": "0.163711", "h2oazero": "1.00263", "flowbzero": "0.22736", "co2azero": "0.869071", "co2bzero": "0.880288", "h2obspan1": "0.998578", "h2oaspanconc2": "0", "co2bspanconc1": "1002", "co2aspanconc2": "0", "tbzero": "0.197721", "h2oaspanconc1": "12.19", "flowazero": "0.42932", "co2aspanconc1": "1002", "h2obzero": "1.01783", "co2bspan1": "0.992131", "oxygen": "21", "chamberpressurezero": "2.59209", "co2aspan1": "0.992625", "tazero": "0.00774765", "ssa_ref": "36614.9", "co2bspan2": "0", "co2aspan2a": "0.164928", "h2oaspan2b": "0.0662632", "co2aspan2": "0", "h2oaspan1": "1.00223", "co2bspan2a": "0.163389", "h2obspanconc2": "0", "h2obspanconc1": "20", "ssb_ref": "36526.8", "h2oaspan2": "0", "h2obspan2": "0", "flowmeterzero": "0.990908", "h2oaspan2a": "0.0661155", "h2obspan2b": "0.0963575", "co2bspanconc2": "0", "co2bspan2b": "0.162103", "h2obspan2a": "0.0975941"}
Chamber type	6800-01A
Chamber s/n	MPF-551037
Chamber rev	0
Chamber cal	0
Fluorometer	MPF-551037
Flr. Version	1.4.0
12:31:45	Stability Definition:	H2O_s (Meas): Slp<0.2	CO2_s (Meas): Slp<0.3
SysConst:AvgTime	4
SysConst:Oxygen	21
SysConst:Chamber	6800-01A 2 cm²
Const:S	2.0
Const:CustomBLC	2.0
LTConst:deltaTw	0
LTConst:fT1	1
LTConst:fT2	0
LTConst:fTeb	0
LQConst:Leaf	standard
LQConst:Ambient	Sun+Sky
LQConst:abs_ambient	0.49
LQConst:abs_redLED	0.84
LQConst:abs_greenLED	0.7
LQConst:abs_blueLED	0.87
LQConst:abs_whiteLED	0.75
LQConst:abs_redFlr	0.84
LQConst:abs_blueFlr	0.87
LQConst:k_ambient	0.39
LQConst:k_redLED	0.18
LQConst:k_greenLED	0.23
LQConst:k_blueLED	0.26
LQConst:k_whiteLED	0.21
LQConst:k_redFlr	0.19
LQConst:k_blueFlr	0.25
QConst:fQ_Amb_in	0.0
QConst:fQ_Amb_out	0.0
QConst:fQ_HeadLS	0.0
QConst:fQ_ConsoleLS	0.0
QConst:fQ_Flr	1.0
LeakConst:fan_a	-6276.0
LeakConst:fan_b	6.6
LeakConst:fan_c	1.709e-05
LeakConst:fan_d	3.11
LeakConst:Fs_meas	3.00186 75.5949 388.782 621.537 849.04 1054.8 1229.05 1393.75
LeakConst:Fs_true	0.276677 99.6915 402.487 601.632 800.517 1001.11 1200.75 1401.88
LeakConst:leak_wt	0.0
[Data]
Sys	Sys	Sys	Sys	Sys	UserDefVar	GasEx	GasEx	GasEx	GasEx	GasEx	GasEx	GasEx	GasEx	GasEx	GasEx	GasEx	GasEx	GasEx	GasEx	GasEx	GasEx	GasEx	GasEx	GasEx	GasEx	GasEx	GasEx	GasEx	GasEx	GasEx	GasEx	Leak	Leak	Leak	Leak	Leak	FLR	FLR	FLR	FLR	FLR	FLR	FLR	FLR	FLR	FLR	FLR	FLR	FLR	FLR	FLR	FLR	FLR	FLR	FLR	FLR	FLR	FLR	FLR	FLR	MPF	MPF	MPF	MPF	MPF	MPF	MPF	MPF	LeafQ	LeafQ	LeafQ	LeafQ	Const	Const	Meas	Meas	Meas	Meas	Meas	Meas	Meas	Meas	Meas	Meas	Meas	Meas	Meas	Meas	FlrLS	FlrLS	FlrLS	FlrLS	FlrLS	FlrLS	FlrLS	FlrLS	FlrLS	FlrLS	FlrLS	FlrLS	FlrLS	FlrLS	FlrLS	FlrLS	FlrLS	FlrStats	FlrStats	FlrStats	FlrStats	FlrStats	Match	Match	Match	Match	Match	Match	Match	Match	Match	Stability	Stability	Stability	Stability	Stability	Stability	Stability	Stability	Stability	Stability	Stability	Auxiliary	Auxiliary	Auxiliary	Auxiliary	Auxiliary	Auxiliary	Auxiliary	Auxiliary	Auxiliary	Auxiliary	Auxiliary	Auxiliary	Auxiliary	Auxiliary	Auxiliary	Auxiliary	Auxiliary	Auxiliary	Auxiliary	Status	Status	Status	Status	Status	Status	Status	Status	Status	Status	Status	Status	Status	Status	Status	Status	Status	Status	Status	Status	
obs	time	elapsed	date	hhmmss	plant	TIME	E	A	Ca	Ci	Pci	Pca	gsw	gbw	gtw	gtc	Rabs	TleafEB	TleafCnd	SVPleaf	RHcham	VPcham	SVPcham	VPDleaf	LatHFlux	SenHFlux	NetTherm	EBSum	blfa_1	blfa_2	blfa_3	Leak	LeakPct	CorrFact	CorrFactPct	Fan	DarkAdaptedID	Fo	Fm	Fv	Fv/Fm	Adark	LightAdaptedID	Fs	Fm'	PhiPS2	PS2/1	Qabs_fs	Afs	ETR	Fv'/Fm'	PhiCO2	NPQ	DarkPulseID	Fo'	Fv'	qP	qN	qP_Fo	qN_Fo	ID	P1_dur	P2_dur	P3_dur	P1_Qmax	P1_Fmax	P2_dQdt	P3_ΔF	Qin	Qabs	alpha	convert	K	Geometry	TIME	CO2_s	CO2_r	H2O_s	H2O_r	Flow	Pa	ΔPcham	Tair	Tleaf	Tleaf2	Fan_speed	Qamb_in	Qamb_out	Q	f_red	f_blue	f_farred	F	Q_modavg	F_dc	Pc	Tled	TDigital	TPreamp	TPwrSpy	TDrive	Q_red	Q_blue	Q_farred	TSPF	F_avg	dF/dt	dF_dc/dt	F_dc_avg	period	time	hhmmss	count	co2_adj	h2o_adj	co2_at	h2o_at	co2_cv	h2o_cv	CO2_s:MN	CO2_s:SLP	CO2_s:SD	CO2_s:OK	H2O_s:MN	H2O_s:SLP	H2O_s:SD	H2O_s:OK	Stable	Total	State	ADC_CH1	ADC_CH2	ADC_CH3	ADC_CH4	ADC_CH5	ADC_CH6	ADC_CH7	ADC_CH8	DAC_1	DAC_2	DAC_3	DAC_4	GPIO	GPIO_dir	excit_5v	power_12v	power_5v	ch1_pullup	AuxPower	MatchValveR	MatchValveS	MatchCO2	MatchH2O	DIAG	Flow_s	Flow_r	Txchg	Tirga	Tchopper	Ts	Tr	CO2_%	Desiccant_%	Humidifier_%	Txchg_sp	CO2_r_sp	H2O_r_sp	SS_s	SS_r	
	s	s				s	mol m⁻² s⁻¹	µmol m⁻² s⁻¹	µmol mol⁻¹	µmol mol⁻¹	Pa	Pa	mol m⁻² s⁻¹	mol m⁻² s⁻¹	mol m⁻² s⁻¹	mol m⁻² s⁻¹	W m⁻²	°C	°C	kPa	%	kPa	kPa	kPa	W m⁻²	W m⁻²	W m⁻²	W m⁻²				µmol s⁻¹	%		%	µmol s⁻¹						µmol m⁻² s⁻¹						µmol m⁻² s⁻¹	µmol m⁻² s⁻¹	µmol m⁻² s⁻¹		µmol µmol⁻¹										ms	ms	ms	µmol m⁻² s⁻¹		mol m⁻² s⁻²		µmol m⁻² s⁻¹	µmol m⁻² s⁻¹		J/µmol			s	µmol mol⁻¹	µmol mol⁻¹	mmol mol⁻¹	mmol mol⁻¹	µmol s⁻¹	kPa	kPa	°C	°C	°C	rpm	µmol m⁻² s⁻¹	µmol m⁻² s⁻¹	µmol m⁻² s⁻¹					µmol m⁻² s⁻¹			°C	°C	°C	°C	°C	µmol m⁻² s⁻¹	µmol m⁻² s⁻¹	µmol m⁻² s⁻¹	s		min⁻¹	min⁻¹		s	secs			µmol/mol	mmol/mol	µmol/mol	mmol/mol	%	%	µmol mol⁻¹	µmol mol⁻¹ min⁻¹	µmol mol⁻¹		mmol mol⁻¹	mmol mol⁻¹ min⁻¹	mmol mol⁻¹					V	V	V	V	V	V	V	V	V	V	V	V							V	%	%	µmol/mol	mmol/mol		µmol s⁻¹	µmol s⁻¹	°C	°C	°C	°C	°C	%	%	%	°C	µmol mol⁻¹	mmol mol⁻¹	%	%	
1	1597513218.6	0	20200815 12:40:18	12:40:18		1597513210.6129026	0.011980682790834361	38.75081470185707	382.65466256675535	296.0920389349139	29.385290822174436	37.976092111199414	0.8897661014942736	3.3747418593976346	0.7771301065965047	0.4946331033930854	321.4412155155647	27.02692449128262	26.997638709677418	3.5786633491156414	54.83274980957014	2.092378536179009	3.81592851616174	1.4862848129366326	-528.3481110757954	199.67051402493433	12.838683243457588	5.602301708161235	-0.04105685591378729	0.04608991754134931	3.446789447970085	155.0	31.0	1	0	52198.0	0	0	0	0	0	-1	MPF-6206-20200815-12_40_20	312.5281923076923	473.271	0.3396422085703703	0.5	1681.2043175434185	38.75081470185707	285.5039737342444	0.5840438142206051	0.02364424971257574	-1.0	DARK-6207-20200815-12_40_28	196.86	276.411	0.5815354949416186	2.404099359951234	0.3396422085703703	0	6206	300	300	300	9871.98	430.675	-0.00656621	2.26575	2000.0087096774196	1681.2043175434185	0.8405984981008303	0.19119699620166078	0.5	0: Broadleaf	1597513210.6129026	382.6546774193548	399.9868064516129	21.083222580645163	16.392522580645164	500.0571935483871	99.0437806451613	0.19999141935483875	28.095096774193546	26.997638709677418	999.9000000000003	9996.650322580646	0.0	188.4258064516129	2000.0087096774196	0.9799979354838706	0.02000188387096773	0.0	312.593	5.00054	8348.983548387097	18703.68709677419	48.13893548387096	50.3384193548387	48.68299999999997	49.30006451612901	49.72967741935484	1955.1058064516126	39.90000000000001	0.0	567.7999999523163	312.5281923076923	-5.154564105893997	14.782222199993381	8349.597692307692	15	1597513248.7	12:40:48	62	-0.301	0.101	400.0	16.0	0.14	0.02	382.9420740740741	-0.08746304767225474	0.015590657045350792	1	21.12037777777778	-0.1980524898002098	0.026456677842638214	1	2	2	2/2	1.86676	1.86325	1.86891	1.86689	1.8715	1.864	1.86554	1.86545	5	0	0	0	11111111	oooooooo	off	off	off	off	0.0	100.0	100.0	-0.301	0.101	2	329.81	466.015	23.7931	35.1634	30.0001	35.0972	35.089	22.0491	55.5346	0	23.7208	400	16.4324	100.44	101.027	
2	1597513340.7	122.10000014305115	20200815 12:42:20	12:42:20		1597513332.6387093	0.011125906431964417	29.46783036922072	286.93569837978777	216.46459589957482	21.48236935717053	28.476059231468923	0.8162787600810283	3.372141615764925	0.7203469204063674	0.4578929734250836	321.43966775294115	27.088407400189155	27.02583870967742	3.5845949221280415	55.343926116814714	2.0956487933135035	3.786592206866941	1.488946128814538	-490.6524736496308	170.31741865849534	10.95403367970262	12.058646441508301	-0.04101668918556248	0.0460448268701183	3.444118718766938	154.0	31.0	1	0	52234.0	0	0	0	0	0	-1	MPF-6208-20200815-12_42_22	287.0084615384616	420.454	0.31738439510990124	0.5	1681.1961867735836	29.46783036922072	266.7927174001032	0.5489637391962022	0.0181227096569212	-1.0	DARK-6209-20200815-12_42_30	189.64	230.81400000000002	0.5781518385433224	2.2171166420586377	0.3173843951099013	0	6208	300	300	300	9870.29	383.364	-0.0065649	1.80798	1999.999032258064	1681.1961867735836	0.8405985001280017	0.1911970002560036	0.5	0: Broadleaf	1597513332.6387093	286.93570967741937	299.9985161290322	21.11656129032258	16.760606451612905	500.0495161290322	99.04194516129031	0.2000083225806452	27.962683870967744	27.02583870967742	999.9000000000003	9987.055483870967	0.0	213.77741935483877	1999.999032258064	0.9800007096774197	0.019999451612903223	0.0	287.01329032258064	5.00054	8061.977096774194	18703.619354838713	48.49980645161288	50.75393548387096	49.05399999999997	49.66499999999998	50.05399999999997	1955.0990322580644	39.90000000000001	0.0	121.19999980926514	287.0084615384616	-4.4438974395333	46.183931602328826	8062.006923076924	15	1597513369.7	12:42:49	63	-0.435	0.109	300.0	17.0	0.09	0.02	287.0797222222222	-0.12446664299489432	0.021888113353434834	1	21.11680185185185	-0.07215953478541934	0.010012612245466007	1	2	2	2/2	1.86669	1.86323	1.86882	1.86677	1.87149	1.86392	1.86552	1.86539	5	0	0	0	11111111	oooooooo	off	off	off	off	0.0	100.0	100.0	-0.435	0.109	2	330.616	466.459	22.2001	35.1377	29.9997	35.1101	35.11	17.5662	54.1916	0	22.2186	300	16.6782	100.445	101.031	
3	1597513461.1	242.5	20200815 12:44:21	12:44:21		1597513453.1548383	0.01092389984250434	18.475161513783682	191.7691219520162	145.36098502993224	14.426079420286523	19.031768277221943	0.7764825959141403	3.375306609706937	0.6892149276989732	0.43777989427103126	321.4350821255276	27.027651806960243	27.019529032258067	3.5832670031796976	54.61079166868663	2.054968307915987	3.7629344770958313	1.5282986952637105	-481.7439830544414	152.07545816386622	9.76607122698689	1.5326284619392538	-0.04106558160496862	0.04609971289411288	3.4473695103385857	154.0	31.0	1	0	52194.0	0	0	0	0	0	-1	MPF-6210-20200815-12_44_22	274.6016153846154	377.092	0.27179145835866203	0.5	1681.1725556738786	18.475161513783682	228.4641703295812	0.4906282816925312	0.011584272802964767	-1.0	DARK-6211-20200815-12_44_30	192.08	185.01199999999997	0.5539661460628749	1.9632028321532693	0.27179145835866203	0	6210	300	300	300	9869.14	350.069	-0.00656388	2.12503	1999.9709677419353	1681.1725556738786	0.8405984800729405	0.19119696014588106	0.5	0: Broadleaf	1597513453.1548383	191.7691290322581	199.9962258064516	20.706403225806454	16.42779677419355	500.0555806451612	99.04314838709676	0.19998358064516125	27.855248387096776	27.019529032258067	999.9000000000003	9998.838709677419	0.0	231.75664516129027	1999.9709677419353	0.9800017741935486	0.019998193548387097	0.0	274.62461290322585	5.00054	8017.230967741934	18703.377419354838	48.78399999999998	51.104677419354836	49.36267741935483	49.96132258064514	50.27399999999999	1955.0709677419356	39.89806451612905	0.0	119.69999980926514	274.6016153846154	-3.917059822630036	-92.2615383819104	8016.751923076923	15	1597513494.6	12:44:54	64	-0.34	0.107	200.0	16.0	0.15	0.02	191.67122222222227	0.050250870094524974	0.015919550834286332	1	20.70192407407407	0.05984202328507064	0.008314221087438744	1	2	2	2/2	1.86675	1.86324	1.8689	1.86683	1.87149	1.86398	1.86554	1.86546	5	0	0	0	11111111	oooooooo	off	off	off	off	0.0	100.0	100.0	-0.34	0.107	2	330.697	466.023	22.7041	35.1281	29.9996	35.118	35.1176	12.9009	55.2796	0	22.7484	200	16.507	100.441	101.032	
4	1597513586.3	367.7000000476837	20200815 12:46:26	12:46:26		1597513578.3000007	0.01056392793666576	6.746636688482532	96.9088070884511	78.81017000615627	7.8212651711545895	9.61740696156136	0.7496044059148933	3.3752915282847002	0.6679343431633571	0.4240528145379786	321.4402905201054	26.911049528247723	27.00982258064516	3.5812250460123383	55.28105217778306	2.056214760738261	3.719565166968067	1.5250102852740772	-465.86922200696	117.72201989953975	7.552114218482936	-19.15479736883192	-0.04106534858053598	0.04609945130377319	3.447354019999298	154.0	31.0	1	0	52124.0	0	0	0	0	0	-1	MPF-6212-20200815-12_46_27	271.9081153846154	351.879	0.2272681365338215	0.5	1681.202119224746	6.746636688482532	191.0418363864598	0.43628349517874043	0.004607796171500631	-1.0	DARK-6213-20200815-12_46_35	198.36	153.519	0.5209184831544277	1.773941318814277	0.22726813653382152	0	6212	300	300	300	9867.4	330.584	-0.0065624	2.43732	2000.006451612903	1681.202119224746	0.8405983480047988	0.19119669600959785	0.5	0: Broadleaf	1597513578.3000007	96.90880967741937	100.01665806451614	20.719235483870968	16.58161612903226	500.0484838709677	99.04183548387098	0.1999904193548387	27.656758064516133	27.00982258064516	999.9000000000003	9998.91451612903	0.0	235.32222580645163	2000.006451612903	0.9800057096774194	0.019994341935483877	0.0	271.9196451612903	5.00054	7984.698387096774	18703.729032258067	49.20538709677418	51.61470967741934	49.806129032258056	50.45532258064514	50.66316129032258	1955.1161290322577	39.89000000000002	0.0	124.39999985694885	271.9081153846154	-2.5896410397602385	-41.51452994841634	7984.422307692309	15	1597513613.3	12:46:53	65	-0.328	0.107	100.0	17.0	0.46	0.02	96.88413888888888	0.11641806746712095	0.019067000935946203	1	20.725064814814814	-0.06678147512864378	0.008977237829075436	1	2	2	2/2	1.8667	1.86319	1.86884	1.86676	1.87149	1.86393	1.86551	1.8654	5	0	0	0	11111111	oooooooo	off	off	off	off	0.0	100.0	100.0	-0.328	0.107	2	330.16	465.951	21.7956	35.162	30.0002	35.1448	35.1479	8.05692	55.9546	0	21.8002	100	16.5017	100.439	101.026	
5	1597513704.8	486.2000000476837	20200815 12:48:24	12:48:24		1597513696.8000007	0.01044939925517668	1.029694876722255	49.379551220053166	45.68802908023851	4.534305511717759	4.900670389392678	0.728981253536498	3.3778344474474853	0.6515469427544871	0.4134864617633159	321.4402809547196	26.767572115426308	26.990725806451607	3.5772106010031113	55.13525855382001	2.0305049649216547	3.6827703690544724	1.5467056360814566	-460.8185071532916	90.33211881776107	5.785162425235714	-43.2609449555752	-0.04110464603277005	0.046143566136551815	3.449965899305462	155.0	31.0	1	0	52379.0	0	0	0	0	0	-1	MPF-6214-20200815-12_48_26	271.2434615384616	335.165	0.1907166275164126	0.5	1681.196757741245	1.029694876722255	160.3160879139688	0.3873465308131816	0.0012072916910982098	-1.0	DARK-6215-20200815-12_48_34	205.34	129.82500000000002	0.4923669436667701	1.6322440829843188	0.1907166275164126	0	6214	300	300	300	9865.74	321.103	-0.00656101	2.18216	1999.9993548387095	1681.196757741245	0.8405986500314774	0.19119730006295482	0.5	0: Broadleaf	1597513696.8000007	49.37955161290324	49.99776451612904	20.45953225806452	16.36568387096774	500.0482903225806	99.04497096774195	0.19996480645161288	27.486767741935484	26.990725806451607	999.9000000000003	10008.166129032259	0.0	238.52658064516132	1999.9993548387095	0.9799949999999997	0.0200053	0.0	271.2443225806452	5.00054	8016.341612903225	18703.593548387093	49.66306451612902	52.21751612903225	50.30812903225805	51.030032258064516	51.08232258064514	1955.0893548387098	39.91000000000001	0.0	117.70000004768372	271.2434615384616	-2.077333324534337	-44.848889023201465	8015.956538461538	15	1597513729.8	12:48:49	66	-0.413	0.103	50.0	16.0	0.23	0.03	49.47094444444445	-0.06182732990276943	0.011209216886556867	1	20.463259259259257	0.011859576901097285	0.003943420141738174	1	2	2	2/2	1.86674	1.86323	1.8689	1.86679	1.87149	1.86399	1.86554	1.86541	5	0	0	0	11111111	oooooooo	off	off	off	off	0.0	100.0	100.0	-0.413	0.103	2	329.17	464.406	21.9429	35.3532	29.9999	35.2649	35.2614	5.60982	56.1693	0	21.9652	50	16.4098	100.408	100.988	
6	1597513821.3	602.7000000476837	20200815 12:50:21	12:50:21		1597513813.3000007	0.010287980585526242	36.93941323556449	383.66450200564753	284.0066107227229	28.184013024011954	38.073780373849175	0.7128402268439786	3.3750779588511994	0.6385567182113547	0.40512503765083396	321.4365471783386	26.928877118018622	27.02615806451613	3.5846621441693776	54.74836764524484	2.0310603198150607	3.709809821136225	1.5536018243543168	-453.6999438217073	106.56763807907767	6.83599220498475	-18.85976635930625	-0.0410620487496477	0.046095746954520025	3.44713465994075	155.0	31.0	1	0	52317.0	0	0	0	0	0	-1	MPF-6216-20200815-12_50_23	270.64538461538456	393.184	0.31165717675341686	0.5	1681.1796683840796	36.93941323556449	261.9758545319139	0.5457088793033288	0.022567137795588013	-1.0	DARK-6217-20200815-12_50_30	178.62	214.56400000000002	0.5711051965130006	2.2012316649871235	0.31165717675341686	0	6216	300	300	300	9864.05	360.424	-0.00655982	1.53583	1999.9793548387092	1681.1796683840796	0.8405985113379635	0.1911970226759272	0.5	0: Broadleaf	1597513813.3000007	383.6645161290322	400.01735483870965	20.46672903225807	16.4362	500.0544193548387	99.0371806451613	0.19999187096774193	27.61183225806452	27.02615806451613	999.9000000000003	9998.580967741937	0.0	241.48793548387098	1999.9793548387092	0.979997677419355	0.020002212903225805	0.0	270.65490322580644	5.00054	8051.624516129031	18703.43225806452	50.104677419354836	52.72154838709676	50.75187096774192	51.50174193548386	51.479677419354836	1955.077419354838	39.900322580645174	0.0	115.59999990463257	270.64538461538456	0.3247863373155541	53.53094016089481	8051.785384615385	15	1597513847.8	12:50:47	67	-0.345	0.103	400.0	16.0	0.17	0.03	383.59150000000005	0.0707284162377734	0.025747168129073694	1	20.457337037037036	0.10270371640938243	0.014680262590954255	1	2	2	2/2	1.86672	1.86322	1.86882	1.86677	1.87147	1.8639	1.86549	1.86539	5	0	0	0	11111111	oooooooo	off	off	off	off	0.0	100.0	100.0	-0.345	0.103	2	329.231	464.396	21.954	35.5467	30.0009	35.419	35.4086	22.061	56.1488	0	21.9356	400	16.4477	100.373	100.948	
7	1597513939.3	720.7000000476837	20200815 12:52:19	12:52:19		1597513931.3000007	0.009927508714277071	37.028374064937395	383.6841471344597	280.2192006894122	27.805760062248893	38.072442247575395	0.6831946156735763	3.3748314099646537	0.6146394068969421	0.3897341910077137	321.4462576588577	26.872175333853175	27.031316129032255	3.5857480344177897	55.12140913637498	2.0283703027989173	3.679823020816756	1.5573777316188724	-437.8031342996188	80.37753762574275	5.152911213564589	-30.826427801453775	-0.04105823947393087	0.046091470708817	3.446881426442743	156.0	31.0	1	0	52323.0	0	0	0	0	0	-1	MPF-6218-20200815-12_52_20	270.1396923076923	401.834	0.3277331129080856	0.5	1681.2308706445588	37.028374064937395	275.4975133767561	0.5523026921564627	0.022619364614901393	-1.0	DARK-6219-20200815-12_52_28	179.9	221.934	0.5933940166549861	2.233652028904947	0.32773311290808566	0	6218	300	300	300	9862.58	364.456	-0.00655857	1.31845	2000.0403225806456	1681.2308706445588	0.8405984877721225	0.19119697554424514	0.5	0: Broadleaf	1597513931.3000007	383.6841612903227	400.0170967741936	20.44138709677419	16.552038709677415	500.06199999999995	99.02861290322579	0.19999096774193545	27.47308709677419	27.031316129032255	999.9000000000003	9998.518387096776	0.0	244.4152903225806	2000.0403225806456	0.9800004516129032	0.019999612903225807	0.0	270.13745161290325	5.00054	8064.862258064518	18704.01612903226	50.493806451612905	53.22154838709677	51.18512903225804	51.98158064516127	51.87480645161289	1955.140322580645	39.90000000000001	0.0	117.29999995231628	270.1396923076923	0.808478625261199	-5.850940167326471	8064.848461538461	15	1597513971.3	12:52:51	68	-0.379	0.104	400.0	17.0	0.19	0.03	383.71448148148147	0.039986277873136494	0.01672516482866778	1	20.45597962962963	-0.1529079473985046	0.020173987464881728	1	2	2	2/2	1.86661	1.86312	1.86877	1.86676	1.87141	1.86386	1.86546	1.86538	5	0	0	0	11111111	oooooooo	off	off	off	off	0.0	100.0	100.0	-0.379	0.104	2	328.27	463.661	21.3905	35.7836	30.0009	35.6085	35.5924	22.0588	56.134	0	21.0144	400	16.6104	100.337	100.902	
8	1597514070.8	852.2000000476837	20200815 12:54:30	12:54:30		1597514062.8000007	0.009395801057571955	43.080595424084734	480.9274028341377	351.85951073961957	34.91258094373517	47.71909346492635	0.6343552258087669	3.3707225985634843	0.5747292951698529	0.364094777896546	321.439168883283	26.860443713737666	27.032922580645163	3.5860862877639446	55.03862533522826	2.0097063141769342	3.651447146319973	1.5763799735870103	-414.3548266389232	55.96346377863965	3.589782349468547	-33.36241162753204	-0.040994775035712604	0.04602022631712685	3.442661246072081	157.0	31.0	1	0	52239.0	0	0	0	0	0	-1	MPF-6220-20200815-12_54_32	277.2975	424.415	0.34663595773005196	0.5	1681.1937290951962	43.080595424084734	291.3810992073354	0.5735306245066739	0.026219819085221384	-1.0	DARK-6221-20200815-12_54_40	181	243.41500000000002	0.6043896226608878	2.3448342541436467	0.34663595773005196	0	6220	300	300	300	9861.52	382.503	-0.00655764	1.59558	1999.9961290322583	1681.1937290951962	0.8405984915124203	0.19119698302484078	0.5	0: Broadleaf	1597514062.8000007	480.9274193548388	499.9646129032258	20.254425806451607	16.572716129032262	500.0662903225806	99.02301935483871	0.20005087096774196	27.340883870967748	27.032922580645163	999.9000000000003	9983.62741935484	0.0	244.3141290322581	1999.9961290322583	0.9800019999999998	0.01999759999999999	0.0	277.2979032258064	5.00054	8218.269677419356	18703.599999999995	50.91503225806451	53.70529032258062	51.63093548387096	52.429129032258054	52.22948387096773	1955.0961290322577	39.89935483870969	0.0	130.79999995231628	277.2975	-1.2121094252742528	-31.495807320421356	8218.00576923077	15	1597514101.3	12:55:01	69	-0.377	0.105	500.0	17.0	0.33	0.02	480.88937037037033	0.2901132075471453	0.04796151863977312	1	20.263270370370375	-0.09567890222984606	0.01248389524962342	1	2	2	2/2	1.86664	1.8631	1.86877	1.86676	1.8714	1.86386	1.86542	1.86539	5	0	0	0	11111111	oooooooo	off	off	off	off	0.0	100.0	100.0	-0.377	0.105	2	327.358	462.668	21.3972	36.0782	30.0009	35.8499	35.8251	26.3734	56.1018	0	20.9089	500	16.6507	100.29	100.849	
9	1597514196.3	977.7000000476837	20200815 12:56:36	12:56:36		1597514188.3000007	0.00873703947339299	47.35860476025941	579.021498003945	422.598131472357	41.930268779575535	57.450625623615615	0.5715710866343802	3.3727895180775813	0.5227044864547692	0.33073191702367627	321.4381126020441	27.005575990192494	27.141609677419357	3.6090361570208453	54.71903968774811	1.9974202982837361	3.6503204546021473	1.6116158587371092	-385.30344077663085	35.27693585020235	2.2626245963781857	-26.3257677280062	-0.04102669623063333	0.04605606065487563	3.4447841816903635	157.0	31.0	1	0	52301.0	0	0	0	0	0	-1	MPF-6222-20200815-12_56_37	278.53042307692306	429.058	0.35083270076091566	0.5	1681.1904867736587	47.35860476025941	294.9082994841806	0.57809899827063	0.02876450059687377	-1.0	DARK-6223-20200815-12_56_45	181.02	248.03799999999998	0.6068730473680523	2.3702242846094355	0.3508327007609156	0	6222	300	300	300	9860.46	387.413	-0.00655683	1.55502	1999.9925806451613	1681.1904867736587	0.8405983617355907	0.1911967234711814	0.5	0: Broadleaf	1597514188.3000007	579.0215161290322	599.9860645161291	20.131187096774195	16.707129032258063	500.05883870967745	99.02019354838708	0.20000090322580644	27.33561612903226	27.141609677419357	999.9000000000003	9991.686451612904	0.0	246.31358064516124	1999.9925806451613	0.9800039354838708	0.019995922580645163	0.0	278.5878064516129	5.00054	8263.839677419357	18703.577419354835	51.17312903225805	54.027999999999984	51.941193548387076	52.7336129032258	52.50787096774193	1955.1019354838709	39.890645161290344	0.0	125.09999990463257	278.53042307692306	-2.5953162535978627	-37.67076922165931	8263.541923076924	15	1597514224.3	12:57:04	70	-0.323	0.106	600.0	17.0	0.2	0.02	578.9393148148148	0.2612830188680115	0.0452711272855748	1	20.13634814814815	-0.05345317324185159	0.0101010952970591	1	2	2	2/2	1.86664	1.86316	1.86879	1.86676	1.87145	1.86387	1.86543	1.86539	5	0	0	0	11111111	oooooooo	off	off	off	off	0.0	100.0	100.0	-0.323	0.106	2	326.929	461.826	21.4407	36.325	30.0009	36.0771	36.047	30.5391	55.498	0	19.5568	600	16.784	100.25	100.8	
10	1597514316.3	1097.7000000476837	20200815 12:58:36	12:58:36		1597514308.3032262	0.008136429452460427	50.492177429125896	677.6072387928859	494.2729441563442	49.04510647148132	67.23677588537292	0.5172093995758866	3.3766232037498622	0.47688670456904164	0.30141462488689813	321.4383852640216	27.189340830336487	27.308061290322577	3.644431827325055	54.62965436003632	1.9996168567757988	3.6603139452381286	1.6448149705492563	-358.8165388535048	13.512690900982767	0.8666274446144017	-22.9988352438861	-0.04108592621311511	0.046122551499042874	3.448721805604237	158.0	32.0	1	0	52372.0	0	0	0	0	0	-1	MPF-6224-20200815-12_58_37	276.96346153846156	430.784	0.3570711504176999	0.5	1681.1920932252772	50.492177429125896	300.15259740054535	0.5810893626504234	0.03062837235353689	-1.0	DARK-6225-20200815-12_58_45	180.46	250.32399999999998	0.6144857802749175	2.3871439654217	0.3570711504176999	0	6224	300	300	300	9859.52	387.007	-0.00655603	1.31424	1999.994516129032	1681.1920932252772	0.8405983514790862	0.1911967029581725	0.5	0: Broadleaf	1597514308.3032262	677.607258064516	700.0069677419355	20.151990322580644	16.96335806451613	500.05541935483853	99.02677096774192	0.19999645161290322	27.38229032258064	27.308061290322577	999.9000000000003	10005.44677419355	0.0	246.791	1999.994516129032	0.9800057741935484	0.019994354838709677	0.0	277.01441935483876	5.00054	8257.537741935483	18703.606451612908	51.42512903225805	54.29399999999999	52.18506451612901	52.99370967741934	52.749870967741934	1955.1045161290322	39.89000000000002	0.0	119.59999990463257	276.96346153846156	-1.8609914474168217	-27.771965798701725	8257.155769230769	15	1597514342.3	12:59:02	71	-0.37	0.108	700.0	17	0.19	0.03	677.623388888889	0.28442044520081416	0.04511812342871494	1	20.147866666666662	0.022026507600319642	0.006465091446175101	1	2	2	2/2	1.86662	1.86312	1.86875	1.86676	1.87142	1.86386	1.86543	1.86539	5	0	0	0	11111111	oooooooo	off	off	off	off	0.0	100.0	100.0	-0.37	0.108	2	326.485	461.838	21.4438	36.5254	30.0006	36.2779	36.2467	34.5821	54.8172	0	17.9166	700	17.0693	100.216	100.762	
11	1597514441.3	1222.7000000476837	20200815 13:00:41	13:00:41		1597514433.3000007	0.007507118322818057	51.803298813475045	776.9348834076252	567.9084288923165	56.35650650449518	77.09928851686996	0.46344974733659483	3.375582702221083	0.43078095896852014	0.2719811130167471	321.44293308129664	27.377716096817277	27.491970967741942	3.6838918888912024	54.60786195982846	2.0041051211756287	3.6699937504418716	1.6797867677155738	-331.06391803627633	-11.752083860391497	-0.7548070586002715	-22.127875873971437	-0.04106984761784102	0.0461045018672854	3.4476530889578765	158.0	32.0	1	0	52275.0	0	0	0	0	0	-1	MPF-6226-20200815-13_00_42	274.45599999999996	423.398	0.35177775993273486	0.5	1681.2144867736213	51.803298813475045	295.7069330618435	0.5794028313785138	0.031407830011510665	-1.0	DARK-6227-20200815-13_00_50	178.08	245.318	0.6071384896338632	2.377571877807727	0.3517777599327348	0	6226	300	300	300	9858.69	382.763	-0.00655533	2.36874	2000.0209677419352	1681.2144867736213	0.840598430661328	0.19119686132265618	0.5	0: Broadleaf	1597514433.3000007	776.9349032258065	799.9864838709677	20.1955064516129	17.253654838709675	500.05977419354844	99.03519032258065	0.20000964516129036	27.427393548387098	27.491970967741942	999.9000000000003	10000.680967741935	0.0	249.04090322580646	2000.0209677419352	0.9800041612903229	0.01999616774193548	0.0	274.4637096774193	5.00054	8223.507741935484	18703.82903225806	51.6187741935484	54.5	52.41699999999998	53.174999999999976	52.94319354838707	1955.1251612903227	39.89580645161292	0.0	124.29999995231628	274.45599999999996	-1.385162394550177	7.432136792995145	8223.411923076925	15	1597514466.8	13:01:06	72	-0.41	0.112	800.0	17.0	0.27	0.03	776.9541296296296	0.26927844482580837	0.05385750963707091	1	20.192831481481488	-0.01158559176672334	0.004733326450467342	1	2	2	2/2	1.86661	1.86312	1.8688	1.86676	1.8714	1.86386	1.86542	1.86539	5	0	0	0	11111111	oooooooo	off	off	off	off	0.0	100.0	100.0	-0.41	0.112	2	325.967	461.912	21.4648	36.6802	30.0004	36.4497	36.4197	38.5364	54.0407	0	17.9466	800	17.3729	100.189	100.729	
12	1597514558.8	1340.2000000476837	20200815 13:02:38	13:02:38		1597514550.8032262	0.00700991120470002	53.76273712888829	975.8261730142162	737.9431158104572	73.23549653912093	96.84366285886225	0.4260305299939207	3.3760192688119535	0.3982580120448264	0.2512554828471629	321.4379127072864	27.41477439376677	27.588883870967738	3.704835349254128	54.966695539426134	2.0083007307282426	3.6536683004488464	1.6965346185258854	-309.1370841272709	-43.24861184940857	-2.777679951066328	-33.725463220459396	-0.0410765934963344	0.04611207470686563	3.4481014933835596	159.0	32.0	1	0	52356.0	0	0	0	0	0	-1	MPF-6228-20200815-13_02_40	272.6111153846154	412.072	0.33843814822503004	0.5	1681.1842932251134	53.76273712888829	284.48844951205666	0.5630375274223922	0.032573904806018475	-1.0	DARK-6229-20200815-13_02_48	180.06	232.012	0.6010934116139881	2.2885260468732644	0.3384381482250301	0	6228	300	300	300	9858.28	374.45	-0.00655495	1.89923	1999.984516129032	1681.1842932251134	0.8405986544731076	0.19119730894621517	0.5	0: Broadleaf	1597514550.8032262	975.8261935483873	1000.064935483871	20.236248387096776	17.48931290322581	500.0522903225807	99.04275483870967	0.1999848387096774	27.35126451612903	27.588883870967738	999.9000000000003	10001.559677419356	0.0	256.7267419354838	1999.984516129032	0.9799940000000004	0.020006300000000008	0.0	272.65435483870965	5.00054	8248.224193548387	18703.44838709677	51.73964516129031	54.59451612903224	52.54799999999998	53.24183870967741	53.00787096774192	1955.0745161290322	39.91000000000001	0.0	116.70000004768372	272.6111153846154	-2.8912478633071763	-28.465983021518824	8247.955	15	1597514587.8	13:03:07	73	-0.136	0.115	1000.0	18.0	0.2	0.03	975.5171296296297	0.28398874567858323	0.056837665620566614	1	20.23846111111111	-0.04940247390334827	0.006446228201412795	1	2	2	2/2	1.86661	1.86311	1.86877	1.86676	1.87142	1.86386	1.86545	1.86539	5	0	0	0	11111111	oooooooo	off	off	off	off	0.0	100.0	100.0	-0.136	0.115	2	325.675	462.51	21.3733	36.7688	30.0002	36.5659	36.5382	46.1295	53.0032	0	17.9823	1000	17.599	100.173	100.719	
13	1597514688.8	1470.2000000476837	20200815 13:04:48	13:04:48		1597514680.806452	0.0063951752986859635	53.50287250470446	1175.5917214962462	909.3666156429287	90.25018369825354	116.6717218271431	0.3809503380725787	3.3755718038879765	0.3585759865954325	0.2260106511746008	321.44314879479714	27.530680094935246	27.675522580645165	3.723646381956639	54.945724708953826	2.0046998631853987	3.6485092767530967	1.7189465187712405	-282.02723067205096	-63.399056046353294	-4.073671523258605	-28.056809446865728	-0.04106967922049941	0.04610431282651703	3.44764189511694	158.0	32.0	1	0	52355.0	0	0	0	0	0	-1	MPF-6230-20200815-13_04_50	269.9675384615385	400.715	0.3262854186602985	0.5	1681.2116803218878	53.50287250470446	274.2774284852055	0.5653269780267771	0.03241880433180743	-1.0	DARK-6231-20200815-13_04_58	174.18	226.53499999999997	0.5771622995937118	2.3005798599150302	0.3262854186602985	0	6230	300	300	300	9857.76	365.791	-0.00655445	1.8876	2000.0170967741938	1681.2116803218878	0.840598654398253	0.19119730879650626	0.5	0: Broadleaf	1597514680.806452	1175.591741935484	1199.997419354839	20.199483870967743	17.69336451612903	500.0556774193548	99.04512258064517	0.19998070967741935	27.32714516129032	27.675522580645165	999.9000000000003	9999.637096774193	0.0	257.16509677419356	2000.0170967741938	0.9799945161290325	0.02000562903225807	0.0	269.9574193548387	5.00054	8239.938064516129	18703.764516129035	51.874870967741934	54.72764516129032	52.69919354838707	53.34851612903225	53.14887096774192	1955.106451612903	39.91064516129033	0.0	129.09999990463257	269.9675384615385	-1.5672478605569384	84.42256399551113	8240.02076923077	15	1597514713.3	13:05:13	74	-0.062	0.117	1200.0	18.0	0.17	0.03	1175.4861111111113	0.2653884000066386	0.05147515282173462	1	20.2033462962963	-0.05542233878005363	0.0072695384988512015	1	2	2	2/2	1.86661	1.86316	1.8688	1.86675	1.8714	1.86386	1.86539	1.86536	5	0	0	0	11111111	oooooooo	off	off	off	off	0.0	100.0	100.0	-0.062	0.117	2	325.895	462.818	21.3061	36.8274	30.0001	36.6549	36.6312	53.4076	52.7233	0	17.9542	1200	17.6745	100.163	100.707	
14	1597514804.8	1586.2000000476837	20200815 13:06:44	13:06:44		1597514796.83871	0.005976196106319519	54.14598581981928	1574.5613986592034	1272.8319009383233	126.31565702487107	156.25924951363615	0.3484890722463051	3.3768988596583323	0.3296711860496919	0.20765048385453555	321.4416195293557	27.590311452618305	27.74832258064516	3.739517132171766	54.724946960692975	1.9924760828138655	3.6408917568161216	1.7470410493579007	-263.5502482886908	-83.17111547532271	-5.343005711774065	-30.62274994643188	-0.041090186222239346	0.04612733373248212	3.4490049370823255	158.0	32.0	1	0	52299.0	0	0	0	0	0	-1	MPF-6232-20200815-13_06_46	269.1245	391.522	0.31261972507292046	0.5	1681.2038029025366	54.14598581981928	262.7887353274697	0.5544056272699873	0.032801487674850464	-1.0	DARK-6233-20200815-13_06_54	174.46	217.06199999999998	0.5638826694677096	2.244193511406626	0.3126197250729205	0	6232	300	300	300	9857.07	356.563	-0.00655401	1.53604	2000.0077419354836	1681.2038029025366	0.84059864752102	0.19119729504203986	0.5	0: Broadleaf	1597514796.83871	1574.561419354839	1599.9809677419353	20.077377419354836	17.735151612903227	500.0550967741935	99.03986129032258	0.19999664516129032	27.291477419354838	27.74832258064516	999.9000000000003	10005.161612903226	0.0	264.6761612903226	2000.0077419354836	0.9799954838709678	0.02000437096774193	0.0	269.1528709677419	5.00054	8280.320322580645	18703.674193548388	51.993677419354825	54.84429032258062	52.80209677419353	53.41293548387095	53.24761290322579	1955.097741935484	39.91000000000001	0.0	115.40000009536743	269.1245	-2.1203076899494047	-19.398974321901992	8279.943076923078	15	1597514838.9	13:07:18	75	-0.468	0.118	1600.0	18.0	0.39	0.04	1574.9692592592594	-0.037559330823421624	0.07307661762762181	1	20.086262962962966	-0.09283273731719618	0.012081471830502349	1	2	2	2/2	1.86661	1.8631	1.86879	1.86676	1.8714	1.86386	1.8654	1.86538	5	0	0	0	11111111	oooooooo	off	off	off	off	0.0	100.0	100.0	-0.468	0.118	2	326.215	463.887	21.2211	36.824	30.0001	36.6871	36.6686	67.1388	53.4209	0	17.8637	1600	17.7465	100.164	100.71	
15	1597514930.3	1711.7000000476837	20200815 13:08:50	13:08:50		1597514922.3483877	0.005501700044406279	54.64092117791775	1774.28675328322	1435.2595136734083	142.42872695224938	176.07227202527542	0.3126885555292234	3.37674029318728	0.29744693336859696	0.1872118053719966	321.43770677272715	27.789235031241013	27.965393548387098	3.7871905627282185	54.78343026263922	2.005259554385821	3.6603395310814486	1.7819310083423976	-242.6249719583169	-106.13036138704582	-6.828743471530415	-34.14637004416598	-0.04108773570393127	0.046124582811004115	3.448842070380997	158.0	32.0	1	0	52236.0	0	0	0	0	0	-1	MPF-6234-20200815-13_08_51	266.89092307692306	384.607	0.30606847229269607	0.5	1681.183209354146	54.64092117791775	257.27858826557764	0.5475901374649967	0.03309628651317135	-1.0	DARK-6235-20200815-13_08_59	174	210.60700000000003	0.5589371527208352	2.2103850574712647	0.30606847229269607	0	6234	300	300	300	9856.34	352.711	-0.00655341	1.75455	1999.9832258064519	1681.183209354146	0.8405986548593394	0.19119730971867885	0.5	0: Broadleaf	1597514922.3483877	1774.2867741935488	1800.0448387096772	20.207074193548387	18.051109677419355	500.05709677419355	99.03552258064515	0.1999993548387097	27.38240967741935	27.965393548387098	999.9000000000003	10005.003225806451	0.0	262.53929032258065	1999.9832258064519	0.9799967741935484	0.02000302903225806	0.0	266.901193548387	5.00054	8226.88870967742	18703.44516129032	52.231709677419346	55.07419354838707	53.02799999999999	53.63287096774192	53.45538709677417	1955.0732258064518	39.91000000000001	0.0	124.79999995231628	266.89092307692306	-1.7277948687356033	-29.032136736486006	8226.768076923076	15	1597514959.9	13:09:19	76	-0.128	0.124	1800.0	18.0	0.22	0.05	1773.9672222222218	-0.0438931112127702	0.05648391008740529	1	20.202525925925922	-0.017842933586592398	0.0028273259965573535	1	2	2	2/2	1.86662	1.8631	1.86876	1.86676	1.87137	1.86386	1.86539	1.86537	5	0	0	0	11111111	oooooooo	off	off	off	off	0.0	100.0	100.0	-0.128	0.124	2	326.364	464.15	21.288	36.8586	30.0002	36.7318	36.7163	73.6083	51.8313	0	17.9524	1800	18.0509	100.158	100.703	
