[Header]
File opened	2020-08-15 11:52:01
Console s/n	68C-571038
Console ver	Bluestem v.1.3.4
Scripts ver	2018.05  1.3.4, Mar 2018
Head s/n	68H-581038
Head ver	1.4.0
Head cal	{"co2aspan2b": "0.163711", "h2oazero": "1.00263", "flowbzero": "0.22736", "co2azero": "0.869071", "co2bzero": "0.880288", "h2obspan1": "0.998578", "h2oaspanconc2": "0", "co2bspanconc1": "1002", "co2aspanconc2": "0", "tbzero": "0.197721", "h2oaspanconc1": "12.19", "flowazero": "0.42932", "co2aspanconc1": "1002", "h2obzero": "1.01783", "co2bspan1": "0.992131", "oxygen": "21", "chamberpressurezero": "2.59209", "co2aspan1": "0.992625", "tazero": "0.00774765", "ssa_ref": "36614.9", "co2bspan2": "0", "co2aspan2a": "0.164928", "h2oaspan2b": "0.0662632", "co2aspan2": "0", "h2oaspan1": "1.00223", "co2bspan2a": "0.163389", "h2obspanconc2": "0", "h2obspanconc1": "20", "ssb_ref": "36526.8", "h2oaspan2": "0", "h2obspan2": "0", "flowmeterzero": "0.990908", "h2oaspan2a": "0.0661155", "h2obspan2b": "0.0963575", "co2bspanconc2": "0", "co2bspan2b": "0.162103", "h2obspan2a": "0.0975941"}
Chamber type	6800-01A
Chamber s/n	MPF-551037
Chamber rev	0
Chamber cal	0
Fluorometer	MPF-551037
Flr. Version	1.4.0
11:52:01	Stability Definition:	H2O_s (Meas): Slp<0.2	CO2_s (Meas): Slp<0.3
SysConst:AvgTime	4
SysConst:Oxygen	21
SysConst:Chamber	6800-01A 2 cm²
Const:S	2.0
Const:CustomBLC	2.0
LTConst:deltaTw	0
LTConst:fT1	1
LTConst:fT2	0
LTConst:fTeb	0
LQConst:Leaf	standard
LQConst:Ambient	Sun+Sky
LQConst:abs_ambient	0.49
LQConst:abs_redLED	0.84
LQConst:abs_greenLED	0.7
LQConst:abs_blueLED	0.87
LQConst:abs_whiteLED	0.75
LQConst:abs_redFlr	0.84
LQConst:abs_blueFlr	0.87
LQConst:k_ambient	0.39
LQConst:k_redLED	0.18
LQConst:k_greenLED	0.23
LQConst:k_blueLED	0.26
LQConst:k_whiteLED	0.21
LQConst:k_redFlr	0.19
LQConst:k_blueFlr	0.25
QConst:fQ_Amb_in	0.0
QConst:fQ_Amb_out	0.0
QConst:fQ_HeadLS	0.0
QConst:fQ_ConsoleLS	0.0
QConst:fQ_Flr	1.0
LeakConst:fan_a	-6276.0
LeakConst:fan_b	6.6
LeakConst:fan_c	1.709e-05
LeakConst:fan_d	3.11
LeakConst:Fs_meas	3.00186 75.5949 388.782 621.537 849.04 1054.8 1229.05 1393.75
LeakConst:Fs_true	0.276677 99.6915 402.487 601.632 800.517 1001.11 1200.75 1401.88
LeakConst:leak_wt	0.0
[Data]
Sys	Sys	Sys	Sys	Sys	UserDefVar	GasEx	GasEx	GasEx	GasEx	GasEx	GasEx	GasEx	GasEx	GasEx	GasEx	GasEx	GasEx	GasEx	GasEx	GasEx	GasEx	GasEx	GasEx	GasEx	GasEx	GasEx	GasEx	GasEx	GasEx	GasEx	GasEx	Leak	Leak	Leak	Leak	Leak	FLR	FLR	FLR	FLR	FLR	FLR	FLR	FLR	FLR	FLR	FLR	FLR	FLR	FLR	FLR	FLR	FLR	FLR	FLR	FLR	FLR	FLR	FLR	FLR	MPF	MPF	MPF	MPF	MPF	MPF	MPF	MPF	LeafQ	LeafQ	LeafQ	LeafQ	Const	Const	Meas	Meas	Meas	Meas	Meas	Meas	Meas	Meas	Meas	Meas	Meas	Meas	Meas	Meas	FlrLS	FlrLS	FlrLS	FlrLS	FlrLS	FlrLS	FlrLS	FlrLS	FlrLS	FlrLS	FlrLS	FlrLS	FlrLS	FlrLS	FlrLS	FlrLS	FlrLS	FlrStats	FlrStats	FlrStats	FlrStats	FlrStats	Match	Match	Match	Match	Match	Match	Match	Match	Match	Stability	Stability	Stability	Stability	Stability	Stability	Stability	Stability	Stability	Stability	Stability	Auxiliary	Auxiliary	Auxiliary	Auxiliary	Auxiliary	Auxiliary	Auxiliary	Auxiliary	Auxiliary	Auxiliary	Auxiliary	Auxiliary	Auxiliary	Auxiliary	Auxiliary	Auxiliary	Auxiliary	Auxiliary	Auxiliary	Status	Status	Status	Status	Status	Status	Status	Status	Status	Status	Status	Status	Status	Status	Status	Status	Status	Status	Status	Status	
obs	time	elapsed	date	hhmmss	plant	TIME	E	A	Ca	Ci	Pci	Pca	gsw	gbw	gtw	gtc	Rabs	TleafEB	TleafCnd	SVPleaf	RHcham	VPcham	SVPcham	VPDleaf	LatHFlux	SenHFlux	NetTherm	EBSum	blfa_1	blfa_2	blfa_3	Leak	LeakPct	CorrFact	CorrFactPct	Fan	DarkAdaptedID	Fo	Fm	Fv	Fv/Fm	Adark	LightAdaptedID	Fs	Fm'	PhiPS2	PS2/1	Qabs_fs	Afs	ETR	Fv'/Fm'	PhiCO2	NPQ	DarkPulseID	Fo'	Fv'	qP	qN	qP_Fo	qN_Fo	ID	P1_dur	P2_dur	P3_dur	P1_Qmax	P1_Fmax	P2_dQdt	P3_ΔF	Qin	Qabs	alpha	convert	K	Geometry	TIME	CO2_s	CO2_r	H2O_s	H2O_r	Flow	Pa	ΔPcham	Tair	Tleaf	Tleaf2	Fan_speed	Qamb_in	Qamb_out	Q	f_red	f_blue	f_farred	F	Q_modavg	F_dc	Pc	Tled	TDigital	TPreamp	TPwrSpy	TDrive	Q_red	Q_blue	Q_farred	TSPF	F_avg	dF/dt	dF_dc/dt	F_dc_avg	period	time	hhmmss	count	co2_adj	h2o_adj	co2_at	h2o_at	co2_cv	h2o_cv	CO2_s:MN	CO2_s:SLP	CO2_s:SD	CO2_s:OK	H2O_s:MN	H2O_s:SLP	H2O_s:SD	H2O_s:OK	Stable	Total	State	ADC_CH1	ADC_CH2	ADC_CH3	ADC_CH4	ADC_CH5	ADC_CH6	ADC_CH7	ADC_CH8	DAC_1	DAC_2	DAC_3	DAC_4	GPIO	GPIO_dir	excit_5v	power_12v	power_5v	ch1_pullup	AuxPower	MatchValveR	MatchValveS	MatchCO2	MatchH2O	DIAG	Flow_s	Flow_r	Txchg	Tirga	Tchopper	Ts	Tr	CO2_%	Desiccant_%	Humidifier_%	Txchg_sp	CO2_r_sp	H2O_r_sp	SS_s	SS_r	
	s	s				s	mol m⁻² s⁻¹	µmol m⁻² s⁻¹	µmol mol⁻¹	µmol mol⁻¹	Pa	Pa	mol m⁻² s⁻¹	mol m⁻² s⁻¹	mol m⁻² s⁻¹	mol m⁻² s⁻¹	W m⁻²	°C	°C	kPa	%	kPa	kPa	kPa	W m⁻²	W m⁻²	W m⁻²	W m⁻²				µmol s⁻¹	%		%	µmol s⁻¹						µmol m⁻² s⁻¹						µmol m⁻² s⁻¹	µmol m⁻² s⁻¹	µmol m⁻² s⁻¹		µmol µmol⁻¹										ms	ms	ms	µmol m⁻² s⁻¹		mol m⁻² s⁻²		µmol m⁻² s⁻¹	µmol m⁻² s⁻¹		J/µmol			s	µmol mol⁻¹	µmol mol⁻¹	mmol mol⁻¹	mmol mol⁻¹	µmol s⁻¹	kPa	kPa	°C	°C	°C	rpm	µmol m⁻² s⁻¹	µmol m⁻² s⁻¹	µmol m⁻² s⁻¹					µmol m⁻² s⁻¹			°C	°C	°C	°C	°C	µmol m⁻² s⁻¹	µmol m⁻² s⁻¹	µmol m⁻² s⁻¹	s		min⁻¹	min⁻¹		s	secs			µmol/mol	mmol/mol	µmol/mol	mmol/mol	%	%	µmol mol⁻¹	µmol mol⁻¹ min⁻¹	µmol mol⁻¹		mmol mol⁻¹	mmol mol⁻¹ min⁻¹	mmol mol⁻¹					V	V	V	V	V	V	V	V	V	V	V	V							V	%	%	µmol/mol	mmol/mol		µmol s⁻¹	µmol s⁻¹	°C	°C	°C	°C	°C	%	%	%	°C	µmol mol⁻¹	mmol mol⁻¹	%	%	
1	1597510739.0	0	20200815 11:58:59	11:58:59		1597510730.9419358	0.011603850593263052	39.38009669075033	382.4437590832092	291.7153428364448	28.957607217748976	37.9639138988318	0.8545872370369164	3.3753981850885144	0.7501422651496047	0.47715499982262954	321.4409033603004	27.27065052156132	27.112490322580637	3.6028749103305118	54.82902385495696	2.1115299051011753	3.851117084788802	1.4913450052293364	-511.7298111629006	207.49961452411281	13.357649593062748	30.568356314575396	-0.04106699655454323	0.04610130129896677	3.447463568708754	156.0	31.0	1	0	52140.0	0	0	0	0	0	-1	MPF-6176-20200815-11_59_00	318.41596153846154	481.691	0.338962194563607	0.5	1681.2026899993916	39.38009669075033	284.9320766542166	0.5919790903296926	0.0240185772548133	-1.0	DARK-6177-20200815-11_59_08	196.54	285.15099999999995	0.5725914987551805	2.4508547878294493	0.33896219456360704	0	6176	300	300	300	9869.75	438.771	-0.00656435	2.34805	2000.0067741935484	1681.2026899993916	0.8405984978112355	0.19119699562247114	0.5	0: Broadleaf	1597510730.9419358	382.44377419354834	399.9687419354839	21.27129032258064	16.729051612903227	500.0627419354838	99.06663870967742	0.2000194516129033	28.252758064516126	27.112490322580637	999.9000000000003	9996.812258064516	0.0	189.4515806451613	2000.0067741935484	0.9800011290322584	0.019999032258064518	0.0	318.49464516129035	5.00054	8739.690322580645	18703.687096774192	48.65699999999998	50.73983870967741	49.195129032258045	49.69932258064515	50.26599999999999	1955.1067741935478	39.90000000000001	0.0	469.7999999523163	318.41596153846154	-9.402222234022387	-355.1111114607494	8737.245384615384	15	1597510773.0	11:59:33	47	-0.387	0.107	400.0	17.0	0.29	0.02	382.6198518518518	-0.004182559192718549	0.019865666834839465	1	21.267590740740744	0.11860253814384739	0.016614432241595315	1	2	2	2/2	1.86666	1.86324	1.8689	1.86676	1.87149	1.86394	1.86553	1.86539	5	0	0	0	11111111	oooooooo	off	off	off	off	0.0	100.0	100.0	-0.387	0.107	2	328.522	472.105	23.0984	35.5269	30.0006	35.4661	35.458	22.0449	52.1722	0	23.0092	400	16.7027	100.393	100.933	
2	1597510895.0	156.0	20200815 12:01:35	12:01:35		1597510887.0	0.011189778988181515	29.218392913425305	287.02298881443403	216.15784197791962	21.458089368006426	28.492905407898956	0.8045548259983947	3.3766044711379686	0.7112989251969764	0.4520365156535238	321.44202075661394	26.80826861750428	26.951625806451606	3.56900341396567	55.02870141347579	2.0515426319953134	3.728132009840447	1.5174607819703567	-493.4692533788048	135.5284079346297	8.690236599965955	-27.80858808759521	-0.041085636723430095	0.046122226521510754	3.448702564988668	155.0	31.0	1	0	52238.0	0	0	0	0	0	-1	MPF-6178-20200815-12_01_36	284.1574615384615	412.359	0.31089787893931853	0.5	1681.208399676807	29.218392913425305	261.3420627572427	0.5400124648667787	0.017974210049887	-1.0	DARK-6179-20200815-12_01_44	189.68	222.67899999999997	0.5757235233746266	2.1739719527625474	0.3108978789393186	0	6178	300	300	300	9870.85	378.876	-0.00656521	1.57016	2000.0135483870965	1681.208399676807	0.8405985054614311	0.1911970109228621	0.5	0: Broadleaf	1597510887.0	287.02299999999997	299.9935806451613	20.666193548387103	16.283277419354842	500.0565161290322	99.07047096774193	0.19999348387096771	27.69612580645161	26.951625806451606	999.9000000000003	10000.962903225805	0.0	180.12503225806455	2000.0135483870965	0.9799989677419354	0.020000961290322576	0.0	284.19609677419356	5.00054	7933.108387096775	18703.751612903226	48.30419354838709	50.34248387096773	48.80399999999998	49.346483870967724	49.890935483870955	1955.112903225806	39.900645161290335	0.0	155.59999990463257	284.1574615384615	-4.872136746397695	-319.1989738258104	7930.952692307693	15	1597510923.0	12:02:03	48	-0.36	0.103	300.0	16.0	0.12	0.02	286.9941851851852	-0.013722126929599324	0.016767554730261376	1	20.690594444444443	-0.20560274442538506	0.02792806511356731	0	1	2	1/2	1.86676	1.86325	1.8689	1.86679	1.8715	1.864	1.86554	1.86548	5	0	0	0	11111111	oooooooo	off	off	off	off	0.0	100.0	100.0	-0.36	0.103	2	329.156	471.418	23.1353	35.49	29.9997	35.4563	35.4547	17.5595	53.8949	0	23.1586	300	16.3614	100.399	100.943	
3	1597511014.5	275.5	20200815 12:03:34	12:03:34		1597511006.5	0.010283013160065732	18.216654572192393	191.9197994634775	143.24110214504913	14.21923333978193	19.051461977246888	0.7215828644067471	3.3733701056859564	0.6455356787326264	0.4096224355131564	321.44042212537795	26.911277039642272	27.03702580645161	3.586950386597571	55.33387746217541	2.0505720365722993	3.705816636424963	1.536378350025272	-453.4808803588988	101.18741120541256	6.493907515481518	-24.35913951262677	-0.041035664308631856	0.046066128108075755	3.4453805067043324	154.0	31.0	1	0	52193.0	0	0	0	0	0	-1	MPF-6180-20200815-12_03_36	270.6646923076923	369.187	0.26686288437108485	0.5	1681.1990243813543	18.216654572192393	224.32481042413102	0.4832970825083224	0.011430326983007687	-1.0	DARK-6181-20200815-12_03_43	190.76	178.42700000000002	0.5521715194018153	1.9353480813587756	0.2668628843710849	0	6180	300	300	300	9871.7	344.59	-0.00656589	2.75302	2000.002258064516	1681.1990243813543	0.8405985631277834	0.19119712625556703	0.5	0: Broadleaf	1597511006.5	191.91980645161297	199.9948709677419	20.656964516129026	16.62922580645161	500.0620967741936	99.06778387096776	0.2000458709677419	27.593412903225808	27.03702580645161	999.9000000000003	9989.069677419357	0.0	183.0745806451613	2000.002258064516	0.9799973548387095	0.020002638709677417	0.0	270.7029677419355	5.00054	7697.327419354839	18703.654838709674	48.03599999999999	50.11070967741935	48.578387096774186	49.096612903225804	49.66919354838709	1955.0945161290326	39.90419354838711	0.0	119.09999990463257	270.6646923076923	-4.259418806664976	-108.96478626201935	7695.690769230769	15	1597511045.5	12:04:05	49	-0.364	0.11	200.0	17.0	0.76	0.02	191.8995925925926	0.22983647798742876	0.03157912960503624	1	20.660007407407416	-0.09741703830760774	0.012809485083065507	1	2	2	2/2	1.86669	1.86315	1.86889	1.86676	1.87149	1.86391	1.86551	1.86539	5	0	0	0	11111111	oooooooo	off	off	off	off	0.0	100.0	100.0	-0.364	0.11	2	330.534	471.162	21.8881	35.416	29.9999	35.4142	35.4172	12.9123	52.9262	0	21.8752	200	16.5181	100.41	100.958	
4	1597511137.0	398.0	20200815 12:05:37	12:05:37		1597511129.0	0.010119833191599904	6.758229280889375	96.90892645188794	77.68998795284944	7.711853684057876	9.619610984232043	0.6983273451992786	3.3756722582680494	0.6268870429156332	0.3976122420016521	321.44048688927893	26.69565922163626	26.949761290322584	3.5686124583463172	55.082085310047226	2.0112248167929696	3.6513229400668914	1.5573876415533476	-446.28464374955576	71.07443111557015	4.550488155675631	-49.21923758903105	-0.04107123141666281	0.046106055302690296	3.4477450733293202	155.0	31.0	1	0	52392.0	0	0	0	0	0	-1	MPF-6182-20200815-12_05_38	267.6688846153846	344.518	0.2230627003077208	0.5	1681.1978416122129	6.758229280889375	187.50626515076604	0.4272577920456986	0.004614703331673024	-1.0	DARK-6183-20200815-12_05_46	197.32	147.19799999999998	0.5220798882091833	1.7459862152848165	0.2230627003077208	0	6182	300	300	300	9872.55	325.485	-0.00656643	1.97614	2000.00064516129	1681.1978416122129	0.8405986496452518	0.1911972992905036	0.5	0: Broadleaf	1597511129.0	96.90892903225806	100.0041258064516	20.26128064516129	16.295845161290323	500.06070967741937	99.06444516129032	0.20000174193548387	27.34030322580645	26.949761290322584	999.9000000000003	9998.064516129032	0.0	185.27238709677414	2000.00064516129	0.979996064516129	0.020004316129032265	0.0	267.68290322580646	5.00054	7666.927741935484	18703.606451612904	47.89487096774192	49.93299999999997	48.40096774193548	48.913032258064504	49.48164516129031	1955.0906451612902	39.91000000000001	0.0	122.0	267.6688846153846	-1.7979145283483802	136.82529897017554	7668.303076923077	15	1597511163.5	12:06:03	50	-0.354	0.104	100.0	16.0	0.63	0.02	96.88985370370372	0.0790883933676795	0.013351261737614367	1	20.26947592592592	-0.020011892510006922	0.004336363691918627	1	2	2	2/2	1.86676	1.86325	1.8689	1.86681	1.87149	1.86399	1.86554	1.86546	5	0	0	0	11111111	oooooooo	off	off	off	off	0.0	100.0	100.0	-0.354	0.104	2	329.832	470.824	22.6679	35.3679	29.9996	35.3782	35.3837	8.07328	54.3156	0	22.6855	100	16.2989	100.419	100.973	
5	1597511258.5	519.5	20200815 12:07:38	12:07:38		1597511250.5	0.009640565580639358	0.9675237483677571	49.42189317793585	45.65975542263564	4.532234407296027	4.905668080379307	0.6625992897889309	3.377208778170801	0.5979467275404533	0.3789983981271129	321.4420676383604	26.847110499523684	27.00225806451613	3.5796343945627798	55.30776413477055	2.0244469824142843	3.660330541443036	1.5551874121484954	-425.1489421061957	69.20735946235405	4.431027576115884	-30.068487429365376	-0.04109497591418071	0.04613271058128637	3.449323260664951	154.0	31.0	1	0	52213.0	0	0	0	0	0	-1	MPF-6184-20200815-12_07_40	266.6755769230769	331.823	0.1963318488378536	0.5	1681.2059899993062	0.9675237483677571	165.0371401469189	0.40450179764513006	0.0011703049834890066	-1.0	DARK-6185-20200815-12_07_47	197.6	134.22299999999998	0.4853670613599985	1.6792661943319838	0.19633184883785357	0	6184	300	300	300	9873.48	315.629	-0.00656704	1.62241	2000.0103225806454	1681.2059899993062	0.8405986564259424	0.19119731285188502	0.5	0: Broadleaf	1597511250.5	49.421893548387104	49.99942580645162	20.395183870967745	16.617993548387094	500.0512903225806	99.06102903225806	0.2000021612903226	27.38236774193548	27.00225806451613	999.9000000000003	10004.189677419356	0.0	194.31980645161286	2000.0103225806454	0.9799936774193548	0.020006412903225808	0.0	266.68806451612903	5.00054	7731.010322580642	18703.683870967743	47.66299999999998	49.74187096774194	48.199258064516115	48.721483870967724	49.300193548387085	1955.0996774193545	39.91064516129033	0.0	120.69999980926514	266.6755769230769	-1.5340512874739316	-7.427008292894612	7730.321538461539	15	1597511286.5	12:08:06	51	-0.364	0.107	50.0	16.0	0.7	0.02	49.44102962962962	-0.08836317895939129	0.015979311040977183	1	20.37216296296296	0.1909461406518	0.02604817684880808	1	2	2	2/2	1.86675	1.86325	1.8689	1.86679	1.87149	1.86399	1.86554	1.86541	5	0	0	0	11111111	oooooooo	off	off	off	off	0.0	100.0	100.0	-0.364	0.107	2	330.172	470.779	22.3673	35.2735	29.9996	35.3128	35.3198	5.63305	53.8967	0	22.3768	50	16.4511	100.432	100.995	
6	1597511389.0	650.0	20200815 12:09:49	12:09:49		1597511381.0	0.009593583649581506	36.83438503928882	383.82117945704437	276.75454549555644	27.469804442528687	38.09690901989179	0.6523945814336529	3.3751440280862903	0.5895828298791717	0.3736274112323907	321.4384367476616	27.017805478634404	27.04371612903226	3.5883596922317214	54.6409471122321	2.018889323373375	3.694828567350034	1.5694703688583465	-423.0770389465444	90.78433437123236	5.821923663198761	-5.032344164451629	-0.04106306956602018	0.04609689291032656	3.447202520529718	154.0	31.0	1	0	52296.0	0	0	0	0	0	-1	MPF-6186-20200815-12_09_50	269.2561153846154	395.469	0.31914735318162635	0.5	1681.1923641930189	36.83438503928882	268.2740466106814	0.5455522430329558	0.022504494931756082	-1.0	DARK-6187-20200815-12_09_58	179.72	215.749	0.5849987004129086	2.200472957934565	0.3191473531816264	0	6186	300	300	300	9874.3	360	-0.006568	1.36206	1999.994838709677	1681.1923641930189	0.8405983513825777	0.19119670276515546	0.5	0: Broadleaf	1597511381.0	383.821193548387	400.02622580645175	20.340035483870967	16.581029032258062	500.04967741935485	99.05692903225805	0.1999933548387097	27.542638709677423	27.04371612903226	999.9000000000003	9996.836129032257	0.0	197.28858064516123	1999.994838709677	0.9800070000000001	0.019993099999999996	0.0	269.25161290322586	5.00054	7767.993870967741	18703.619354838705	47.433129032258044	49.55199999999998	47.941064516129	48.49993548387097	49.07012903225804	1955.104838709677	39.89000000000002	0.0	129.89999985694885	269.2561153846154	0.8122735015086076	-82.70598288312225	7767.072692307693	15	1597511419.5	12:10:19	52	-0.312	0.11	400.0	17.0	0.14	0.02	383.73840740740746	0.2767935963407986	0.04409691285008589	1	20.323150000000002	0.13308038879359552	0.018566374922902324	1	2	2	2/2	1.86676	1.86325	1.8689	1.86678	1.87149	1.86398	1.86554	1.86544	5	0	0	0	11111111	oooooooo	off	off	off	off	0.0	100.0	100.0	-0.312	0.11	2	330.884	471.831	22.9897	35.1207	30	35.1992	35.2127	22.0341	53.456	0	22.9495	400	16.6627	100.457	101.025	
7	1597511511.0	772.0	20200815 12:11:51	12:11:51		1597511503.0	0.009013994691224249	36.92564231445909	383.8783730686874	270.9099540129226	26.888563330138087	38.10099183301109	0.6132663080704212	3.376495763898076	0.5574384205528321	0.35299043661812474	321.4401779874399	26.90005490581511	27.00131935483871	3.5794370475746984	55.469779190194004	2.019751925231106	3.6411753475812634	1.5596851223435926	-397.5171658829894	53.06045712902841	3.3963964788925156	-19.62013428762856	-0.041083956799707465	0.046120340659962705	3.4485909097769807	153.0	31.0	1	0	52633.0	0	0	0	0	0	-1	MPF-6188-20200815-12_11_52	269.2221153846154	401.701	0.32979475932443436	0.5	1681.196215805761	36.92564231445909	277.2248506844054	0.5511089093629342	0.02255872453072478	-1.0	DARK-6189-20200815-12_12_00	180.32	221.38100000000003	0.5984203008179773	2.2277118456078084	0.3297947593244344	0	6188	300	300	300	9874.31	364.316	-0.00656804	1.07913	1999.9987096774194	1681.196215805761	0.8405986502245903	0.1911973004491808	0.5	0: Broadleaf	1597511503.0	383.87838709677413	400.03083870967737	20.349577419354844	16.817770967741932	500.05932258064524	99.05280967741935	0.19996022580645162	27.292806451612908	27.00131935483871	999.9000000000003	10002.337096774192	0.0	187.10225806451612	1999.9987096774194	0.9799930000000001	0.020007	0.0	269.2344838709677	5.00054	7652.020322580645	18703.577419354835	47.435064516129	49.533999999999985	47.93706451612901	48.527935483870955	49.05399999999997	1955.088709677419	39.91000000000001	0.0	121.19999980926514	269.2221153846154	-0.05774359836635742	-76.26974347411297	7651.964230769231	15	1597511538.5	12:12:18	53	-0.309	0.11	400.0	17.0	0.25	0.02	383.86899999999997	0.07885648942266384	0.022854612955230523	1	20.362394444444448	-0.15085969125214932	0.021636589522677663	1	2	2	2/2	1.86676	1.86326	1.8689	1.86689	1.87151	1.86401	1.86554	1.86552	5	0	0	0	11111111	oooooooo	off	off	off	off	0.0	100.0	100.0	-0.309	0.11	2	331.618	471.596	22.074	35.0542	29.996	35.1261	35.1408	22.0302	53.4458	0	22.4669	400	16.6466	100.468	101.038	
8	1597511645.0	906.0	20200815 12:14:05	12:14:05		1597511637.0	0.008264882204123178	43.232622369185016	481.14227379408834	333.71179310152684	33.12254272056177	47.7557456699303	0.544303349058062	3.3750098481859534	0.49982045736283465	0.3160808985258749	321.4412168642262	26.84714271302715	26.982516129032255	3.5754860042465877	55.099789339774205	1.980169274847938	3.5937873784547074	1.5953167293986497	-364.48130520183213	15.819979094523585	1.0118559843845802	-26.208253258697784	-0.041060996401082024	0.04609456560106425	3.447064702588153	153.0	31.0	1	0	52331.0	0	0	0	0	0	-1	MPF-6190-20200815-12_14_06	278.952	426.558	0.3460396944846891	0.5	1681.2069964510865	43.232622369185016	290.88217770872785	0.5722973194735534	0.026310039431525725	-1.0	DARK-6191-20200815-12_14_14	182.44	244.118	0.6046502101442744	2.3380727910545933	0.3460396944846891	0	6190	300	300	300	9874.96	387.282	-0.00656855	1.59033	2000.0122580645161	1681.2069964510865	0.8405983461711635	0.19119669234232708	0.5	0: Broadleaf	1597511637.0	481.1422903225806	500.02370967741945	19.950335483870973	16.710725806451613	500.059935483871	99.05495483870966	0.19998132258064516	27.069461290322586	26.982516129032255	999.9000000000003	9996.53064516129	0.0	171.6728064516129	2000.0122580645161	0.9800061290322581	0.019993854838709677	0.0	278.9642580645161	5.00054	7701.113548387097	18703.787096774195	47.37874193548386	49.421064516129015	47.886999999999986	48.449354838709674	48.99561290322579	1955.1222580645162	39.89000000000002	0.0	133.39999985694885	278.952	-1.3805811975763567	-122.76512842651736	7700.779230769231	15	1597511672.0	12:14:32	54	-0.338	0.11	500.0	17.0	0.09	0.03	481.1412407407406	0.285305889079526	0.044431776744084564	1	19.96434814814815	-0.12978204688393222	0.01721480565117376	1	2	2	2/2	1.86673	1.86325	1.8689	1.86681	1.87149	1.86397	1.86554	1.86545	5	0	0	0	11111111	oooooooo	off	off	off	off	0.0	100.0	100.0	-0.338	0.11	2	331.458	470.998	22.3297	35.0382	30.0001	35.0843	35.0946	26.3178	53.7378	0	22.3463	500	16.7666	100.468	101.039	
9	1597511793.5	1054.5	20200815 12:16:33	12:16:33		1597511785.5129032	0.007418323221616777	46.769443540818926	579.6103369609613	399.49673795592054	39.652057076585415	57.52923611078596	0.47771676952406567	3.375344656190239	0.44308393317227623	0.2798295641994303	321.43771597670064	26.658857975633925	26.90821612903226	3.559910874189045	55.32493887981216	1.9442121521146885	3.514169543572914	1.6156987220743566	-327.1480540732999	-40.0079196185818	-2.552857372068992	-48.271115087250045	-0.04106616946672474	0.04610037282043364	3.4474085884162706	153.0	31.0	1	0	52333.0	0	0	0	0	0	-1	MPF-6192-20200815-12_16_35	282.40015384615384	439.068	0.3568190944314916	0.5	1681.188570644632	46.769443540818926	299.94009167299566	0.5801105979028305	0.028414090111558574	-1.0	DARK-6193-20200815-12_16_42	184.36	254.70799999999997	0.6150880465232587	2.3815795183336945	0.35681909443149157	0	6192	300	300	300	9875.88	396.904	-0.00656939	1.91913	1999.9903225806459	1681.188570644632	0.8405983527336999	0.19119670546739986	0.5	0: Broadleaf	1597511785.5129032	579.6103548387098	600.0356129032258	19.588048387096773	16.679187096774193	500.05909677419356	99.05501612903225	0.20000477419354837	26.68835806451613	26.90821612903226	999.9000000000003	9997.783870967742	0.0	155.9563548387097	1999.9903225806459	0.9800040967741939	0.01999561612903225	0.0	282.3999032258065	5.00054	7597.864193548387	18703.574193548386	47.17516129032258	49.20732258064515	47.69329032258063	48.22751612903224	48.802193548387095	1955.1003225806444	39.89000000000002	0.0	147.79999995231628	282.40015384615384	-2.8317948851301478	-146.6023933173641	7596.998461538462	15	1597511820.0	12:17:00	55	-0.233	0.108	600.0	17.0	0.13	0.03	579.4301481481482	0.8460112055605175	0.11264963832648756	0	19.666633333333333	-0.8019199596008724	0.1043486942898664	0	0	2	0/2	1.86675	1.86325	1.8689	1.8668	1.87149	1.86398	1.86554	1.86545	5	0	0	0	11111111	oooooooo	off	off	off	off	0.0	100.0	100.0	-0.233	0.108	2	331.958	470.698	22.0784	34.9593	29.9998	35.0022	35.0116	30.472	54.0298	0	22.1481	600	16.6927	100.484	101.059	
10	1597511941.6	1202.5999999046326	20200815 12:19:01	12:19:01		1597511933.5548384	0.005888000453473586	49.495373439715785	678.622755314006	436.09468309842237	43.281849028028766	67.35245528287426	0.3660591629497261	3.3775817537340775	0.34536037035028494	0.2176123421466682	321.4410578112204	26.974759741161986	27.010887096774194	3.5814489398683844	55.20861168015811	1.9364076432859363	3.5074376702391854	1.6450412965824481	-259.66081999818516	-64.66034838969432	-4.124613821591329	-7.004724398250403	-0.041100740393441186	0.04613918171425237	3.449706351879337	152.0	30.0	1	0	52397.0	0	0	0	0	0	-1	MPF-6194-20200815-12_19_03	282.4964615384615	446.953	0.3679504074512051	0.5	1681.2035029026179	49.495373439715785	309.2997569507058	0.5853255263976301	0.030035253526735414	-1.0	DARK-6195-20200815-12_19_10	185.34	261.61299999999994	0.6286252535674393	2.411530160785583	0.3679504074512051	0	6194	300	300	300	9876.98	400.66	-0.00657024	1.46048	2000.0077419354843	1681.2035029026179	0.840598497521641	0.19119699504328214	0.5	0: Broadleaf	1597511933.5548384	678.6227741935483	700.0166129032259	19.510651612903224	17.201683870967738	500.06083870967745	99.04873870967741	0.20000406451612904	26.65579032258064	27.010887096774194	999.9000000000003	10006.834516129033	0.0	158.8093225806452	2000.0077419354843	0.9800025161290321	0.019997629032258067	0.0	282.45190322580646	5.00054	7620.730322580644	18703.71612903226	46.92699999999997	48.88699999999999	47.40699999999999	47.927064516129	48.54199999999998	1955.107741935484	39.90000000000001	0.0	147.59999990463257	282.4964615384615	-1.150017081447677	-176.0882048784148	7618.547692307693	15	1597511970.0	12:19:30	56	-0.144	0.119	700.0	17.0	0.29	0.04	678.4532037037037	0.7156381391395196	0.09784140220929721	0	19.50013703703704	-0.003838294199686774	0.0029196839184770546	1	1	2	1/2	1.86668	1.86321	1.86886	1.86676	1.87148	1.8639	1.86549	1.86539	5	0	0	0	11111111	oooooooo	off	off	off	off	0.0	100.0	100.0	-0.144	0.119	2	332.999	471.548	21.2673	34.8011	29.9994	34.8787	34.8905	34.5125	51.6571	0	21.2767	700	17.262	100.509	101.093	
11	1597512091.6	1352.5999999046326	20200815 12:21:31	12:21:31		1597512083.5580645	0.005133615226588883	51.153779367472325	777.9193030785028	484.3384116640345	48.067808114482546	77.20402695392113	0.3093211153787674	3.375678161146204	0.29439314007747774	0.18527688167150402	321.43997665478105	26.964270384790456	27.03156129032258	3.585799653609489	54.84406393125801	1.9030394532270332	3.4699096252464403	1.6827602003824558	-226.39243149256976	-101.61064255054062	-6.480040707781311	-13.043138096110638	-0.041071322627113986	0.04610615769441221	3.4477511362658357	151.0	30.0	1	0	52459.0	0	0	0	0	0	-1	MPF-6196-20200815-12_21_33	281.3376153846154	444.482	0.3670438501792752	0.5	1681.1978125800358	51.153779367472325	308.5366590211759	0.5957991549714049	0.031021798254326167	-1.0	DARK-6197-20200815-12_21_40	179.66	264.822	0.6160529888581184	2.4740175887788047	0.36704385017927527	0	6196	300	300	300	9877.41	399.864	-0.00657064	1.96494	2000.0009677419355	1681.1978125800358	0.8405984995488085	0.19119699909761714	0.5	0: Broadleaf	1597512083.5580645	777.9193225806451	799.9757096774192	19.175309677419357	17.161470967741934	500.0575806451613	99.04426129032257	0.2000004838709677	26.47322903225806	27.03156129032258	999.9000000000003	10000.124193548387	0.0	175.25348387096776	2000.0009677419355	0.9800020645161288	0.019998216129032263	0.0	281.32629032258063	5.00054	7751.024838709678	18703.635483870963	46.84654838709676	48.806096774193534	47.316064516129	47.79606451612902	48.40709677419353	1955.100967741935	39.90000000000001	0.0	149.59999990463257	281.3376153846154	-1.0642051154070533	12.491623891828267	7751.103076923076	15	1597512127.1	12:22:07	57	-0.292	0.12	800.0	17.0	0.19	0.05	778.0330555555554	0.38575362789196843	0.055456161086654854	0	19.17820925925926	-0.024605241624997127	0.008023351763781456	1	1	2	1/2	1.86666	1.8632	1.86883	1.86676	1.87149	1.86393	1.86551	1.8654	5	0	0	0	11111111	oooooooo	off	off	off	off	0.0	100.0	100.0	-0.292	0.12	2	333.644	471.664	21.2464	34.6946	30.0001	34.7751	34.7897	38.4549	51.9443	0	21.2195	800	17.3178	100.523	101.109	
12	1597512220.6	1481.5999999046326	20200815 12:23:40	12:23:40		1597512212.5999994	0.004954828306450322	54.23106292718983	976.3343987073465	651.9362660939399	64.70066241507219	96.89518074130915	0.299466863026527	3.3745418990134906	0.28544724300189517	0.17960943007919752	321.4394103347412	26.837906457417915	26.9865935483871	3.576342451933656	55.33448627236686	1.9011954700950768	3.4358238382064874	1.6751469818385794	-218.5079283144592	-123.83507456358254	-7.891638233393514	-28.79523077669407	-0.04105376657637009	0.04608644948945768	3.4465840663400553	151.0	30.0	1	0	52552.0	0	0	0	0	0	-1	MPF-6198-20200815-12_23_42	280.48342307692303	436.611	0.35758965514629026	0.5	1681.1948319348733	54.23106292718983	300.5889400926584	0.5837026552239866	0.03285226785025556	-1.0	DARK-6199-20200815-12_23_50	181.76	254.851	0.6126229715523068	2.402129181338028	0.3575896551462903	0	6198	300	300	300	9877.52	395.612	-0.0065706	1.83145	1999.997419354838	1681.1948319348733	0.8405985006106635	0.19119700122132735	0.5	0: Broadleaf	1597512212.5999994	976.3344193548387	999.9590967741934	19.15680967741935	17.213074193548387	500.05874193548385	99.04384193548385	0.20000409677419356	26.305912903225803	26.9865935483871	999.9000000000003	9995.891935483869	0.0	179.9199677419355	1999.997419354838	0.9800017096774193	0.019998541935483876	0.0	280.4913548387097	5.00054	7780.357741935485	18703.606451612904	46.87287096774193	48.854677419354836	47.334354838709665	47.88293548387096	48.42506451612901	1955.0974193548393	39.90000000000001	0.0	128.59999990463257	280.48342307692303	-4.605230758903128	-53.925469437286104	7781.222307692307	15	1597512250.6	12:24:10	58	0.08	0.118	1000.0	17.0	0.13	0.05	975.9401296296296	0.2960823327618727	0.05094661196029538	1	19.178274074074075	-0.1849349342481676	0.02407138446513993	1	2	2	2/2	1.86672	1.86324	1.86888	1.86677	1.87149	1.86397	1.86554	1.86539	5	0	0	0	11111111	oooooooo	off	off	off	off	0.0	100.0	100.0	0.08	0.118	2	333.531	471.26	21.2862	34.701	30.0006	34.7466	34.7601	46.0464	52.5044	0	21.2699	1000	17.2023	100.525	101.114	
13	1597512372.1	1633.0999999046326	20200815 12:26:12	12:26:12		1597512364.0999994	0.004875357131291803	53.64000028306991	1176.281269960132	841.9851103118934	83.55869290149289	116.73427973799689	0.29176098075270396	3.376757237961643	0.27844464635508864	0.17517366947811208	321.443580509579	26.687399581192313	26.91086129032258	3.560464347412035	54.98200394837609	1.8703895114927236	3.4018212818304634	1.6900748359193116	-215.0032494899685	-140.7786889150283	-8.954571201707338	-43.292929097125125	-0.04108799756944516	0.04612487677798414	3.4488594746834553	151.0	30.0	1	0	52661.0	0	0	0	0	0	-1	MPF-6200-20200815-12_26_13	276.26646153846156	414.063	0.33279123819693723	0.5	1681.2167803219754	53.64000028306991	279.7471070004092	0.5719491961368197	0.03250027059128307	-1.0	DARK-6201-20200815-12_26_21	177.24	236.82299999999998	0.5818545431040838	2.336171293161814	0.3327912381969373	0	6200	300	300	300	9877.68	378.324	-0.00657056	2.20935	2000.023548387097	1681.2167803219754	0.840598492791637	0.19119698558327397	0.5	0: Broadleaf	1597512364.0999994	1176.2812903225808	1200.0287096774193	18.847112903225806	16.93392580645161	500.0525806451613	99.0401612903226	0.19994625806451616	26.137554838709672	26.91086129032258	999.9000000000003	10004.598387096774	0.0	189.45938709677424	2000.023548387097	0.9800013225806449	0.01999886451612904	0.0	276.2884838709677	5.00054	7785.55064516129	18703.87096774194	46.83235483870966	48.88893548387096	47.33841935483869	47.880741935483854	48.408999999999985	1955.123548387097	39.90000000000001	0.0	150.69999980926514	276.26646153846156	-1.6910085488341786	-42.22666674008716	7785.225769230768	15	1597512399.6	12:26:39	59	0.04	0.116	1200.0	17.0	0.23	0.04	1176.285925925926	0.2599885648941866	0.06114701526643852	1	18.90335740740741	-0.5056763865065853	0.06609715240644967	0	1	2	1/2	1.86673	1.86322	1.86889	1.86677	1.87149	1.86399	1.86554	1.86541	5	0	0	0	11111111	oooooooo	off	off	off	off	0.0	100.0	100.0	0.04	0.116	2	333.479	470.664	21.5444	34.7357	30.0002	34.7466	34.7515	53.2965	53.4984	0	21.5832	1200	17.0028	100.522	101.109	
14	1597512509.6	1770.5999999046326	20200815 12:28:29	12:28:29		1597512501.5999994	0.004061430817234955	54.61286159037534	1575.6035598577798	1166.4005183388622	115.75075963358238	156.35907740734592	0.24334895482376367	3.379581289454832	0.2340165863352559	0.1470690229942464	321.4423449022196	26.828519491556616	26.943693548387095	3.567340420382833	55.773620463025566	1.8924192713017616	3.3930364491154337	1.6749211490810716	-179.1090990400615	-154.8470665717431	-9.840660278313688	-22.35448098789871	-0.04113164883576643	0.046173879148490714	3.4517601265009166	151.0	30.0	1	0	52463.0	0	0	0	0	0	-1	MPF-6202-20200815-12_28_31	274.6905	399.097	0.31171995780474426	0.5	1681.2102770961676	54.61286159037534	262.03339831865986	0.5642162181123888	0.03307906354607313	-1.0	DARK-6203-20200815-12_28_38	173.92	225.177	0.5524831576937254	2.2947159613615455	0.3117199578047442	0	6202	300	300	300	9877.5	366.138	-0.00657058	1.75278	2000.0158064516131	1681.2102770961676	0.8405984951083643	0.19119699021672865	0.5	0: Broadleaf	1597512501.5999994	1575.6035806451614	1600.005806451613	19.069583870967744	17.47616129032258	500.0532903225806	99.03760322580646	0.19997238709677417	26.093819354838708	26.943693548387095	999.9000000000003	10015.485806451612	0.0	202.3993870967742	2000.0158064516131	0.9800014193548385	0.01999878387096775	0.0	274.6958709677419	5.00054	7876.099677419355	18703.796774193543	46.846548387096774	48.90299999999999	47.356645161290324	47.878806451612896	48.42306451612901	1955.115806451613	39.90000000000001	0.0	137.09999990463257	274.6905	0.7372649499093099	-90.40820495513493	7875.328461538462	15	1597512549.6	12:29:09	60	-0.309	0.12	1600.0	17.0	0.32	0.05	1575.91962962963	0.258982275586	0.06949454982530827	1	19.056783333333332	0.09689605488851806	0.021954530031155165	1	2	2	2/2	1.86676	1.86325	1.8689	1.86685	1.8715	1.86398	1.86554	1.86542	5	0	0	0	11111111	oooooooo	off	off	off	off	0.0	100.0	100.0	-0.309	0.12	2	333.834	471.077	20.8936	34.7602	29.9945	34.7561	34.7601	67.034	52.909	0	20.9857	1600	17.0302	100.525	101.109	
15	1597512650.1	1911.0999999046326	20200815 12:30:50	12:30:50		1597512642.0999994	0.00403228980431198	54.191076006412395	1775.4847213444964	1356.1629779816449	134.59460577666158	176.21087583994105	0.2386095353563574	3.375998072948188	0.22962077943627196	0.14429237812836387	321.4418411581455	26.766514734388906	26.95728064516129	3.570189360970835	55.49247460589692	1.8751661540747426	3.3791359412100856	1.6950232068960924	-177.82398037015832	-169.78828009732595	-10.798624543779063	-36.969043853117824	-0.04107626596633992	0.04611170702575362	3.4480797227620408	151.0	30.0	1	0	52630.0	0	0	0	0	0	-1	MPF-6204-20200815-12_30_51	272.31453846153846	393.189	0.3074207608515537	0.5	1681.2100080586938	54.191076006412395	258.4194299143252	0.5513099298301835	0.032828186688075904	-1.0	DARK-6205-20200815-12_30_59	176.42	216.76900000000003	0.5576187625465889	2.2287098968370938	0.30742076085155373	0	6204	300	300	300	9876.76	359.403	-0.00656993	1.2684	2000.015806451613	1681.2100080586938	0.8405983605906906	0.1911967211813811	0.5	0: Broadleaf	1597512642.0999994	1775.484741935484	1800.0219354838705	18.894003225806447	17.311751612903226	500.06000000000006	99.04664193548388	0.19998841935483871	26.0244129032258	26.95728064516129	999.9000000000003	10001.087419354839	0.0	199.927064516129	2000.015806451613	0.9800029032258065	0.019997125806451608	0.0	272.34609677419354	5.00054	7792.970967741936	18703.787096774195	47.056096774193534	49.14899999999999	47.528	48.12487096774194	48.57012903225804	1955.1216129032264	39.890967741935505	0.0	140.0	272.31453846153846	-0.9995897544030982	-35.17675212546396	7792.466153846153	15	1597512676.6	12:31:16	61	-0.022	0.118	1800.0	17.0	0.33	0.06	1775.157962962963	0.29571183533474615	0.06114280883885617	1	18.90169074074074	-0.03620308747857949	0.013669772933150439	1	2	2	2/2	1.86676	1.86325	1.8689	1.86686	1.87151	1.864	1.86554	1.86544	5	0	0	0	11111111	oooooooo	off	off	off	off	0.0	100.0	100.0	-0.022	0.118	2	333.455	470.436	20.5294	34.9014	29.9972	34.8429	34.842	73.5012	53.3732	0	20.7331	1800	17.0739	100.5	101.077	
