[Header]
File opened	2020-08-15 13:10:28
Console s/n	68C-571038
Console ver	Bluestem v.1.3.4
Scripts ver	2018.05  1.3.4, Mar 2018
Head s/n	68H-581038
Head ver	1.4.0
Head cal	{"co2aspan2b": "0.163711", "h2oazero": "1.00263", "flowbzero": "0.22736", "co2azero": "0.869071", "co2bzero": "0.880288", "h2obspan1": "0.998578", "h2oaspanconc2": "0", "co2bspanconc1": "1002", "co2aspanconc2": "0", "tbzero": "0.197721", "h2oaspanconc1": "12.19", "flowazero": "0.42932", "co2aspanconc1": "1002", "h2obzero": "1.01783", "co2bspan1": "0.992131", "oxygen": "21", "chamberpressurezero": "2.59209", "co2aspan1": "0.992625", "tazero": "0.00774765", "ssa_ref": "36614.9", "co2bspan2": "0", "co2aspan2a": "0.164928", "h2oaspan2b": "0.0662632", "co2aspan2": "0", "h2oaspan1": "1.00223", "co2bspan2a": "0.163389", "h2obspanconc2": "0", "h2obspanconc1": "20", "ssb_ref": "36526.8", "h2oaspan2": "0", "h2obspan2": "0", "flowmeterzero": "0.990908", "h2oaspan2a": "0.0661155", "h2obspan2b": "0.0963575", "co2bspanconc2": "0", "co2bspan2b": "0.162103", "h2obspan2a": "0.0975941"}
Chamber type	6800-01A
Chamber s/n	MPF-551037
Chamber rev	0
Chamber cal	0
Fluorometer	MPF-551037
Flr. Version	1.4.0
13:10:28	Stability Definition:	H2O_s (Meas): Slp<0.2	CO2_s (Meas): Slp<0.3
SysConst:AvgTime	4
SysConst:Oxygen	21
SysConst:Chamber	6800-01A 2 cm²
Const:S	2.0
Const:CustomBLC	2.0
LTConst:deltaTw	0
LTConst:fT1	1
LTConst:fT2	0
LTConst:fTeb	0
LQConst:Leaf	standard
LQConst:Ambient	Sun+Sky
LQConst:abs_ambient	0.49
LQConst:abs_redLED	0.84
LQConst:abs_greenLED	0.7
LQConst:abs_blueLED	0.87
LQConst:abs_whiteLED	0.75
LQConst:abs_redFlr	0.84
LQConst:abs_blueFlr	0.87
LQConst:k_ambient	0.39
LQConst:k_redLED	0.18
LQConst:k_greenLED	0.23
LQConst:k_blueLED	0.26
LQConst:k_whiteLED	0.21
LQConst:k_redFlr	0.19
LQConst:k_blueFlr	0.25
QConst:fQ_Amb_in	0.0
QConst:fQ_Amb_out	0.0
QConst:fQ_HeadLS	0.0
QConst:fQ_ConsoleLS	0.0
QConst:fQ_Flr	1.0
LeakConst:fan_a	-6276.0
LeakConst:fan_b	6.6
LeakConst:fan_c	1.709e-05
LeakConst:fan_d	3.11
LeakConst:Fs_meas	3.00186 75.5949 388.782 621.537 849.04 1054.8 1229.05 1393.75
LeakConst:Fs_true	0.276677 99.6915 402.487 601.632 800.517 1001.11 1200.75 1401.88
LeakConst:leak_wt	0.0
[Data]
Sys	Sys	Sys	Sys	Sys	UserDefVar	GasEx	GasEx	GasEx	GasEx	GasEx	GasEx	GasEx	GasEx	GasEx	GasEx	GasEx	GasEx	GasEx	GasEx	GasEx	GasEx	GasEx	GasEx	GasEx	GasEx	GasEx	GasEx	GasEx	GasEx	GasEx	GasEx	Leak	Leak	Leak	Leak	Leak	FLR	FLR	FLR	FLR	FLR	FLR	FLR	FLR	FLR	FLR	FLR	FLR	FLR	FLR	FLR	FLR	FLR	FLR	FLR	FLR	FLR	FLR	FLR	FLR	MPF	MPF	MPF	MPF	MPF	MPF	MPF	MPF	LeafQ	LeafQ	LeafQ	LeafQ	Const	Const	Meas	Meas	Meas	Meas	Meas	Meas	Meas	Meas	Meas	Meas	Meas	Meas	Meas	Meas	FlrLS	FlrLS	FlrLS	FlrLS	FlrLS	FlrLS	FlrLS	FlrLS	FlrLS	FlrLS	FlrLS	FlrLS	FlrLS	FlrLS	FlrLS	FlrLS	FlrLS	FlrStats	FlrStats	FlrStats	FlrStats	FlrStats	Match	Match	Match	Match	Match	Match	Match	Match	Match	Stability	Stability	Stability	Stability	Stability	Stability	Stability	Stability	Stability	Stability	Stability	Auxiliary	Auxiliary	Auxiliary	Auxiliary	Auxiliary	Auxiliary	Auxiliary	Auxiliary	Auxiliary	Auxiliary	Auxiliary	Auxiliary	Auxiliary	Auxiliary	Auxiliary	Auxiliary	Auxiliary	Auxiliary	Auxiliary	Status	Status	Status	Status	Status	Status	Status	Status	Status	Status	Status	Status	Status	Status	Status	Status	Status	Status	Status	Status	
obs	time	elapsed	date	hhmmss	plant	TIME	E	A	Ca	Ci	Pci	Pca	gsw	gbw	gtw	gtc	Rabs	TleafEB	TleafCnd	SVPleaf	RHcham	VPcham	SVPcham	VPDleaf	LatHFlux	SenHFlux	NetTherm	EBSum	blfa_1	blfa_2	blfa_3	Leak	LeakPct	CorrFact	CorrFactPct	Fan	DarkAdaptedID	Fo	Fm	Fv	Fv/Fm	Adark	LightAdaptedID	Fs	Fm'	PhiPS2	PS2/1	Qabs_fs	Afs	ETR	Fv'/Fm'	PhiCO2	NPQ	DarkPulseID	Fo'	Fv'	qP	qN	qP_Fo	qN_Fo	ID	P1_dur	P2_dur	P3_dur	P1_Qmax	P1_Fmax	P2_dQdt	P3_ΔF	Qin	Qabs	alpha	convert	K	Geometry	TIME	CO2_s	CO2_r	H2O_s	H2O_r	Flow	Pa	ΔPcham	Tair	Tleaf	Tleaf2	Fan_speed	Qamb_in	Qamb_out	Q	f_red	f_blue	f_farred	F	Q_modavg	F_dc	Pc	Tled	TDigital	TPreamp	TPwrSpy	TDrive	Q_red	Q_blue	Q_farred	TSPF	F_avg	dF/dt	dF_dc/dt	F_dc_avg	period	time	hhmmss	count	co2_adj	h2o_adj	co2_at	h2o_at	co2_cv	h2o_cv	CO2_s:MN	CO2_s:SLP	CO2_s:SD	CO2_s:OK	H2O_s:MN	H2O_s:SLP	H2O_s:SD	H2O_s:OK	Stable	Total	State	ADC_CH1	ADC_CH2	ADC_CH3	ADC_CH4	ADC_CH5	ADC_CH6	ADC_CH7	ADC_CH8	DAC_1	DAC_2	DAC_3	DAC_4	GPIO	GPIO_dir	excit_5v	power_12v	power_5v	ch1_pullup	AuxPower	MatchValveR	MatchValveS	MatchCO2	MatchH2O	DIAG	Flow_s	Flow_r	Txchg	Tirga	Tchopper	Ts	Tr	CO2_%	Desiccant_%	Humidifier_%	Txchg_sp	CO2_r_sp	H2O_r_sp	SS_s	SS_r	
	s	s				s	mol m⁻² s⁻¹	µmol m⁻² s⁻¹	µmol mol⁻¹	µmol mol⁻¹	Pa	Pa	mol m⁻² s⁻¹	mol m⁻² s⁻¹	mol m⁻² s⁻¹	mol m⁻² s⁻¹	W m⁻²	°C	°C	kPa	%	kPa	kPa	kPa	W m⁻²	W m⁻²	W m⁻²	W m⁻²				µmol s⁻¹	%		%	µmol s⁻¹						µmol m⁻² s⁻¹						µmol m⁻² s⁻¹	µmol m⁻² s⁻¹	µmol m⁻² s⁻¹		µmol µmol⁻¹										ms	ms	ms	µmol m⁻² s⁻¹		mol m⁻² s⁻²		µmol m⁻² s⁻¹	µmol m⁻² s⁻¹		J/µmol			s	µmol mol⁻¹	µmol mol⁻¹	mmol mol⁻¹	mmol mol⁻¹	µmol s⁻¹	kPa	kPa	°C	°C	°C	rpm	µmol m⁻² s⁻¹	µmol m⁻² s⁻¹	µmol m⁻² s⁻¹					µmol m⁻² s⁻¹			°C	°C	°C	°C	°C	µmol m⁻² s⁻¹	µmol m⁻² s⁻¹	µmol m⁻² s⁻¹	s		min⁻¹	min⁻¹		s	secs			µmol/mol	mmol/mol	µmol/mol	mmol/mol	%	%	µmol mol⁻¹	µmol mol⁻¹ min⁻¹	µmol mol⁻¹		mmol mol⁻¹	mmol mol⁻¹ min⁻¹	mmol mol⁻¹					V	V	V	V	V	V	V	V	V	V	V	V							V	%	%	µmol/mol	mmol/mol		µmol s⁻¹	µmol s⁻¹	°C	°C	°C	°C	°C	%	%	%	°C	µmol mol⁻¹	mmol mol⁻¹	%	%	
1	1597515434.4	0	20200815 13:17:14	13:17:14		1597515426.4000006	0.011477473473446534	38.14054343027606	382.968211129754	291.7260540611521	28.94905520389915	38.00335188097313	0.8213371092903013	3.3728206730065584	0.7243050903431221	0.4604498353145673	321.43843962381635	27.00974452251457	27.044390322580647	3.588501736816387	54.41920965866214	2.060785890276716	3.786872141662373	1.527715846539671	-506.15658017899216	167.20889447616705	10.753005350257148	-6.756240728751635	-0.041027177449445	0.04605660086514881	3.4448161810740405	148.0	30.0	1	0	52024.0	0	0	0	0	0	-1	MPF-6236-20200815-13_17_16	320.7584615384615	475.095	0.3248540575285753	0.5	1681.1921222575274	38.14054343027606	273.0710412002172	0.5883349645860301	0.02328142210047809	-1.0	DARK-6237-20200815-13_17_23	195.58	279.515	0.5521583402019159	2.4291594232539113	0.3248540575285753	0	6236	300	300	300	9860.25	434.393	-0.00655663	1.96204	1999.994516129032	1681.1921222575274	0.8405983659952512	0.19119673199050236	0.5	0: Broadleaf	1597515426.4000006	382.96822580645164	399.9807419354839	20.766996774193558	16.271851612903227	500.0559677419355	99.03367096774193	0.2000272258064516	27.963951612903227	27.044390322580647	999.9000000000003	9990.443870967742	0.0	274.70919354838713	1999.994516129032	0.9800037419354837	0.01999609032258064	0.0	320.79383870967746	5.00054	9220.705161290323	18703.603225806455	51.138838709677415	53.411064516129024	51.72351612903224	52.14290322580645	52.47751612903224	1955.1035483870971	39.890967741935505	0.0	503.09999990463257	320.7584615384615	-10.799111099532592	-198.96000010479182	9219.776153846155	15	1597515469.4	13:17:49	77	-0.452	0.102	400.0	16.0	0.17	0.02	383.32431481481484	-0.2946094911379611	0.0426644201118958	1	20.8096	-0.1835563178959134	0.028837295809933883	1	2	2	2/2	1.86667	1.8632	1.86889	1.86676	1.87149	1.86391	1.86549	1.86539	5	0	0	0	11111111	oooooooo	off	off	off	off	0.0	100.0	100.0	-0.452	0.102	2	336.342	459.779	22.8366	36.6272	30.0004	36.6117	36.6112	22.0146	57.1049	0	22.8065	400	16.4647	100.195	100.756	
2	1597515591.4	157.0	20200815 13:19:51	13:19:51		1597515583.4000006	0.010625231982427803	28.51907525990448	287.3665052370091	214.13130982703544	21.247872381359883	28.514871715329342	0.7530166707003937	3.375007591564554	0.670638864666984	0.4257971921452099	321.44009649699376	26.66535602472207	26.932829032258066	3.5650637782376733	55.520251722523476	2.037326956328538	3.6695203878227995	1.5277368219091354	-468.5727304250661	89.58681536993487	5.7388094647170504	-51.80700909342039	-0.041060961535158674	0.04609452646101087	3.447062384783167	156.0	31.0	1	0	52371.0	0	0	0	0	0	-1	MPF-6238-20200815-13_19_53	285.1959615384615	407.411	0.29997972185713806	0.5	1681.2007982438188	28.51907525990448	252.1630739215896	0.5306459570311062	0.017558328125194853	-1.0	DARK-6239-20200815-13_20_00	191.22	216.191	0.5653104822196043	2.1305878046229476	0.29997972185713806	0	6238	300	300	300	9860.84	375.427	-0.00655699	2.29092	2000.0048387096779	1681.2007982438188	0.8405983654161864	0.19119673083237285	0.5	0: Broadleaf	1597515583.4000006	287.3665161290323	299.99429032258064	20.531725806451615	16.369287096774194	500.04712903225817	99.02825483870966	0.19998225806451614	27.425190322580647	26.932829032258066	999.9000000000003	9999.217419354838	0.0	280.1630322580645	2000.0048387096779	0.9800022903225805	0.019997348387096766	0.0	285.23283870967737	5.00054	8558.162258064516	18703.700000000004	50.917064516129024	53.23374193548388	51.53399999999998	51.93109677419353	52.28609677419354	1955.1054838709679	39.890967741935505	0.0	156.20000004768372	285.1959615384615	-4.236888892647329	19.1723077008698	8558.295	15	1597515627.4	13:20:27	78	-0.423	0.102	300.0	16.0	0.16	0.03	287.33722222222224	-0.03821154945674892	0.017375660570088606	1	20.581281481481483	-0.45343030303033227	0.06240443085549123	0	1	2	1/2	1.86674	1.86325	1.8689	1.86681	1.87149	1.864	1.86554	1.86541	5	0	0	0	11111111	oooooooo	off	off	off	off	0.0	100.0	100.0	-0.423	0.102	2	328.624	459.524	22.0713	36.539	29.9949	36.5331	36.5332	17.5279	57.9508	0	22.3274	300	16.1877	100.214	100.777	
3	1597515718.9	284.5	20200815 13:21:58	13:21:58		1597515710.9032264	0.009699903086648767	17.814708963566197	192.1332512494497	140.6689919546097	13.95799880243291	19.064583129398603	0.6597831961128025	3.376899031279009	0.5956453251290454	0.3775199329170865	321.4381747273822	26.91549010898398	27.131145161290323	3.6068209545089958	55.38201530678387	2.0369115518552037	3.6779296321593007	1.569909402653792	-427.76572612121066	60.651456400622	3.8876808161781153	-41.788414177028365	-0.04109018887452785	0.04612733670990833	3.4490051133573036	156.0	31.0	1	0	52246.0	0	0	0	0	0	-1	MPF-6240-20200815-13_22_00	271.3418846153846	366.622	0.2598865190430891	0.5	1681.1883287090664	17.814708963566197	218.45909130203398	0.4827369879603516	0.011191315477435798	-1.0	DARK-6241-20200815-13_22_08	189.64	176.98200000000003	0.53836048516016	1.9332524783800888	0.2598865190430892	0	6240	300	300	300	9861.12	342.356	-0.00655725	2.2294	1999.9896774193548	1681.1883287090664	0.8405985029274515	0.19119700585490315	0.5	0: Broadleaf	1597515710.9032264	192.13325806451613	200.00374193548387	20.528035483870966	16.728141935483873	500.0552258064516	99.02584838709676	0.19999099999999997	27.464293548387097	27.131145161290323	999.9000000000003	10006.57806451613	0.0	288.2749677419354	1999.9896774193548	0.9800017419354838	0.019997935483870966	0.0	271.3118387096774	5.00054	8316.811935483871	18703.554838709675	50.77793548387097	53.15293548387096	51.41499999999999	51.79399999999999	52.15687096774193	1955.0896774193543	39.90000000000001	0.0	126.70000004768372	271.3418846153846	-3.415760678494298	57.32034196586043	8316.853076923077	15	1597515747.4	13:22:27	79	-0.425	0.107	200.0	17.0	0.22	0.02	192.13403703703702	0.014568514464282834	0.013782655448819318	1	20.520892592592595	0.008580001124294773	0.00836316553243517	1	2	2	2/2	1.86661	1.86314	1.86877	1.86676	1.87137	1.86386	1.86539	1.86536	5	0	0	0	11111111	oooooooo	off	off	off	off	0.0	100.0	100.0	-0.425	0.107	2	328.736	459.621	21.2219	36.4735	29.9999	36.4793	36.4822	12.867	56.6751	0	20.3411	200	16.5817	100.214	100.784	
4	1597515838.9	404.5	20200815 13:23:58	13:23:58		1597515830.9032264	0.009378694728369356	6.440453958316976	97.05853947522716	77.00301867831892	7.640493479154276	9.630468398318907	0.6299744073926765	3.37614661117648	0.5712134479178034	0.3618299988683853	321.4374024727827	26.60122765314458	26.971367741935488	3.573145238404482	55.33939239781264	1.9896758258827292	3.5954059841852795	1.583469412521753	-413.6004375210886	19.250708953315254	1.2308516943571053	-71.68147440063355	-0.04107856127903699	0.046114283715336525	3.4482322888619548	156.0	31.0	1	0	52335.0	0	0	0	0	0	-1	MPF-6242-20200815-13_24_00	268.5249615384615	340.715	0.21187807540477654	0.5	1681.1842641929363	6.440453958316976	178.10304314899736	0.426382753914562	0.00442572186570448	-1.0	DARK-6243-20200815-13_24_08	195.44	145.27499999999998	0.49691989992454627	1.743322758902988	0.2118780754047766	0	6242	300	300	300	9861.48	323.438	-0.00655741	2.30396	1999.9848387096772	1681.1842641929363	0.840598504375453	0.19119700875090623	0.5	0: Broadleaf	1597515830.9032264	97.05854193548387	99.99851935483872	20.052506451612903	16.376651612903224	500.05393548387093	99.02330645161288	0.1999916774193549	27.077132258064516	26.971367741935488	999.9000000000003	10004.00322580645	0.0	288.3542258064516	1999.9848387096772	0.9800009032258064	0.019999025806451614	0.0	268.5455483870968	5.00054	8234.099677419355	18703.5	50.72961290322581	53.07625806451612	51.37087096774193	51.74793548387097	52.06406451612901	1955.0848387096778	39.90000000000001	0.0	119.5	268.5249615384615	-1.8831794820734522	26.615726470360936	8234.255769230771	15	1597515873.9	13:24:33	80	-0.347	0.107	100.0	16.0	0.51	0.03	96.9859185185185	-0.05348435993773639	0.013127227487512647	1	20.053222222222217	-0.02119764499933578	0.004887840796744555	1	2	2	2/2	1.86661	1.86312	1.86874	1.86676	1.8714	1.86386	1.86539	1.86538	5	0	0	0	11111111	oooooooo	off	off	off	off	0.0	100.0	100.0	-0.347	0.107	2	328.69	458.496	21.0308	36.5052	30.0003	36.4727	36.4721	8.02012	57.6299	0	21.2484	100	16.3615	100.21	100.774	
5	1597515965.4	531.0	20200815 13:26:05	13:26:05		1597515957.4032264	0.008937734943225787	0.8909679840850376	49.46338353079641	45.597332839263075	4.524151434662822	4.907739633653244	0.5894869041663386	3.3767866506011472	0.5377130652690588	0.34034259565736774	321.43050366502825	26.74115429353373	27.049319354838715	3.589540374577337	55.12818287677602	1.9866789056287342	3.6037445857219916	1.602861468948603	-394.1541109962572	12.248983084970252	0.7834867144890054	-59.691137531769684	-0.04108845211545652	0.04612538704570231	3.4488896849715687	156.0	31.0	1	0	52348.0	0	0	0	0	0	-1	MPF-6244-20200815-13_26_07	266.9188076923077	325.841	0.18083111796149742	0.5	1681.14795451551	0.8909679840850376	152.00193203686214	0.38804508947615557	0.0011248075929343147	-1.0	DARK-6245-20200815-13_26_14	199.4	126.441	0.46600542788883575	1.6341073219658977	0.18083111796149742	0	6244	300	300	300	9861.47	313.841	-0.00655747	1.97482	1999.9416129032256	1681.14795451551	0.8405985173112444	0.19119703462248883	0.5	0: Broadleaf	1597515957.4032264	49.46338387096773	49.99654838709678	20.023038709677415	16.519916129032257	500.0552580645161	99.01967419354838	0.1999764516129032	27.11660322580646	27.049319354838715	999.9000000000003	10006.779032258064	0.0	280.7636129032258	1999.9416129032256	0.9800009032258065	0.019999025806451614	0.0	266.9322903225806	5.00054	8129.948064516128	18703.093548387096	50.723580645161285	53.05806451612901	51.34451612903225	51.723580645161285	52.019999999999996	1955.041612903226	39.90000000000001	0.0	125.70000004768372	266.9188076923077	-0.40817094005111354	105.12717955608163	8130.448846153847	15	1597515997.4	13:26:37	81	-0.398	0.107	50.0	17.0	0.31	0.03	49.52484629629629	-0.08904226095167209	0.016903678242750284	1	20.01973333333333	0.02967246102540628	0.004730437298711125	1	2	2	2/2	1.86661	1.8631	1.86874	1.86675	1.87139	1.86386	1.8654	1.86534	5	0	0	0	11111111	oooooooo	off	off	off	off	0.0	100.0	100.0	-0.398	0.107	2	328.333	457.581	21.0761	36.5508	30.0002	36.4957	36.489	5.57226	56.9731	0	20.5506	50	16.4687	100.198	100.762	
6	1597516088.9	654.5	20200815 13:28:08	13:28:08		1597516080.9000006	0.008566972319165663	35.63745535964788	384.40340569777834	266.55324556476944	26.44694082156266	38.13982493650032	0.5628299160105505	3.3748983246374102	0.5154071209074211	0.3260565715180276	321.44327160773906	26.96643727533552	27.044874193548388	3.5886036857159205	54.64882375486686	1.9857501042293768	3.633655708925541	1.6028535814865437	-377.80347927520575	38.693194050490675	2.4780235152568775	-15.188990101719114	-0.0410592733192316	0.04609263129073689	3.446950155332863	155.0	31.0	1	0	52190.0	0	0	0	0	0	-1	MPF-6246-20200815-13_28_10	266.31134615384616	386.267	0.31055113133183476	0.5	1681.2151545155232	35.63745535964788	261.05163412351055	0.5305837671869458	0.02179224667422518	-1.0	DARK-6247-20200815-13_28_18	181.32	204.947	0.5853008526407014	2.130305537171851	0.3105511313318348	0	6246	300	300	300	9861.62	351.29	-0.00655772	1.16544	2000.0216129032258	1681.2151545155232	0.8405984933708172	0.19119698674163427	0.5	0: Broadleaf	1597516080.9000006	384.4034193548388	399.973806451613	20.013964516129036	16.65616129032258	500.059870967742	99.01822258064517	0.20000590322580644	27.257535483870964	27.044874193548388	999.9000000000003	9999.81935483871	0.0	284.9556129032258	2000.0216129032258	0.9800011612903226	0.019998690322580646	0.0	266.301	5.00054	8124.162580645161	18703.848387096776	50.695322580645154	53.07825806451611	51.344451612903214	51.72758064516128	52.02393548387095	1955.1216129032262	39.90000000000001	0.0	122.5	266.31134615384616	1.094940168389195	39.61846150287586	8124.387692307693	15	1597516119.9	13:28:39	82	-0.381	0.108	400.0	17.0	0.28	0.03	384.39372222222227	-0.1268015613339779	0.0425360050826936	1	19.997487037037036	0.20777725912681105	0.034836113904418174	0	1	2	1/2	1.86661	1.86311	1.86877	1.86675	1.87143	1.86386	1.86539	1.86537	5	0	0	0	11111111	oooooooo	off	off	off	off	0.0	100.0	100.0	-0.381	0.108	2	329.088	458.302	21.3308	36.5595	29.9993	36.5161	36.5092	22.019	56.854	0	21.3316	400	16.7095	100.192	100.755	
7	1597516211.5	777.0999999046326	20200815 13:30:11	13:30:11		1597516203.4419358	0.008327978209571383	35.68377796968712	384.50188957823997	264.044039129144	26.195714969008552	38.14629535912534	0.5490947771244256	3.3732052875951877	0.503838059212792	0.3186535041732174	321.43858659650186	26.858715169291095	27.028812903225806	3.5852210124249324	55.32938260644554	1.9914658953430588	3.599291735294124	1.5937551170818736	-367.26383904209797	12.133917870408556	0.7767893221700244	-32.91454525301752	-0.04103311836703027	0.04606327006559124	3.4452112209321264	155.0	31.0	1	0	52323.0	0	0	0	0	0	-1	MPF-6248-20200815-13_30_13	266.48184615384616	393.527	0.32283719756497986	0.5	1681.190496451002	35.68377796968712	271.37541422355935	0.5458507294289845	0.021820119758663093	-1.0	DARK-6249-20200815-13_30_20	178.72	214.807	0.5914386116195182	2.2019192032229187	0.32283719756497986	0	6248	300	300	300	9861.67	355.102	-0.00655776	0.577728	1999.9922580645157	1681.190496451002	0.8405985021551869	0.1911970043103739	0.5	0: Broadleaf	1597516203.4419358	384.5019032258064	400.05467741935485	20.073309677419353	16.809319354838713	500.051	99.00966129032258	0.19998212903225807	27.095535483870968	27.028812903225806	999.9000000000003	9994.313548387096	0.0	285.9269032258065	1999.9922580645157	0.9800012903225805	0.01999852258064516	0.0	266.45729032258066	5.00054	8110.035806451612	18703.55806451613	50.677064516129015	53.06199999999997	51.32419354838707	51.69332258064515	52.003806451612896	1955.092258064516	39.90000000000001	0.0	121.90000009536743	266.48184615384616	0.17299145985061234	66.52512823716192	8110.756153846154	15	1597516239.4	13:30:39	83	-0.392	0.106	400.0	17.0	0.17	0.02	384.48814814814807	0.25798323954532343	0.036187990338216236	1	20.077733333333338	-0.021359574792610327	0.004763168879829741	1	2	2	2/2	1.86661	1.86312	1.86877	1.86676	1.87145	1.86386	1.86539	1.86535	5	0	0	0	11111111	oooooooo	off	off	off	off	0.0	100.0	100.0	-0.392	0.106	2	329.147	458.457	20.9649	36.5254	30	36.4991	36.4924	22.0119	56.8997	0	20.8639	400	16.6864	100.198	100.766	
8	1597516331.0	896.5999999046326	20200815 13:32:11	13:32:11		1597516322.9451616	0.007678142575073856	41.731041289563876	481.7990808229985	327.2352149931229	32.46292835865503	47.796228301258914	0.4964632787314334	3.3731034604582457	0.4591498866383055	0.2900870872019665	321.4388440147018	26.879184980782696	27.02455483870968	3.5843246870456538	55.19637343124199	1.9718463479733335	3.5724201163861946	1.6124783390723203	-338.6060875607571	-10.300378662180576	-0.6589950432915602	-28.12661725152745	-0.04103154547311939	0.0460615043543832	3.4451066336419567	155.0	31.0	1	0	52352.0	0	0	0	0	0	-1	MPF-6250-20200815-13_32_12	274.72530769230764	414.018	0.336441150644881	0.5	1681.191851289712	41.731041289563876	282.8110604513542	0.5591012951127728	0.025417111828601312	-1.0	DARK-6251-20200815-13_32_20	182.54	231.47799999999998	0.6017534811415873	2.2680946641831925	0.336441150644881	0	6250	300	300	300	9861.49	375.678	-0.00655769	1.58163	1999.993870967742	1681.191851289712	0.8405985016725225	0.19119700334504516	0.5	0: Broadleaf	1597516322.9451616	481.79909677419363	499.9692903225806	19.87675161290322	16.86686451612903	500.05370967741936	99.00364516129034	0.20000674193548384	26.967912903225805	27.02455483870968	999.9000000000003	9994.537741935483	0.0	286.36790322580646	1999.993870967742	0.9800018709677417	0.019997767741935478	0.0	274.73596774193555	5.00054	8279.577741935484	18703.57741935484	50.7498064516129	53.125	51.36687096774194	51.769999999999996	52.03199999999998	1955.0938709677416	39.90000000000001	0.0	118.90000009536743	274.72530769230764	-1.175111108815589	-35.723076926273855	8279.209230769231	15	1597516358.9	13:32:38	84	-0.29	0.11	500.0	17.0	0.27	0.03	481.6909074074073	0.11395785974655687	0.022290396967799535	1	19.879357407407408	-0.0697419583588718	0.009080108537690606	1	2	2	2/2	1.86661	1.86313	1.86874	1.86676	1.8714	1.86386	1.86539	1.86531	5	0	0	0	11111111	oooooooo	off	off	off	off	0.0	100.0	100.0	-0.29	0.11	2	329.603	458.368	20.9149	36.5118	30.0001	36.4855	36.4822	26.3131	56.6605	0	20.6687	500	16.8551	100.203	100.769	
9	1597516451.0	1016.5999999046326	20200815 13:34:11	13:34:11		1597516443.0	0.0069413344199773	46.12517831822629	579.9090791821972	386.03951961147925	38.2954477816887	57.527472530013576	0.43315015265474854	3.375130587309605	0.404468123525673	0.2552111046012152	321.4356069544892	26.96384115588926	27.103832258064514	3.60104475707363	54.745451075066335	1.946195840490338	3.5549909668690765	1.654848916583292	-306.11284792099895	-39.87566236307036	-2.549572869228903	-27.102476198809015	-0.04106286189579862	0.04609665978230995	3.4471887153281795	155.0	31.0	1	0	52426.0	0	0	0	0	0	-1	MPF-6252-20200815-13_34_12	277.8551538461539	426.447	0.34844153236825703	0.5	1681.1774619323023	46.12517831822629	292.89602550933427	0.5692782455967564	0.028031055248659956	-1.0	DARK-6253-20200815-13_34_20	183.68	242.767	0.6120759664775118	2.3216844512195123	0.34844153236825703	0	6252	300	300	300	9861.07	385.876	-0.00655731	2.52322	1999.9770967741943	1681.1774619323023	0.8405983571731444	0.19119671434628877	0.5	0: Broadleaf	1597516443.0	579.9090967741934	599.967258064516	19.618741935483875	16.896958064516124	500.05103225806454	99.0008741935484	0.199974	26.884687096774194	27.103832258064514	999.9000000000003	10002.445806451611	0.0	287.328064516129	1999.9770967741943	0.9800027741935481	0.019996929032258057	0.0	277.8818709677419	5.00054	8352.487419354838	18703.425806451614	50.882999999999996	53.258	51.495935483870966	51.9634193548387	52.137	1955.085483870967	39.89000000000002	0.0	119.59999990463257	277.8551538461539	-2.1489230662690124	-105.53504257026341	8351.521538461539	15	1597516476.5	13:34:36	85	-0.264	0.113	600.0	17.0	0.1	0.04	579.8607962962963	0.2730840480274189	0.042981210205467205	1	19.61779814814815	-0.019705431675243586	0.006429748302796156	1	2	2	2/2	1.86661	1.86316	1.86875	1.86674	1.87144	1.86386	1.86539	1.86532	5	0	0	0	11111111	oooooooo	off	off	off	off	0.0	100.0	100.0	-0.264	0.113	2	329.603	458.096	20.8765	36.522	30.0002	36.4855	36.4822	30.4706	56.2274	0	19.7779	600	16.9682	100.201	100.77	
10	1597516587.5	1153.0999999046326	20200815 13:36:27	13:36:27		1597516579.5	0.006253516558517977	48.97576246724667	678.6904329183591	446.1420804436865	44.258238503006	67.3275271858167	0.3804459286862698	3.3762285545607327	0.35813299416801175	0.22572871956552887	321.43694372209916	27.04720788360114	27.21853548387097	3.6253568370747713	54.85622524385555	1.9417502216898734	3.5397080514710937	1.6836066153848979	-275.7800802306428	-74.10355304652248	-4.737480140100373	-33.1841696951665	-0.04107982754269417	0.046115705207222496	3.448316454317064	156.0	31.0	1	0	52362.0	0	0	0	0	0	-1	MPF-6254-20200815-13_36_29	277.37515384615386	428.13	0.35212399540757744	0.5	1681.184506128501	48.97576246724667	295.9927026576413	0.5774180739495014	0.02972651858559704	-1.0	DARK-6255-20200815-13_36_36	180.92	247.21	0.6098250319721942	2.3664050409020563	0.35212399540757744	0	6254	300	300	300	9860.37	388.117	-0.00655684	2.33698	1999.9854838709673	1681.184506128501	0.8405983541813374	0.19119670836267522	0.5	0: Broadleaf	1597516579.5	678.6904516129031	699.976451612903	19.573677419354844	17.12146129032258	500.04664516129037	99.00212903225805	0.1999871612903226	26.811416129032256	27.21853548387097	999.9000000000003	10006.451612903225	0.0	286.16467741935486	1999.9854838709673	0.9800048064516126	0.01999516774193548	0.0	277.3872258064516	5.00054	8326.900967741934	18703.53548387096	51.07412903225804	53.481516129032244	51.66899999999999	52.18719354838708	52.30425806451612	1955.0954838709674	39.89000000000002	0.0	136.09999990463257	277.37515384615386	-1.2310427363993053	-64.85025646789119	8326.456538461538	15	1597516615.0	13:36:55	86	-0.274	0.112	700.0	17.0	0.37	0.04	678.6724444444445	0.29228130360189414	0.04760978216738008	1	19.574898148148147	0.0025975986277965778	0.003151806697678918	1	2	2	2/2	1.86661	1.8631	1.86874	1.86672	1.87141	1.86386	1.86539	1.86528	5	0	0	0	11111111	oooooooo	off	off	off	off	0.0	100.0	100.0	-0.274	0.112	2	328.746	457.779	20.8612	36.5732	30.0002	36.5124	36.5045	34.5152	55.9247	0	17.4505	700	17.2131	100.194	100.758	
11	1597516715.0	1280.5999999046326	20200815 13:38:35	13:38:35		1597516707.0	0.005699057908728152	50.90297968247386	777.8623999173412	506.34299530730044	50.22976981254435	77.16478682591155	0.33672723627073375	3.374946540560361	0.31911409317608824	0.20095197327749048	321.44111389694604	27.22636793359286	27.40907096774194	3.66605876840353	54.76455147537419	1.9445266859222956	3.5507032077066953	1.7215320824812346	-251.3284537749115	-99.1469669842748	-6.34864494481287	-35.38295180705313	-0.04106001827072156	0.046093467564045705	3.446999678515156	156.0	31.0	1	0	52367.0	0	0	0	0	0	-1	MPF-6256-20200815-13_38_36	276.1822307692308	428.014	0.35473552087260984	0.5	1681.2064545156024	50.90297968247386	298.19182366849293	0.571742980369801	0.030872460394775494	-1.0	DARK-6257-20200815-13_38_44	183.3	244.714	0.6204457825492993	2.3350463720676484	0.35473552087260984	0	6256	300	300	300	9859.85	387.905	-0.00655631	2.68085	2000.0116129032258	1681.2064545156024	0.8405983463641772	0.19119669272835454	0.5	0: Broadleaf	1597516707.0	777.8624193548388	799.9945483870968	19.601870967741934	17.367164516129034	500.05187096774193	99.00109677419356	0.19997893548387094	26.864158064516126	27.40907096774194	999.9000000000003	10001.73064516129	0.0	284.0449354838709	2000.0116129032258	0.980005387096774	0.01999467741935483	0.0	276.18054838709685	5.00054	8309.379677419354	18703.770967741937	51.239677419354834	53.66299999999998	51.84854838709677	52.35264516129032	52.46748387096773	1955.1216129032257	39.89000000000002	0.0	126.79999995231628	276.1822307692308	-2.32909400484321	64.72854710077061	8309.771923076922	15	1597516744.5	13:39:04	87	-0.289	0.117	800.0	17.0	0.26	0.04	777.8503703703702	0.2357461406517548	0.061588628188043615	1	19.594535185185187	0.02193024585477395	0.004739946765110011	1	2	2	2/2	1.86661	1.8631	1.86874	1.86672	1.87138	1.86386	1.86539	1.8653	5	0	0	0	11111111	oooooooo	off	off	off	off	0.0	100.0	100.0	-0.289	0.117	2	328.894	457.74	20.8895	36.6279	30.0003	36.5536	36.543	38.4684	55.4357	0	17.4662	800	17.3206	100.184	100.748	
12	1597516838.5	1404.0999999046326	20200815 13:40:38	13:40:38		1597516830.5	0.005191604024446084	54.016468749553994	976.3790117035179	647.5231496664716	64.23516005480502	96.8581001671257	0.29505914247325493	3.376069366751489	0.2814449536833989	0.17707392195165317	321.4382308131013	27.377975218256672	27.66439677419354	3.721226087632103	54.62164458543744	1.9435806904186006	3.5582610248552906	1.7776453972135025	-228.9497374780723	-139.06846765285766	-8.914945503745011	-55.49491982157366	-0.04107736764054878	0.04611294375156503	3.448152949810554	155.0	31.0	1	0	52528.0	0	0	0	0	0	-1	MPF-6258-20200815-13_40_40	273.74480769230775	426.371	0.3579656972629288	0.5	1681.191280322051	54.016468749553994	300.9044044464195	0.5790989537280912	0.03272469313486742	-1.0	DARK-6259-20200815-13_40_47	179.46	246.91099999999997	0.6181425384356802	2.375855343809205	0.3579656972629289	0	6258	300	300	300	9859.68	382.422	-0.0065562	2.02249	1999.9935483870963	1681.191280322051	0.840598351768612	0.19119670353722404	0.5	0: Broadleaf	1597516830.5	976.3790322580645	1000.0105806451614	19.592283870967737	17.556554838709676	500.05561290322584	99.00137096774192	0.19996274193548388	26.900329032258064	27.66439677419354	999.9000000000003	10005.929032258064	0.0	295.5159032258064	1999.9935483870963	0.9800052903225803	0.019994758064516123	0.0	273.74790322580645	5.00054	8322.569677419355	18703.606451612904	51.26383870967741	53.754	51.92712903225805	52.407129032258055	52.515870967741925	1955.1035483870965	39.89000000000002	0.0	122.5	273.74480769230775	-4.028683754579974	-23.45162392545804	8322.41923076923	15	1597516868.5	13:41:08	88	-0.029	0.119	1000.0	18.0	0.31	0.04	976.0852962962963	0.2935803316180576	0.06213534499295043	1	19.59260925925926	-0.017455917667222414	0.0051855664542365875	1	2	2	2/2	1.86661	1.86312	1.86874	1.86673	1.87141	1.86386	1.86539	1.86533	5	0	0	0	11111111	oooooooo	off	off	off	off	0.0	100.0	100.0	-0.029	0.119	2	328.924	457.782	20.8963	36.6644	30.0002	36.5912	36.5803	46.07	54.7981	0	17.47	1000	17.6866	100.175	100.74	
13	1597516960.1	1525.6999998092651	20200815 13:42:40	13:42:40		1597516952.0999994	0.004732020483670866	54.77107890962847	1175.8061081082515	809.3421196920008	80.29116208525713	116.64639280466704	0.2694754008465357	3.374015171934702	0.2580640821605168	0.1622750442824364	321.4381793294612	27.444562473301257	27.660177419354834	3.720308573421943	55.01706525883851	1.9532333775342348	3.5502318568699867	1.7670751958877082	-208.6821033298852	-145.20658750212877	-9.312112438749564	-41.76262394130234	-0.04104562916737978	0.046077314534989866	3.4460430595342415	155.0	31.0	1	0	52364.0	0	0	0	0	0	-1	MPF-6260-20200815-13_42_41	270.9677307692308	412.243	0.3426990130354407	0.5	1681.1910093543092	54.77107890962847	288.0712498148891	0.5685069243140575	0.033173552915351553	-1.0	DARK-6261-20200815-13_42_49	177.88	234.363	0.602805345684981	2.3175342927816507	0.34269901303544076	0	6260	300	300	300	9859.76	373.676	-0.00655627	2.14337	1999.9932258064518	1681.1910093543092	0.8405983518651206	0.1911967037302413	0.5	0: Broadleaf	1597516952.0999994	1175.806129032258	1199.9374193548388	19.688767741935482	17.833435483870968	500.0562903225806	99.00549677419357	0.19996916129032263	26.861900000000002	27.660177419354834	999.9000000000003	9997.781290322582	0.0	293.03496774193553	1999.9932258064518	0.9800050967741931	0.019994919354838703	0.0	270.9955483870968	5.00054	8240.951290322579	18703.590322580643	51.1992580645161	53.72358064516128	51.88699999999999	52.340451612903216	52.47764516129032	1955.103225806451	39.89000000000002	0.0	120.79999995231628	270.9677307692308	0.1122393199408752	-89.49401725378368	8240.403076923076	15	1597516987.6	13:43:07	89	-0.079	0.123	1201.0	18.0	0.12	0.05	1175.8757407407409	-0.1314122355631546	0.08012956757312394	1	19.69206851851852	-0.06933287592910305	0.009048732755025962	1	2	2	2/2	1.86661	1.8631	1.86874	1.86675	1.87145	1.86386	1.86539	1.86527	5	0	0	0	11111111	oooooooo	off	off	off	off	0.0	100.0	100.0	-0.079	0.123	2	329.079	458.092	20.8629	36.6897	30.0001	36.6152	36.6041	53.3646	54.5885	0	17.5428	1200	17.8701	100.173	100.736	
14	1597517098.6	1664.1999998092651	20200815 13:44:58	13:44:58		1597517090.606451	0.004357838610745174	54.48604657658735	1575.44475338908	1169.3560168288054	116.01082541688685	156.29854690021952	0.24649597234499693	3.374712393370775	0.23691254328069178	0.14890032773721548	321.4425430712456	27.34358747354629	27.594616129032257	3.7060773726414347	55.04861348653899	1.9330590738209708	3.5115490679772723	1.773018298820464	-192.18068273386217	-167.18764579957815	-10.706073721710457	-48.63185918390519	-0.04105640066598025	0.046089406485804	3.4467591830630884	154.0	31.0	1	0	52379.0	0	0	0	0	0	-1	MPF-6262-20200815-13_45_00	269.1908846153846	395.984	0.32019757208527455	0.5	1681.213548063978	54.48604657658735	269.16024812347786	0.5558406400258596	0.033003568547542925	-1.0	DARK-6263-20200815-13_45_07	175.88	220.10399999999998	0.576060023373566	2.2514441664771434	0.32019757208527455	0	6262	300	300	300	9860.58	360.46	-0.00655691	1.2836	2000.02	1681.213548063978	0.8405983680483085	0.19119673609661705	0.5	0: Broadleaf	1597517090.606451	1575.4447741935483	1599.9825806451613	19.484683870967746	17.77570967741936	500.05758064516135	99.00917096774194	0.19998667741935486	26.6756870967742	27.594616129032257	999.9000000000003	10000.033870967742	0.0	282.983935483871	2000.02	0.9800032580645159	0.019996509677419352	0.0	269.1845161290323	5.00054	8160.032258064516	18703.848387096776	51.03199999999998	53.517935483870964	51.73374193548388	52.11274193548387	52.29799999999998	1955.1283870967743	39.89161290322583	0.0	138.20000004768372	269.1908846153846	-1.0794871755345479	-88.15487224352414	8160.422692307692	15	1597517139.1	13:45:39	90	-0.311	0.123	1600.0	18.0	0.25	0.06	1575.6627777777778	0.14026063192698915	0.048816233891614054	1	19.505000000000003	-0.19546839767863725	0.025918833421393287	1	2	2	2/2	1.86661	1.86311	1.86874	1.86673	1.87141	1.86386	1.86539	1.86529	5	0	0	0	11111111	oooooooo	off	off	off	off	0.0	100.0	100.0	-0.311	0.123	2	329.931	459.2	20.6849	36.6273	29.9998	36.581	36.5702	67.0767	54.8634	0	17.3863	1600	17.8402	100.186	100.756	
15	1597517233.1	1798.6999998092651	20200815 13:47:13	13:47:13		1597517225.0999994	0.0038632601093707376	54.86636827732204	1775.2344951884706	1307.2043524721128	129.68035443556107	176.11097921064066	0.21418228947483953	3.374777627888023	0.20690703636343866	0.12994996314596818	321.43838730799985	27.43713267945509	27.674003225806448	3.723315782401694	54.845056412458604	1.9237434995853178	3.50759690193029	1.7995722828163763	-170.36977082324952	-185.11441485871146	-11.857384709114458	-45.90318308307559	-0.04105740853654791	0.046090537908810514	3.4468261862165934	154.0	31.0	1	0	52398.0	0	0	0	0	0	-1	MPF-6264-20200815-13_47_14	267.13311538461534	386.008	0.30795963973644236	0.5	1681.1908769590268	54.86636827732204	258.86946839824776	0.5434809641250958	0.03323023521182455	-1.0	DARK-6265-20200815-13_47_22	176.22	209.78799999999998	0.5666429186387432	2.190489161275678	0.30795963973644236	0	6264	300	300	300	9861.1	355.095	-0.00655734	1.97458	1999.9929032258067	1681.1908769590268	0.8405984212481048	0.19119684249620977	0.5	0: Broadleaf	1597517225.0999994	1775.2345161290323	1799.9219354838708	19.39172580645161	17.876535483870967	500.04870967741937	99.00437419354839	0.19997299999999998	26.656561290322575	27.674003225806448	999.9000000000003	10000.763870967741	0.0	303.95361290322575	1999.9929032258067	0.9800020967741934	0.01999751612903225	0.0	267.1323225806451	5.00054	8212.743225806451	18703.57741935484	50.913129032258055	53.30206451612902	51.5742580645161	51.96345161290322	52.148870967741914	1955.0932258064513	39.894516129032276	0.0	133.90000009536743	267.13311538461534	-1.7681709427894698	-7.134700841610013	8212.79653846154	15	1597517260.6	13:47:40	91	-0.161	0.125	1799.0	18.0	0.33	0.05	1775.0762962962965	0.18872498570622703	0.0665358799417216	1	19.393844444444447	-0.040854431103484815	0.005376790542992234	1	2	2	2/2	1.86661	1.8631	1.86874	1.86675	1.87139	1.86386	1.86539	1.86523	5	0	0	0	11111111	oooooooo	off	off	off	off	0.0	100.0	100.0	-0.161	0.125	2	330.165	459.766	20.6446	36.5484	29.9999	36.5212	36.516	73.5309	54.5617	0	17.3009	1800	17.859	100.201	100.772	
