[Header]
File opened	2020-08-15 13:50:04
Console s/n	68C-571038
Console ver	Bluestem v.1.3.4
Scripts ver	2018.05  1.3.4, Mar 2018
Head s/n	68H-581038
Head ver	1.4.0
Head cal	{"co2aspan2b": "0.163711", "h2oazero": "1.00263", "flowbzero": "0.22736", "co2azero": "0.869071", "co2bzero": "0.880288", "h2obspan1": "0.998578", "h2oaspanconc2": "0", "co2bspanconc1": "1002", "co2aspanconc2": "0", "tbzero": "0.197721", "h2oaspanconc1": "12.19", "flowazero": "0.42932", "co2aspanconc1": "1002", "h2obzero": "1.01783", "co2bspan1": "0.992131", "oxygen": "21", "chamberpressurezero": "2.59209", "co2aspan1": "0.992625", "tazero": "0.00774765", "ssa_ref": "36614.9", "co2bspan2": "0", "co2aspan2a": "0.164928", "h2oaspan2b": "0.0662632", "co2aspan2": "0", "h2oaspan1": "1.00223", "co2bspan2a": "0.163389", "h2obspanconc2": "0", "h2obspanconc1": "20", "ssb_ref": "36526.8", "h2oaspan2": "0", "h2obspan2": "0", "flowmeterzero": "0.990908", "h2oaspan2a": "0.0661155", "h2obspan2b": "0.0963575", "co2bspanconc2": "0", "co2bspan2b": "0.162103", "h2obspan2a": "0.0975941"}
Chamber type	6800-01A
Chamber s/n	MPF-551037
Chamber rev	0
Chamber cal	0
Fluorometer	MPF-551037
Flr. Version	1.4.0
13:50:04	Stability Definition:	H2O_s (Meas): Slp<0.2	CO2_s (Meas): Slp<0.3
SysConst:AvgTime	4
SysConst:Oxygen	21
SysConst:Chamber	6800-01A 2 cm²
Const:S	2.0
Const:CustomBLC	2.0
LTConst:deltaTw	0
LTConst:fT1	1
LTConst:fT2	0
LTConst:fTeb	0
LQConst:Leaf	standard
LQConst:Ambient	Sun+Sky
LQConst:abs_ambient	0.49
LQConst:abs_redLED	0.84
LQConst:abs_greenLED	0.7
LQConst:abs_blueLED	0.87
LQConst:abs_whiteLED	0.75
LQConst:abs_redFlr	0.84
LQConst:abs_blueFlr	0.87
LQConst:k_ambient	0.39
LQConst:k_redLED	0.18
LQConst:k_greenLED	0.23
LQConst:k_blueLED	0.26
LQConst:k_whiteLED	0.21
LQConst:k_redFlr	0.19
LQConst:k_blueFlr	0.25
QConst:fQ_Amb_in	0.0
QConst:fQ_Amb_out	0.0
QConst:fQ_HeadLS	0.0
QConst:fQ_ConsoleLS	0.0
QConst:fQ_Flr	1.0
LeakConst:fan_a	-6276.0
LeakConst:fan_b	6.6
LeakConst:fan_c	1.709e-05
LeakConst:fan_d	3.11
LeakConst:Fs_meas	3.00186 75.5949 388.782 621.537 849.04 1054.8 1229.05 1393.75
LeakConst:Fs_true	0.276677 99.6915 402.487 601.632 800.517 1001.11 1200.75 1401.88
LeakConst:leak_wt	0.0
[Data]
Sys	Sys	Sys	Sys	Sys	UserDefVar	GasEx	GasEx	GasEx	GasEx	GasEx	GasEx	GasEx	GasEx	GasEx	GasEx	GasEx	GasEx	GasEx	GasEx	GasEx	GasEx	GasEx	GasEx	GasEx	GasEx	GasEx	GasEx	GasEx	GasEx	GasEx	GasEx	Leak	Leak	Leak	Leak	Leak	FLR	FLR	FLR	FLR	FLR	FLR	FLR	FLR	FLR	FLR	FLR	FLR	FLR	FLR	FLR	FLR	FLR	FLR	FLR	FLR	FLR	FLR	FLR	FLR	MPF	MPF	MPF	MPF	MPF	MPF	MPF	MPF	LeafQ	LeafQ	LeafQ	LeafQ	Const	Const	Meas	Meas	Meas	Meas	Meas	Meas	Meas	Meas	Meas	Meas	Meas	Meas	Meas	Meas	FlrLS	FlrLS	FlrLS	FlrLS	FlrLS	FlrLS	FlrLS	FlrLS	FlrLS	FlrLS	FlrLS	FlrLS	FlrLS	FlrLS	FlrLS	FlrLS	FlrLS	FlrStats	FlrStats	FlrStats	FlrStats	FlrStats	Match	Match	Match	Match	Match	Match	Match	Match	Match	Stability	Stability	Stability	Stability	Stability	Stability	Stability	Stability	Stability	Stability	Stability	Auxiliary	Auxiliary	Auxiliary	Auxiliary	Auxiliary	Auxiliary	Auxiliary	Auxiliary	Auxiliary	Auxiliary	Auxiliary	Auxiliary	Auxiliary	Auxiliary	Auxiliary	Auxiliary	Auxiliary	Auxiliary	Auxiliary	Status	Status	Status	Status	Status	Status	Status	Status	Status	Status	Status	Status	Status	Status	Status	Status	Status	Status	Status	Status	
obs	time	elapsed	date	hhmmss	plant	TIME	E	A	Ca	Ci	Pci	Pca	gsw	gbw	gtw	gtc	Rabs	TleafEB	TleafCnd	SVPleaf	RHcham	VPcham	SVPcham	VPDleaf	LatHFlux	SenHFlux	NetTherm	EBSum	blfa_1	blfa_2	blfa_3	Leak	LeakPct	CorrFact	CorrFactPct	Fan	DarkAdaptedID	Fo	Fm	Fv	Fv/Fm	Adark	LightAdaptedID	Fs	Fm'	PhiPS2	PS2/1	Qabs_fs	Afs	ETR	Fv'/Fm'	PhiCO2	NPQ	DarkPulseID	Fo'	Fv'	qP	qN	qP_Fo	qN_Fo	ID	P1_dur	P2_dur	P3_dur	P1_Qmax	P1_Fmax	P2_dQdt	P3_ΔF	Qin	Qabs	alpha	convert	K	Geometry	TIME	CO2_s	CO2_r	H2O_s	H2O_r	Flow	Pa	ΔPcham	Tair	Tleaf	Tleaf2	Fan_speed	Qamb_in	Qamb_out	Q	f_red	f_blue	f_farred	F	Q_modavg	F_dc	Pc	Tled	TDigital	TPreamp	TPwrSpy	TDrive	Q_red	Q_blue	Q_farred	TSPF	F_avg	dF/dt	dF_dc/dt	F_dc_avg	period	time	hhmmss	count	co2_adj	h2o_adj	co2_at	h2o_at	co2_cv	h2o_cv	CO2_s:MN	CO2_s:SLP	CO2_s:SD	CO2_s:OK	H2O_s:MN	H2O_s:SLP	H2O_s:SD	H2O_s:OK	Stable	Total	State	ADC_CH1	ADC_CH2	ADC_CH3	ADC_CH4	ADC_CH5	ADC_CH6	ADC_CH7	ADC_CH8	DAC_1	DAC_2	DAC_3	DAC_4	GPIO	GPIO_dir	excit_5v	power_12v	power_5v	ch1_pullup	AuxPower	MatchValveR	MatchValveS	MatchCO2	MatchH2O	DIAG	Flow_s	Flow_r	Txchg	Tirga	Tchopper	Ts	Tr	CO2_%	Desiccant_%	Humidifier_%	Txchg_sp	CO2_r_sp	H2O_r_sp	SS_s	SS_r	
	s	s				s	mol m⁻² s⁻¹	µmol m⁻² s⁻¹	µmol mol⁻¹	µmol mol⁻¹	Pa	Pa	mol m⁻² s⁻¹	mol m⁻² s⁻¹	mol m⁻² s⁻¹	mol m⁻² s⁻¹	W m⁻²	°C	°C	kPa	%	kPa	kPa	kPa	W m⁻²	W m⁻²	W m⁻²	W m⁻²				µmol s⁻¹	%		%	µmol s⁻¹						µmol m⁻² s⁻¹						µmol m⁻² s⁻¹	µmol m⁻² s⁻¹	µmol m⁻² s⁻¹		µmol µmol⁻¹										ms	ms	ms	µmol m⁻² s⁻¹		mol m⁻² s⁻²		µmol m⁻² s⁻¹	µmol m⁻² s⁻¹		J/µmol			s	µmol mol⁻¹	µmol mol⁻¹	mmol mol⁻¹	mmol mol⁻¹	µmol s⁻¹	kPa	kPa	°C	°C	°C	rpm	µmol m⁻² s⁻¹	µmol m⁻² s⁻¹	µmol m⁻² s⁻¹					µmol m⁻² s⁻¹			°C	°C	°C	°C	°C	µmol m⁻² s⁻¹	µmol m⁻² s⁻¹	µmol m⁻² s⁻¹	s		min⁻¹	min⁻¹		s	secs			µmol/mol	mmol/mol	µmol/mol	mmol/mol	%	%	µmol mol⁻¹	µmol mol⁻¹ min⁻¹	µmol mol⁻¹		mmol mol⁻¹	mmol mol⁻¹ min⁻¹	mmol mol⁻¹					V	V	V	V	V	V	V	V	V	V	V	V							V	%	%	µmol/mol	mmol/mol		µmol s⁻¹	µmol s⁻¹	°C	°C	°C	°C	°C	%	%	%	°C	µmol mol⁻¹	mmol mol⁻¹	%	%	
1	1597518409.7	0	20200815 14:06:49	14:06:49		1597518401.6999993	0.005605282874846398	-3.0194700294406	400.3022592294832	403.57582405179636	40.02244029570213	39.69780228508055	0.3954145299610869	3.3761453004873103	0.37137023999472246	0.2341447456227636	0.007980861840000002	26.95431386059208	27.003129032258062	3.5798175085099677	55.28007311223261	2.1260608682390174	3.8459805650447914	1.4537566402709503	-247.19297478072616	223.27631394241055	14.360609661519703	-9.548070314955908	-0.0410785410251882	0.04611426097861693	3.448230942630829	154.0	31.0	1	0	51789.0	MPF-6266-20200815-14_06_51	229.13423076923078	1166.83	937.6957692307692	0.8036267230280069	-3.0194700294406	-	0	0	0	0.5	1681.1908769590268	54.86636827732204	0	0	0.0	0	-	0	0	0	0	0	0	6266	300	300	300	9866.07	1134.45	-0.00818732	-14.5037	0.05000540000000002	0.042004536000000016	0.84	0.19	0.5	0: Broadleaf	1597518401.6999993	400.302258064516	399.99203225806446	21.43864193548387	19.244874193548387	500.0632580645161	98.96953548387097	0.200032935483871	28.22982258064516	27.003129032258062	999.9000000000003	10009.433548387096	0.0	258.30532258064517	0.05000540000000002	0.0	0.0	0.0	229.351935483871	0.05000540000000002	1967.2896774193546	8.10741935483871	43.29993548387094	49.17912903225805	45.9150322580645	48.354677419354836	46.122806451612895	0.0	0.0	0.0	1175.5	229.13423076923078	-5.642734966710058	-236.27350429190707	1965.643846153846	15	1597518343.2	14:05:43	92	-0.36	0.145	400.0	19.0	0.44	0.05	400.31472222222226	-0.13771069182394902	0.028472479673638446	1	21.440922222222227	-0.039027558604930526	0.00750055964990137	1	2	2	2/2	1.86676	1.86325	1.86892	1.8669	1.87158	1.86401	1.86555	1.8655	5	0	0	0	11111111	oooooooo	off	off	off	off	0.0	100.0	100.0	-0.36	0.145	2	330.483	462.879	25.4004	35.2247	30.0007	35.4049	35.4378	22.0544	50.0562	0	25.3738	400	19.1403	100.413	101.041	
2	1597518530.2	120.5	20200815 14:08:50	14:08:50		1597518522.1999993	0.005273658281712013	-1.70244604623995	399.84174258215427	397.99669294355454	39.46884192554285	39.65181322611343	0.3658708205427902	3.379062127889949	0.34520118601332717	0.21751045709196992	4.1044907646710245	26.986097589583153	27.0258064516129	3.584588132084044	55.15378201929624	2.113103155493942	3.831293300529502	1.471484976590102	-232.56833022349977	207.36403407817124	13.32278628900624	-7.777019091651255	-0.04112362294813475	0.04616486938651778	3.4512268809094526	154.0	31.0	1	0	52545.0	MPF-6266-20200815-14_06_51	229.13423076923078	1166.83	937.6957692307692	0.8036267230280069	-3.0194700294406	MPF-6267-20200815-14_08_51	286.79200000000003	1096.88	0.7385383998249581	0.5	21.07047984972734	-1.70244604623995	7.780679235880827	0.7778243745897454	0.06250564736036102	0.06377178907446558	DARK-6268-20200815-14_08_59	243.7	853.1800000000001	0.9494924869312454	0.07577480961511361	0.9335545371982843	0.07459775579171346	6267	300	300	300	9865.19	1028.25	-0.00816977	-14.4802	25.01246774193548	21.07047984972734	0.842399081414943	0.19479816282988627	0.5	0: Broadleaf	1597518522.1999993	399.84174193548387	400.0041935483871	21.30815161290323	19.243909677419353	500.0660322580644	98.9688258064516	0.19994274193548386	28.164093548387097	27.0258064516129	999.9000000000003	10020.490322580645	0.0	253.79177419354838	25.01246774193548	0.8998950000000002	0.10010500000000003	0.0	287.0577419354839	5.00054	2032.4983870967742	183.28938709677416	43.81612903225804	49.735774193548394	46.398999999999994	49.08438709677418	46.8708064516129	18.009032258064515	2.0	0.0	119.90000009536743	286.79200000000003	-28.126153805599586	-30.23555554166332	2032.195	15	1597518481.2	14:08:01	93	-0.224	0.148	400.0	19.0	1.13	0.04	399.82079629629624	0.1619348198971424	0.03209152399323666	1	21.327937037037046	-0.19361921097770377	0.02522698655170931	1	2	2	2/2	1.86677	1.86325	1.86892	1.8669	1.87153	1.86401	1.86554	1.86547	5	0	0	0	11111111	oooooooo	off	off	off	off	0.0	100.0	100.0	-0.224	0.148	2	330.102	462.373	25.0841	35.2441	30.0009	35.3653	35.3902	22.0605	49.5906	0	25.0713	400	19.2259	100.405	101.027	
3	1597518657.2	247.5	20200815 14:10:57	14:10:57		1597518649.1999993	0.004903320384763724	0.011015946931806644	399.2339677377225	389.7275709930031	38.64884056028663	39.59157912803369	0.34319255916433994	3.3731886190071254	0.32490729380859323	0.20462869339414386	8.233117125215736	26.94163217022469	26.879445161290324	3.5538956899947847	55.28563868933693	2.0999566817217232	3.7983764527382533	1.4539390082730614	-216.23642896808025	206.6850523285136	13.282747329878296	11.964487815527377	-0.04103286089079019	0.046062981025955595	3.445194100518375	154.0	31.0	1	0	52304.0	MPF-6266-20200815-14_06_51	229.13423076923078	1166.83	937.6957692307692	0.8036267230280069	-3.0194700294406	MPF-6269-20200815-14_10_58	278.7963846153847	1054.4	0.7355876473678067	0.5	42.132640750740165	0.011015946931806644	15.496125043614969	0.7747723823975721	0.07192727354311795	0.10662936267071303	DARK-6270-20200815-14_11_06	237.48	816.9200000000001	0.9494241974546043	0.12097702695432275	0.9398228356273106	0.11990029569209941	6269	300	300	300	9865.75	991.735	-0.00814957	-8.97717	49.99691935483871	42.132640750740165	0.8427047365001813	0.1954094730003626	0.5	0: Broadleaf	1597518649.1999993	399.23396774193543	400.0213225806452	21.175564516129036	19.255964516129033	500.0510322580644	98.96886774193551	0.19999645161290325	28.015980645161296	26.879445161290324	999.9000000000003	9998.370322580644	0.0	271.9681935483871	49.99691935483871	0.8997782258064517	0.10022165161290321	0.0	278.9864193548387	5.00054	2255.293870967742	412.10793548387096	44.281935483870946	50.21951612903225	46.87683870967742	49.519999999999996	47.34245161290321	40.48677419354839	4.50741935483871	0.0	126.70000004768372	278.7963846153847	-15.68157265905286	-50.73025636968429	2254.6615384615384	15	1597518585.7	14:09:45	94	-0.344	0.144	400.0	19.0	0.85	0.05	399.20329629629634	0.2800960548885416	0.04803687997918532	1	21.18008333333334	-0.03720114351056977	0.00646514157273866	1	2	2	2/2	1.86676	1.86325	1.86893	1.86688	1.87156	1.86401	1.86555	1.86547	5	0	0	0	11111111	oooooooo	off	off	off	off	0.0	100.0	100.0	-0.344	0.144	2	330.348	461.899	24.8758	35.2764	29.9996	35.3587	35.3773	22.0618	49.9457	0	25.0058	400	19.1537	100.397	101.02	
4	1597518784.7	375.0	20200815 14:13:04	14:13:04		1597518776.6999993	0.004672128250720649	2.9257712348702913	398.1097730737327	373.4939181558526	37.03945221290416	39.48061052255605	0.321189108386623	3.376990942586865	0.30513151284529094	0.19208298686847103	16.49107931142426	26.968130250660828	26.972158064516133	3.57331113404662	55.466099669830214	2.0982534753544364	3.7829475803140773	1.4750576586921835	-206.04085585678064	177.32911613424946	11.384628625927263	-0.8360317851796424	-0.041091609314055734	0.046128931277715716	3.4490995172876566	155.0	31.0	1	0	52189.0	MPF-6266-20200815-14_06_51	229.13423076923078	1166.83	937.6957692307692	0.8036267230280069	-3.0194700294406	MPF-6271-20200815-14_13_06	287.2665384615385	1006.85	0.7146878497675537	0.5	84.26397532949164	2.9257712348702913	30.111219670550287	0.7566072404032378	0.07055495828512269	0.15889159259075325	DARK-6272-20200815-14_13_13	245.06	761.79	0.9445955729774105	0.17355739501177073	0.9252525022736703	0.17060970652692412	6271	300	300	300	9868.73	951.394	-0.00811024	-1.75995	99.97461935483871	84.26397532949164	0.8428536749953959	0.19570734999079173	0.5	0: Broadleaf	1597518776.6999993	398.1097741935484	400.02387096774197	21.15811290322581	19.32901290322581	500.05738709677433	98.97017419354837	0.1999873870967742	27.94617096774194	26.972158064516133	999.9000000000003	10012.55322580645	0.0	283.27251612903234	99.97461935483871	0.8998910967741935	0.10010889032258061	0.0	287.320129032258	5.00054	2503.231612903226	869.8669677419354	44.73577419354838	50.56199999999997	47.28599999999999	49.85874193548388	47.69112903225804	85.4658064516129	9.509999999999998	0.0	126.70000004768372	287.2665384615385	-11.731760689278929	-410.85333372814114	2501.6761538461537	15	1597518724.2	14:12:04	95	-0.341	0.144	400.0	19.0	0.23	0.04	398.10577777777775	0.0009422527158713938	0.017258027296674607	1	21.139294444444452	0.17458799313894185	0.030091344988382965	1	2	2	2/2	1.86676	1.86327	1.86893	1.8669	1.87159	1.86401	1.86554	1.86547	5	0	0	0	11111111	oooooooo	off	off	off	off	0.0	100.0	100.0	-0.341	0.144	2	329.538	461.723	24.5213	35.3088	29.9981	35.3678	35.3805	22.0639	49.4075	0	24.5441	400	19.1655	100.393	101.016	
5	1597518924.2	514.5	20200815 14:15:24	14:15:24		1597518916.2032251	0.004687539221956193	7.738115342950579	396.13506154492023	346.3892505979612	34.3504408845298	39.28359205835138	0.3185026197530949	3.3737453757963882	0.3026910356747698	0.19053707399141123	33.01775644131883	26.897806121261308	26.89727096774194	3.5576215082731726	55.082470098423386	2.0654371332207817	3.7497177042536083	1.4921843750523909	-206.7204796882681	163.27848830033034	10.480811936348772	0.056576989729819616	-0.0410414613052993	0.04607263574467976	3.445765949528226	154.0	31.0	1	0	52084.0	MPF-6266-20200815-14_06_51	229.13423076923078	1166.83	937.6957692307692	0.8036267230280069	-3.0194700294406	MPF-6273-20200815-14_15_25	297.4815	956.768	0.6890766622629519	0.5	168.5859106424782	7.738115342950579	58.08430830503958	0.7414211177631359	0.06381070239733672	0.21955374761697705	DARK-6274-20200815-14_15_33	247.4	709.368	0.9293998319630995	0.22846981281881157	0.9060691351598157	0.22401935349705426	6273	300	300	300	9876.16	905.216	-0.00803434	6.1366	200.00093548387096	168.5859106424782	0.8429256104958258	0.19585122099165161	0.5	0: Broadleaf	1597518916.2032251	396.1350645161291	399.9725806451612	20.827832258064515	18.99210322580645	500.0637741935484	98.96717096774192	0.19999667741935478	27.794970967741932	26.89727096774194	999.9000000000003	10000.637419354838	0.0	277.40158064516123	200.00093548387096	0.8999679354838711	0.10003228387096776	0.0	297.50622580645165	5.00054	2788.7016129032263	1786.0483870967744	45.247903225806446	51.0	47.739838709677414	50.16499999999998	48.11687096774194	175.49354838709675	19.503870967741936	0.0	138.60000014305115	297.4815	-5.7051282109906785	-4.678632460673099	2788.8650000000002	15	1597518838.7	14:13:58	96	-0.37	0.141	400.0	19.0	0.67	0.05	396.1356666666666	0.0032325968588369325	0.010168943278801348	1	20.84639259259259	-0.18136970437797834	0.025263770369413664	1	2	2	2/2	1.86676	1.86326	1.86897	1.86691	1.87162	1.86401	1.86554	1.8655	5	0	0	0	11111111	oooooooo	off	off	off	off	0.0	100.0	100.0	-0.37	0.141	2	330.212	461.748	24.7205	35.3399	29.9994	35.388	35.3966	22.061	49.9112	0	24.7429	400	19.0741	100.387	101.007	
6	1597519050.2	640.5	20200815 14:17:30	14:17:30		1597519042.2032251	0.0043453083749173714	15.54641460280116	393.1565424353872	295.5668479914363	29.31091739916775	38.988739835260255	0.2908496860223321	3.371367599923212	0.27759425689591366	0.1746370091444542	66.06692583663916	27.14259448899543	27.058041935483875	3.591379025838638	55.574383075505395	2.0834653120581836	3.748967054168665	1.5079137137804546	-191.62809933385608	133.31888422951857	8.570471671860636	16.328182404162277	-0.04100473540340086	0.04603140770243305	3.4433237261319496	153.0	31.0	1	0	52286.0	MPF-6266-20200815-14_06_51	229.13423076923078	1166.83	937.6957692307692	0.8036267230280069	-3.0194700294406	MPF-6275-20200815-14_17_31	311.9138846153846	912.607	0.6582166424152076	0.5	337.2079547432985	15.54641460280116	110.97794388341661	0.7521167380920812	0.05505767100415869	0.27856788299892504	DARK-6276-20200815-14_17_39	226.22	686.387	0.8751522324645068	0.2702746090303101	0.8788837572280748	0.2711145857131782	6275	300	300	300	9892.15	853.489	-0.0078843	6.06824	400.0276129032259	337.2079547432985	0.842961695308957	0.19592339061791406	0.5	0: Broadleaf	1597519042.2032251	393.1565483870968	400.0577096774194	21.00934838709677	19.30792903225806	500.055	98.96849032258065	0.19999761290322582	27.791541935483874	27.058041935483875	999.9000000000003	9991.555161290324	0.0	295.61880645161295	400.0276129032259	0.9000257419354836	0.0999744903225806	0.0	311.95625806451613	5.00054	3620.8348387096776	3618.1938709677424	45.83638709677418	51.30603225806449	48.17899999999997	50.44112903225804	48.54199999999998	355.5345161290323	39.49193548387097	0.0	125.20000004768372	311.9138846153846	-3.1456752167049022	204.51487189679352	3621.944615384615	15	1597518979.2	14:16:19	97	-0.328	0.143	400.0	19.0	0.26	0.04	393.1383518518519	0.14646290058139136	0.028103088934878166	1	20.986712962962958	0.1953100425156425	0.03070501856854882	1	2	2	2/2	1.86672	1.86318	1.86886	1.86676	1.87149	1.86389	1.86542	1.86539	5	0	0	0	11111111	oooooooo	off	off	off	off	0.0	100.0	100.0	-0.328	0.143	2	331.853	461.868	22.495	35.3061	29.9999	35.3685	35.3805	22.0568	49.5681	0	22.4927	400	19.0907	100.389	101.013	
7	1597519186.7	777.0	20200815 14:19:46	14:19:46		1597519178.7322574	0.004854954989396029	20.520767343030297	390.99925022014776	273.5922152279716	27.13297141324891	38.7765838658277	0.31498574827091974	3.374584438201041	0.2995159481212651	0.1885240366563125	97.9993559285093	26.877501989745824	26.965264516129032	3.5718643441921345	54.59754990772379	2.0095708004701884	3.6806977673294807	1.562293543721946	-214.1035150323649	93.12733784685646	5.968875355630437	-17.0079459013687	-0.0410544237892242	0.04608718726846142	3.446627758821015	155.0	31.0	1	0	52303.0	MPF-6266-20200815-14_06_51	229.13423076923078	1166.83	937.6957692307692	0.8036267230280069	-3.0194700294406	MPF-6277-20200815-14_19_48	320.22169230769236	846.74	0.6218181586937048	0.5	505.1872261312926	20.520767343030297	157.06729537427032	0.7455181047310863	0.046597055813824256	0.37802631268157866	DARK-6278-20200815-14_19_55	215.48	631.26	0.8340751951530394	0.3364587165606769	0.8525152029393905	0.34135805077011605	6277	300	300	300	9887.57	779.766	-0.00771738	0.131042	599.989741935484	505.1872261312926	0.8419931055848197	0.1939862111696394	0.5	0: Broadleaf	1597519178.7322574	390.9992580645162	399.9657741935484	20.26327741935484	18.360880645161288	500.06158064516126	98.97305483870967	0.19998409677419357	27.477148387096776	26.965264516129032	999.9000000000003	10003.201290322582	0.0	310.381064516129	599.989741935484	0.9330025806451613	0.0669977193548387	0.0	320.2107096774194	5.00054	4287.805161290323	5502.6874193548365	46.63287096774192	51.85664516129032	48.78599999999999	50.933129032258044	49.132935483870966	555.1258064516129	39.861290322580636	0.0	135.70000004768372	320.22169230769236	1.233572650383006	172.77709408642835	4288.930384615384	15	1597519138.3	14:18:58	98	-0.327	0.133	400.0	18.0	0.32	0.04	391.03361111111104	-0.285425861420575	0.045800863919819475	1	20.270379629629634	-0.07070998565519115	0.01140827152210536	1	2	2	2/2	1.86676	1.86325	1.8689	1.86686	1.87151	1.864	1.86554	1.86543	5	0	0	0	11111111	oooooooo	off	off	off	off	0.0	100.0	100.0	-0.327	0.133	2	329.643	460.427	23.858	35.4416	30.0005	35.4394	35.445	22.0512	52.387	0	23.8624	400	18.5396	100.371	100.987	
8	1597519351.2	941.5	20200815 14:22:31	14:22:31		1597519343.251613	0.005161357844847349	23.60361766189751	389.7673780871533	261.3146713269708	25.915604431035504	38.654764921291154	0.32952029330663946	3.3723614772517916	0.31262048926704145	0.1968339322797859	129.91440788901963	26.835421726441506	27.027638709677422	3.584973824375643	54.600953282196784	1.9936657981834116	3.651338810660413	1.5913080261922314	-227.6158809577681	56.85925997395089	3.6453653823855343	-37.196847712412044	-0.04102008491587676	0.046048638874878395	3.4443445391655416	154.0	31.0	1	0	52424.0	MPF-6266-20200815-14_06_51	229.13423076923078	1166.83	937.6957692307692	0.8036267230280069	-3.0194700294406	MPF-6279-20200815-14_22_32	325.35534615384614	760.427	0.5721412493850875	0.5	673.1968399323104	23.60361766189751	192.5818405404824	0.7242601853958369	0.03954725588731975	0.5344405182877513	DARK-6280-20200815-14_22_40	209.68	550.7470000000001	0.7899664525565347	0.4245969806195476	0.818892480837018	0.4334060292640428	6279	300	300	300	9884.75	695.446	-0.00755153	-0.244263	800.0051290322581	673.1968399323104	0.8414906548744958	0.1929813097489918	0.5	0: Broadleaf	1597519343.251613	389.7673870967742	400.0120967741935	20.102719354838708	18.079961290322583	500.0697419354839	98.9739	0.20003577419354834	27.340377419354837	27.027638709677422	999.9000000000003	9994.749032258063	0.0	325.9263548387097	800.0051290322581	0.949996870967742	0.05000318064516127	0.0	325.375064516129	5.00054	5106.856451612903	7388.978387096775	46.925064516129005	51.56816129032256	48.83232258064515	50.392806451612884	49.140935483870955	755.2519354838709	39.75096774193548	0.0	163.60000014305115	325.35534615384614	0.6720341944713936	-113.56547017489247	5106.415769230769	15	1597519268.7	14:21:08	99	-0.278	0.138	400.0	19.0	0.46	0.06	389.7677222222222	0.043097168371882925	0.018630338326848104	1	20.122390740740737	-0.19231984143560815	0.0254263735090489	1	2	2	2/2	1.86667	1.86322	1.8689	1.86676	1.87149	1.86395	1.86552	1.86539	5	0	0	0	11111111	oooooooo	off	off	off	off	0.0	100.0	100.0	-0.278	0.138	2	329.81	458.468	22.8283	35.6769	30.0014	35.5995	35.5965	22.0464	53.1082	0	22.8078	400	18.2848	100.331	100.941	
9	1597519502.8	1093.0999999046326	20200815 14:25:02	14:25:02		1597519494.8000007	0.005164125694746032	26.028857268244348	388.7916352181719	249.4914049696369	24.74276247837416	38.55755706274789	0.33275466129982467	3.3745150415549228	0.31554116685124567	0.19868555955034162	161.83863033759422	26.685035938945617	26.925812903225804	3.5635942336157407	55.40351157401693	1.9859504579398042	3.5845209112542475	1.5776437756759365	-227.7379431383	18.133412548977073	1.1594109636689665	-46.60648928805975	-0.04105335164164852	0.046085983688882434	3.4465564807437516	155.0	31.0	1	0	52340.0	MPF-6266-20200815-14_06_51	229.13423076923078	1166.83	937.6957692307692	0.8036267230280069	-3.0194700294406	MPF-6281-20200815-14_25_04	321.95692307692303	667.01	0.5173131990870856	0.5	841.2070445163731	26.028857268244348	217.5837536466787	0.6911290685297072	0.034531721396110535	0.7493440877947856	DARK-6282-20200815-14_25_11	206.02	460.99	0.7485044728151955	0.520206908754072	0.7880159195135257	0.5330300257300116	6281	300	300	300	9882.08	609.972	-0.00738664	0.280884	1000.0151612903226	841.2070445163731	0.8411942909255107	0.19238858185102162	0.5	0: Broadleaf	1597519494.8000007	388.79164516129026	400.0053225806452	20.02515161290322	18.00104193548387	500.04338709677415	98.97280322580644	0.20000187096774197	27.025487096774196	26.925812903225804	999.9000000000003	10002.965483870967	0.0	300.43619354838705	1000.0151612903226	0.9599915806451614	0.040008516129032244	0.0	321.99741935483866	5.00054	5571.087741935485	9274.772258064517	47.21545161290323	51.57825806451611	48.92099999999998	50.394999999999996	49.286	955.2048387096776	39.81032258064515	0.0	151.0	321.95692307692303	-1.2330940001033177	-84.93982910999975	5571.139615384614	15	1597519421.8	14:23:41	100	-0.362	0.131	400.0	18.0	0.21	0.04	388.81161111111106	-0.2503327615782579	0.039850840721029866	1	20.045811111111114	-0.1935323041738462	0.029514965862703236	1	2	2	2/2	1.86674	1.86323	1.8689	1.86679	1.87149	1.864	1.86552	1.8654	5	0	0	0	11111111	oooooooo	off	off	off	off	0.0	100.0	100.0	-0.362	0.131	2	329.289	456.582	22.0754	35.9794	29.9965	35.8244	35.8097	22.0472	54.0933	0	22.3592	400	17.8772	100.288	100.888	
10	1597519647.8	1238.0999999046326	20200815 14:27:27	14:27:27		1597519639.8000007	0.005455292649744695	27.76901796265513	388.0539248559613	245.7968083365321	24.3738313745565	38.48040579812627	0.34798548031269827	3.374152824184221	0.3292059820168311	0.20735650565176825	193.73497128306062	26.708589659729164	26.897570967741935	3.5576842412202447	54.92539318913474	1.9601743583050175	3.5687944036289143	1.5975098829152272	-240.57840585374106	9.65165069496987	0.6168536672461284	-36.57493020846445	-0.0410477557028492	0.04607970175734904	3.4461844434809197	156.0	31.0	1	0	52243.0	MPF-6266-20200815-14_06_51	229.13423076923078	1166.83	937.6957692307692	0.8036267230280069	-3.0194700294406	MPF-6283-20200815-14_27_29	312.6478846153846	589.386	0.4695362892647863	0.5	1009.1846897902027	27.76901796265513	236.92441721346313	0.6558452355502166	0.030508278914235496	0.9797382360626143	DARK-6284-20200815-14_27_36	202.84	386.54599999999994	0.7159254406580727	0.5990145125986784	0.768179753774764	0.6158116725574023	6283	300	300	300	9878.46	537.721	-0.00722159	1.65918	1200.0019354838712	1009.1846897902027	0.8409858850629885	0.1919717701259774	0.5	0: Broadleaf	1597519639.8000007	388.053935483871	400.00719354838714	19.767290322580646	17.62850967741936	500.0471935483871	98.96255161290321	0.19997022580645157	26.950629032258067	26.897570967741935	999.9000000000003	10002.638064516128	0.0	275.93480645161287	1200.0019354838712	0.967001451612903	0.03299817741935484	0.0	312.70477419354836	5.00054	5972.636774193548	11161.50322580645	47.53799999999998	51.62899999999999	49.06199999999997	50.44729032258063	49.475612903225795	1155.566451612903	39.43548387096776	0.0	144.60000014305115	312.6478846153846	-3.3057435859722775	-53.518974418360486	5972.132692307693	15	1597519557.8	14:25:57	101	-0.398	0.12	400.0	18.0	0.32	0.05	388.08331481481497	-0.26524413950838344	0.03739123687892913	1	19.785314814814814	-0.16872178387652206	0.027597660981184248	1	2	2	2/2	1.86674	1.86323	1.8689	1.86676	1.87149	1.86398	1.86549	1.86539	5	0	0	0	11111111	oooooooo	off	off	off	off	0.0	100.0	100.0	-0.398	0.12	2	328.32	456.104	22.4486	36.1432	29.9992	35.9971	35.9777	22.0354	55.0095	0	22.548	400	17.6905	100.261	100.857	
11	1597519768.3	1358.5999999046326	20200815 14:29:28	14:29:28		1597519760.3000007	0.005645692272756649	29.24854977016904	387.46589204748454	240.29474027817133	23.827080798639848	38.42023802037894	0.35401621372619724	3.3737217352732167	0.334597325683364	0.2107792259064732	241.6621341898424	26.904658036665865	27.112006451612906	3.6027726076234345	55.41639296633506	1.9767467568057198	3.5670794344312067	1.6260258508177148	-248.97502922856822	-30.839913621009813	-1.9733182950108525	-40.12612695474648	-0.04104109610908917	0.04607222577994094	3.4457416681496915	155.0	31.0	1	0	52323.0	MPF-6266-20200815-14_06_51	229.13423076923078	1166.83	937.6957692307692	0.8036267230280069	-3.0194700294406	MPF-6285-20200815-14_29_29	301.23753846153846	506.178	0.40487824745141343	0.5	1261.1896640802333	29.24854977016904	255.31413044832084	0.6094654449620489	0.02558538237239854	1.3051772301443365	DARK-6286-20200815-14_29_37	197.68	308.498	0.6643169859722318	0.6816818861889284	0.7397403742646608	0.7045483425204746	6285	300	300	300	9874.79	462.278	-0.00697417	2.09171	1499.9748387096768	1261.1896640802333	0.8408072132497546	0.19161442649950905	0.5	0: Broadleaf	1597519760.3000007	387.46590322580647	400.03890322580645	19.935377419354833	17.722370967741934	500.0566774193548	98.9577677419355	0.1999615161290322	26.94244838709677	27.112006451612906	999.9000000000003	10001.498709677422	0.0	269.69112903225806	1499.9748387096768	0.9730050645161288	0.02699487419354839	0.0	301.2925806451613	5.00054	6748.268709677419	13987.54193548387	47.93519354838708	51.650999999999996	49.21341935483869	50.47961290322579	49.71341935483869	1454.614838709678	40.35999999999998	0.0	120.09999990463257	301.23753846153846	-8.049572654203335	27.686837672171492	6748.873846153846	15	1597519711.8	14:28:31	102	-0.423	0.12	400.0	18.0	0.22	0.04	387.4532407407408	0.14034534019446152	0.02942657855369969	1	19.9481	-0.12520434534019614	0.017951013589457658	1	2	2	2/2	1.86661	1.8631	1.86874	1.86673	1.87138	1.86386	1.86539	1.86528	5	0	0	0	11111111	oooooooo	off	off	off	off	0.0	100.0	100.0	-0.423	0.12	2	328.842	456.391	21.1734	36.1537	30.0002	36.0571	36.0418	22.0214	55.4879	0	19.1044	400	17.6781	100.254	100.854	
12	1597519888.8	1479.0999999046326	20200815 14:31:28	14:31:28		1597519880.8032262	0.005883534242333633	30.165297566188976	387.03024655892676	238.42360921352957	23.641828822689106	38.37750325369235	0.36211174415167363	3.374363599024212	0.3418255232554688	0.21536882690185372	289.4980289499718	26.844456215083316	27.119596774193546	3.604377688201406	55.35599764851769	1.9454063096918666	3.5143550696063732	1.6589713785095395	-259.46386008691326	-78.2872413061652	-5.0021783026824105	-53.25525074578907	-0.041051011955532894	0.04608335718624988	3.4464009324738436	155.0	31.0	1	0	52416.0	MPF-6266-20200815-14_06_51	229.13423076923078	1166.83	937.6957692307692	0.8036267230280069	-3.0194700294406	MPF-6287-20200815-14_31_30	291.43376923076926	448.538	0.35025846365130886	0.5	1513.1903899671722	30.165297566188976	265.00387060091333	0.569222674556002	0.021930331976499993	1.601407238628611	DARK-6288-20200815-14_31_37	193.22	255.318	0.6153276728206815	0.7377615266893315	0.7160507375057367	0.7660181730256123	6287	300	300	300	9869.49	410.134	-0.00672689	2.53207	1800.0067741935484	1513.1903899671722	0.8406581639922562	0.19131632798451242	0.5	0: Broadleaf	1597519880.8032262	387.0302580645162	400.00567741935487	19.619074193548386	17.3121064516129	500.0594193548387	98.95893870967741	0.19998645161290327	26.689254838709676	27.119596774193546	999.9000000000003	10003.796774193548	0.0	273.6136129032258	1800.0067741935484	0.9779998064516132	0.021999800000000003	0.0	291.49209677419356	5.00054	7583.648064516129	16818.96129032258	48.46341935483869	51.794032258064505	49.513999999999996	50.59241935483869	50.08841935483869	1755.5167741935481	39.49	0.0	120.10000014305115	291.43376923076926	-4.796786336192077	-24.87487175468126	7583.258846153845	15	1597519822.3	14:30:22	103	-0.362	0.118	400.0	18.0	0.19	0.04	387.0461666666667	-0.16949681456156981	0.025433100333869866	1	19.63296111111111	-0.13774600593971364	0.01903634357073912	1	2	2	2/2	1.86661	1.86311	1.86876	1.86672	1.87145	1.86386	1.86539	1.86528	5	0	0	0	11111111	oooooooo	off	off	off	off	0.0	100.0	100.0	-0.362	0.118	2	328.85	455.898	20.9891	36.2238	30.0003	36.1174	36.1028	22.0129	56.1377	0	17.4835	400	17.292	100.248	100.845	
13	1597520009.3	1599.5999999046326	20200815 14:33:29	14:33:29		1597520001.3000007	0.006014981645831941	30.543852283572882	386.8797947830097	237.31188061134844	23.53098112554781	38.36159034871122	0.36458803014092617	3.3727380949264902	0.34402255462298453	0.21676509429590485	321.4381051238052	26.86747976795531	27.15867741935484	3.6126517249159087	55.20752431097043	1.9274076294363987	3.491204602075226	1.68524409547951	-265.2606905811886	-105.76115399572849	-6.758415960326418	-56.342155413438334	-0.0410259019533452	0.04605516900903719	3.4447313647217968	155.0	31.0	1	0	52363.0	MPF-6266-20200815-14_06_51	229.13423076923078	1166.83	937.6957692307692	0.8036267230280069	-3.0194700294406	MPF-6289-20200815-14_33_30	284.1043076923077	417.062	0.3187959879051371	0.5	1681.1880480639077	30.543852283572882	267.97800231842126	0.5513856452997397	0.01996405003691629	1.7977375066536867	DARK-6290-20200815-14_33_38	187.1	229.96200000000002	0.5781724472203768	0.7652802302675227	0.7074935910319062	0.7995855634659265	6289	300	300	300	9866.92	382.011	-0.00656243	2.19232	1999.98935483871	1681.1880480639077	0.8405984981852506	0.19119699637050133	0.5	0: Broadleaf	1597520001.3000007	386.8798064516129	400.0270322580645	19.438064516129025	17.07904516129032	500.04354838709685	98.95636774193548	0.19998745161290318	26.577032258064516	27.15867741935484	999.9000000000003	9997.93741935484	0.0	284.8482580645161	1999.98935483871	0.9800007096774193	0.0199994935483871	0.0	284.12906451612906	5.00054	8230.687741935484	18703.53225806452	48.87267741935482	51.86687096774194	49.754	50.60867741935483	50.366806451612895	1955.0896774193552	39.89967741935485	0.0	120.0	284.1043076923077	-3.9835897538624714	-86.153846142187	8229.456153846153	15	1597519949.3	14:32:29	104	-0.309	0.112	400.0	17.0	0.7	0.04	386.8640555555555	0.09813607775870548	0.023091137202049684	1	19.441087037037036	-0.027302915951969663	0.003815176627933908	1	2	2	2/2	1.86661	1.8631	1.86874	1.86669	1.87135	1.86386	1.86539	1.86526	5	0	0	0	11111111	oooooooo	off	off	off	off	0.0	100.0	100.0	-0.309	0.112	2	329.497	455.789	20.721	36.2023	29.9999	36.1207	36.1051	22.0081	56.57	0	17.3304	400	17.0487	100.254	100.857	
