[Header]
File opened	2020-08-15 10:33:36
Console s/n	68C-571038
Console ver	Bluestem v.1.3.4
Scripts ver	2018.05  1.3.4, Mar 2018
Head s/n	68H-581038
Head ver	1.4.0
Head cal	{"co2aspan2b": "0.163711", "h2oazero": "1.00263", "flowbzero": "0.22736", "co2azero": "0.869071", "co2bzero": "0.880288", "h2obspan1": "0.998578", "h2oaspanconc2": "0", "co2bspanconc1": "1002", "co2aspanconc2": "0", "tbzero": "0.197721", "h2oaspanconc1": "12.19", "flowazero": "0.42932", "co2aspanconc1": "1002", "h2obzero": "1.01783", "co2bspan1": "0.992131", "oxygen": "21", "chamberpressurezero": "2.59209", "co2aspan1": "0.992625", "tazero": "0.00774765", "ssa_ref": "36614.9", "co2bspan2": "0", "co2aspan2a": "0.164928", "h2oaspan2b": "0.0662632", "co2aspan2": "0", "h2oaspan1": "1.00223", "co2bspan2a": "0.163389", "h2obspanconc2": "0", "h2obspanconc1": "20", "ssb_ref": "36526.8", "h2oaspan2": "0", "h2obspan2": "0", "flowmeterzero": "0.990908", "h2oaspan2a": "0.0661155", "h2obspan2b": "0.0963575", "co2bspanconc2": "0", "co2bspan2b": "0.162103", "h2obspan2a": "0.0975941"}
Chamber type	6800-01A
Chamber s/n	MPF-551037
Chamber rev	0
Chamber cal	0
Fluorometer	MPF-551037
Flr. Version	1.4.0
10:33:36	Stability Definition:	H2O_s (Meas): Slp<0.2	CO2_s (Meas): Slp<0.3
SysConst:AvgTime	4
SysConst:Oxygen	21
SysConst:Chamber	6800-01A 2 cm²
Const:S	2.0
Const:CustomBLC	2.0
LTConst:deltaTw	0
LTConst:fT1	1
LTConst:fT2	0
LTConst:fTeb	0
LQConst:Leaf	standard
LQConst:Ambient	Sun+Sky
LQConst:abs_ambient	0.49
LQConst:abs_redLED	0.84
LQConst:abs_greenLED	0.7
LQConst:abs_blueLED	0.87
LQConst:abs_whiteLED	0.75
LQConst:abs_redFlr	0.84
LQConst:abs_blueFlr	0.87
LQConst:k_ambient	0.39
LQConst:k_redLED	0.18
LQConst:k_greenLED	0.23
LQConst:k_blueLED	0.26
LQConst:k_whiteLED	0.21
LQConst:k_redFlr	0.19
LQConst:k_blueFlr	0.25
QConst:fQ_Amb_in	0.0
QConst:fQ_Amb_out	0.0
QConst:fQ_HeadLS	0.0
QConst:fQ_ConsoleLS	0.0
QConst:fQ_Flr	1.0
LeakConst:fan_a	-6276.0
LeakConst:fan_b	6.6
LeakConst:fan_c	1.709e-05
LeakConst:fan_d	3.11
LeakConst:Fs_meas	3.00186 75.5949 388.782 621.537 849.04 1054.8 1229.05 1393.75
LeakConst:Fs_true	0.276677 99.6915 402.487 601.632 800.517 1001.11 1200.75 1401.88
LeakConst:leak_wt	0.0
[Data]
Sys	Sys	Sys	Sys	Sys	UserDefVar	GasEx	GasEx	GasEx	GasEx	GasEx	GasEx	GasEx	GasEx	GasEx	GasEx	GasEx	GasEx	GasEx	GasEx	GasEx	GasEx	GasEx	GasEx	GasEx	GasEx	GasEx	GasEx	GasEx	GasEx	GasEx	GasEx	Leak	Leak	Leak	Leak	Leak	FLR	FLR	FLR	FLR	FLR	FLR	FLR	FLR	FLR	FLR	FLR	FLR	FLR	FLR	FLR	FLR	FLR	FLR	FLR	FLR	FLR	FLR	FLR	FLR	MPF	MPF	MPF	MPF	MPF	MPF	MPF	MPF	LeafQ	LeafQ	LeafQ	LeafQ	Const	Const	Meas	Meas	Meas	Meas	Meas	Meas	Meas	Meas	Meas	Meas	Meas	Meas	Meas	Meas	FlrLS	FlrLS	FlrLS	FlrLS	FlrLS	FlrLS	FlrLS	FlrLS	FlrLS	FlrLS	FlrLS	FlrLS	FlrLS	FlrLS	FlrLS	FlrLS	FlrLS	FlrStats	FlrStats	FlrStats	FlrStats	FlrStats	Match	Match	Match	Match	Match	Match	Match	Match	Match	Stability	Stability	Stability	Stability	Stability	Stability	Stability	Stability	Stability	Stability	Stability	Auxiliary	Auxiliary	Auxiliary	Auxiliary	Auxiliary	Auxiliary	Auxiliary	Auxiliary	Auxiliary	Auxiliary	Auxiliary	Auxiliary	Auxiliary	Auxiliary	Auxiliary	Auxiliary	Auxiliary	Auxiliary	Auxiliary	Status	Status	Status	Status	Status	Status	Status	Status	Status	Status	Status	Status	Status	Status	Status	Status	Status	Status	Status	Status	
obs	time	elapsed	date	hhmmss	plant	TIME	E	A	Ca	Ci	Pci	Pca	gsw	gbw	gtw	gtc	Rabs	TleafEB	TleafCnd	SVPleaf	RHcham	VPcham	SVPcham	VPDleaf	LatHFlux	SenHFlux	NetTherm	EBSum	blfa_1	blfa_2	blfa_3	Leak	LeakPct	CorrFact	CorrFactPct	Fan	DarkAdaptedID	Fo	Fm	Fv	Fv/Fm	Adark	LightAdaptedID	Fs	Fm'	PhiPS2	PS2/1	Qabs_fs	Afs	ETR	Fv'/Fm'	PhiCO2	NPQ	DarkPulseID	Fo'	Fv'	qP	qN	qP_Fo	qN_Fo	ID	P1_dur	P2_dur	P3_dur	P1_Qmax	P1_Fmax	P2_dQdt	P3_ΔF	Qin	Qabs	alpha	convert	K	Geometry	TIME	CO2_s	CO2_r	H2O_s	H2O_r	Flow	Pa	ΔPcham	Tair	Tleaf	Tleaf2	Fan_speed	Qamb_in	Qamb_out	Q	f_red	f_blue	f_farred	F	Q_modavg	F_dc	Pc	Tled	TDigital	TPreamp	TPwrSpy	TDrive	Q_red	Q_blue	Q_farred	TSPF	F_avg	dF/dt	dF_dc/dt	F_dc_avg	period	time	hhmmss	count	co2_adj	h2o_adj	co2_at	h2o_at	co2_cv	h2o_cv	CO2_s:MN	CO2_s:SLP	CO2_s:SD	CO2_s:OK	H2O_s:MN	H2O_s:SLP	H2O_s:SD	H2O_s:OK	Stable	Total	State	ADC_CH1	ADC_CH2	ADC_CH3	ADC_CH4	ADC_CH5	ADC_CH6	ADC_CH7	ADC_CH8	DAC_1	DAC_2	DAC_3	DAC_4	GPIO	GPIO_dir	excit_5v	power_12v	power_5v	ch1_pullup	AuxPower	MatchValveR	MatchValveS	MatchCO2	MatchH2O	DIAG	Flow_s	Flow_r	Txchg	Tirga	Tchopper	Ts	Tr	CO2_%	Desiccant_%	Humidifier_%	Txchg_sp	CO2_r_sp	H2O_r_sp	SS_s	SS_r	
	s	s				s	mol m⁻² s⁻¹	µmol m⁻² s⁻¹	µmol mol⁻¹	µmol mol⁻¹	Pa	Pa	mol m⁻² s⁻¹	mol m⁻² s⁻¹	mol m⁻² s⁻¹	mol m⁻² s⁻¹	W m⁻²	°C	°C	kPa	%	kPa	kPa	kPa	W m⁻²	W m⁻²	W m⁻²	W m⁻²				µmol s⁻¹	%		%	µmol s⁻¹						µmol m⁻² s⁻¹						µmol m⁻² s⁻¹	µmol m⁻² s⁻¹	µmol m⁻² s⁻¹		µmol µmol⁻¹										ms	ms	ms	µmol m⁻² s⁻¹		mol m⁻² s⁻²		µmol m⁻² s⁻¹	µmol m⁻² s⁻¹		J/µmol			s	µmol mol⁻¹	µmol mol⁻¹	mmol mol⁻¹	mmol mol⁻¹	µmol s⁻¹	kPa	kPa	°C	°C	°C	rpm	µmol m⁻² s⁻¹	µmol m⁻² s⁻¹	µmol m⁻² s⁻¹					µmol m⁻² s⁻¹			°C	°C	°C	°C	°C	µmol m⁻² s⁻¹	µmol m⁻² s⁻¹	µmol m⁻² s⁻¹	s		min⁻¹	min⁻¹		s	secs			µmol/mol	mmol/mol	µmol/mol	mmol/mol	%	%	µmol mol⁻¹	µmol mol⁻¹ min⁻¹	µmol mol⁻¹		mmol mol⁻¹	mmol mol⁻¹ min⁻¹	mmol mol⁻¹					V	V	V	V	V	V	V	V	V	V	V	V							V	%	%	µmol/mol	mmol/mol		µmol s⁻¹	µmol s⁻¹	°C	°C	°C	°C	°C	%	%	%	°C	µmol mol⁻¹	mmol mol⁻¹	%	%	
1	1597505757.4	0	20200815 10:35:57	10:35:57		1597505749.4032264	0.016234068336151028	28.407031855825068	386.72192462700696	347.5176928159952	34.492760847546336	38.38396472010714	1.7410985443915559	3.375269283679439	1.3589242835107727	0.8766114863271361	321.4378888349698	24.4567160070447	25.57788387096775	3.290889921392474	61.52489611810362	2.137592226267165	3.4743532474460874	1.1532976951253087	-715.9224136242603	166.87360553099865	10.567290843687895	-217.04362841460403	-0.04106500487795719	0.046099065467518484	3.4473311722562308	152.0	30.0	1	0	52343.0	0	0	0	0	0	-1	MPF-6114-20200815-10_35_59	468.61103846153844	592.135	0.20860776940809367	0.5	1681.1847674186808	28.407031855825068	175.35410214703788	0.6172494448056609	0.01749185004868746	-1.0	DARK-6115-20200815-10_36_07	226.64	365.495	0.33796347840178814	2.612667666784328	0.20860776940809367	0	6114	300	300	300	9873.73	556.249	-0.00656777	0.0215454	1999.985161290323	1681.1847674186808	0.840598620408782	0.19119724081756395	0.5	0: Broadleaf	1597505749.4032264	386.72193548387105	400.5941935483872	21.536435483870967	15.183474193548387	500.0642580645161	99.05469354838709	0.19999638709677414	26.494935483870968	25.57788387096775	999.9000000000003	9997.532903225807	0.0	165.68412903225806	1999.985161290323	0.9799949032258065	0.02000511290322581	0.0	470.02419354838713	5.00054	11556.112903225807	18703.46451612903	47.239677419354834	49.15506451612902	47.64093548387096	48.245677419354834	48.82838709677417	1955.0774193548382	39.907741935483884	0.0	198.89999985694885	468.61103846153844	-159.16755556985092	-3315.6923080298275	11526.592307692308	15	1597505795.9	10:36:35	16	-0.467	0.07	400.0	14.0	0.16	0.01	387.19120370370376	0.6068957188666341	0.4123522577005351	0	21.952796296296295	-3.591653954957722	0.5566245805657402	0	0	2	0/2	1.86675	1.86328	1.86891	1.86689	1.87154	1.86402	1.86566	1.86557	5	0	0	0	11111111	oooooooo	off	off	off	off	0.0	100.0	100.0	-0.467	0.07	2	332.822	498.867	25.6115	33.8164	30.0005	33.7702	33.7457	21.9481	51.7225	0	26.5226	400	14.2899	100.697	101.17	
2	1597506079.4	322.0	20200815 10:41:19	10:41:19		1597506071.4000006	0.01206819290193375	39.39056045613691	382.39601709308977	296.43215685072425	29.418524011609254	37.94975056117741	0.9125205379489894	3.375144175810249	0.7944691934372289	0.5058715954441994	321.4417314207097	27.54740730196114	27.218380645161286	3.6253239216986346	54.900416390758146	2.1617657229344918	3.9376126176310753	1.4635581987641428	-532.2073069752784	257.77326137043235	16.635709420476992	63.643395236340666	-0.04106307184846975	0.04609689547257615	3.447202672258976	154.0	31.0	1	0	51958.0	0	0	0	0	0	-1	MPF-6116-20200815-10_41_21	318.64373076923073	486.321	0.34478722742955636	0.5	1681.2067843200439	39.39056045613691	289.82931295073405	0.5946710094772795	0.024024742722218242	-1.0	DARK-6117-20200815-10_41_28	197.12	289.201	0.5797949150617366	2.4671316964285714	0.34478722742955636	0	6116	300	300	300	9871.39	440.664	-0.00656662	1.40674	2000.0116129032256	1681.2067843200439	0.8405985112654405	0.19119702253088117	0.5	0: Broadleaf	1597506071.4000006	382.39603225806445	399.996	21.782767741935487	17.06122903225807	500.06216129032265	99.04200322580644	0.20000993548387094	28.635022580645156	27.218380645161286	999.9000000000003	9998.343225806451	0.0	164.18448387096777	2000.0116129032256	0.9799995483870966	0.020000458064516124	0.0	318.70990322580656	5.00054	8328.908387096773	18703.745161290324	46.872806451612895	48.66699999999997	47.254	47.75993548387097	48.62474193548386	1955.1093548387096	39.900967741935496	0.0	321.09999990463257	318.64373076923073	-5.296239311737323	-184.5945299464357	8327.094230769231	15	1597506110.9	10:41:50	17	-0.341	0.117	400.0	17.0	0.28	0.02	382.26792592592597	0.02129674099491603	0.019704156218699472	1	21.740296296296297	-0.03123704974271049	0.007130294341308163	1	2	2	2/2	1.8667	1.86325	1.86883	1.86678	1.87149	1.86398	1.86555	1.86553	5	0	0	0	11111111	oooooooo	off	off	off	off	0.0	100.0	100.0	-0.341	0.117	2	330.839	497.246	22.9219	34.0016	30.0014	33.8778	33.8618	22.0524	41.2251	0	22.8123	400	17.1401	100.671	101.15	
3	1597506202.4	445.0	20200815 10:43:22	10:43:22		1597506194.4000006	0.012198312726158228	29.9991384295148	286.59950463935775	222.34202192362403	22.064480436647433	28.44117863352064	0.9312493387677852	3.380656344406759	0.8088210407026994	0.5151657204831827	321.4389832218562	26.853139879664095	26.857654838709678	3.5493458651731196	55.31298722413014	2.095263388308385	3.7880134367328697	1.4540824768647345	-537.9455912235778	202.57323847188218	12.985287972352042	-0.9480815574873986	-0.04114827021604758	0.0461925381039692	3.4528643490630113	154.0	31.0	1	0	52117.0	0	0	0	0	0	-1	MPF-6118-20200815-10_43_24	291.9370769230769	428.342	0.31844863001275403	0.5	1681.1924125800292	29.9991384295148	267.68671028697355	0.5486317008371815	0.018438780830530997	-1.0	DARK-6119-20200815-10_43_31	193.34	235.00199999999998	0.5804415412503855	2.2154856729078305	0.318448630012754	0	6118	300	300	300	9871.34	391.179	-0.00656647	1.4462	1999.9945161290316	1681.1924125800292	0.8405985111569003	0.19119702231380065	0.5	0: Broadleaf	1597506194.4000006	286.5995161290323	299.99564516129027	21.113803225806446	16.338190322580644	500.07235483870977	99.03665483870967	0.2000087741935484	27.969119354838714	26.857654838709678	999.9000000000003	10019.629032258064	0.0	159.47409677419353	1999.9945161290316	0.9799995483870965	0.020000458064516124	0.0	292.0395806451613	5.00054	7729.865806451615	18703.58709677419	46.91899999999999	48.72764516129032	47.308129032258044	47.82432258064515	48.62683870967743	1955.0938709677419	39.900645161290335	0.0	122.59999990463257	291.9370769230769	-5.961641033299576	-84.5459830149332	7728.857307692308	15	1597506234.4	10:43:54	18	-0.415	0.101	300.0	16.0	0.19	0.02	286.67914814814816	-0.04539279588346569	0.01890562076660572	1	21.14627777777778	-0.16428130360208548	0.021896014068747045	1	2	2	2/2	1.86676	1.86328	1.86892	1.86688	1.87153	1.86402	1.86568	1.86554	5	0	0	0	11111111	oooooooo	off	off	off	off	0.0	100.0	100.0	-0.415	0.101	2	330.662	495.763	23.6345	34.0805	29.9996	33.9741	33.9596	17.58	46.1054	0	23.7426	300	16.2702	100.657	101.14	
4	1597506325.9	568.5	20200815 10:45:25	10:45:25		1597506317.922581	0.011563454668663577	19.065700256921	191.480476560196	147.43243215978953	14.630429027011461	19.001528234547703	0.8549986114481914	3.3729894642179383	0.7503946997954125	0.47732430738812165	321.44212660006656	27.212924150995686	27.084454838709675	3.5969516724130535	55.04640971324525	2.111745193936351	3.8362995968985483	1.4852064784767025	-509.9483508880637	200.4050765161022	12.904082717549223	24.802934945654272	-0.04102978463177753	0.046059527655718795	3.444989547433611	153.0	31.0	1	0	52205.0	0	0	0	0	0	-1	MPF-6120-20200815-10_45_27	272.90549999999996	377.08	0.27626630953643794	0.5	1681.2086996767994	19.065700256921	232.23066151013148	0.49782539514161445	0.011935282193566148	-1.0	DARK-6121-20200815-10_45_35	189.36	187.71999999999997	0.5549461964628172	1.9913392479932401	0.27626630953643794	0	6120	300	300	300	9871.48	350.888	-0.00656651	1.66742	2000.0138709677422	1681.2086996767994	0.840598519880923	0.19119703976184607	0.5	0: Broadleaf	1597506317.922581	191.48048387096776	199.9912258064516	21.280287096774195	16.753977419354836	500.071	99.03479999999998	0.20000751612903225	28.18652258064516	27.084454838709675	999.9000000000003	9990.964838709675	0.0	152.1246774193549	2000.0138709677422	0.979999064516129	0.020000877419354836	0.0	272.9296129032258	5.00054	7253.593225806451	18703.75483870968	46.85067741935483	48.70732258064514	47.26199999999999	47.792064516129024	48.57825806451611	1955.112258064516	39.901612903225825	0.0	122.59999990463257	272.90549999999996	-5.074905992443754	-224.4776069416094	7252.749615384615	15	1597506353.4	10:45:53	19	-0.395	0.113	200.0	17.0	0.21	0.02	191.46540740740744	-0.04052106034698569	0.015010513005419208	1	21.267451851851856	0.008101164614310468	0.0026387244913053933	1	2	2	2/2	1.86676	1.86325	1.8689	1.86681	1.8715	1.86401	1.86561	1.86554	5	0	0	0	11111111	oooooooo	off	off	off	off	0.0	100.0	100.0	-0.395	0.113	2	331.313	495.695	23.0382	34.0529	30.0002	34.0114	34.0059	12.9524	43.6302	0	22.9755	200	16.8007	100.652	101.142	
5	1597506445.0	687.5999999046326	20200815 10:47:25	10:47:25		1597506436.9516132	0.011321521185152724	6.889454387836691	96.80357798190241	79.85149659669307	7.924162324418148	9.606423150556619	0.8311738554143383	3.373016198224341	0.7319584316254045	0.4653975103832019	321.4441344620248	26.960859291136554	26.966783870967745	3.5721831762569405	55.223632520734455	2.0809727602080033	3.7682648989572973	1.4912104160489372	-499.27908426523516	165.97499537775508	10.664404606884752	-1.1955498185704982	-0.041030197575852356	0.04605999122161867	3.4450170060845133	153.0	31.0	1	0	51784.0	0	0	0	0	0	-1	MPF-6122-20200815-10_47_26	267.72603846153845	348.381	0.2315136633124698	0.5	1681.2192674187372	6.889454387836691	194.61261571580934	0.4333215646088621	0.004692698055947086	-1.0	DARK-6123-20200815-10_47_34	197.42	150.96099999999998	0.5342768101593228	1.7646692331070812	0.23151366331246975	0	6122	300	300	300	9871.75	326.648	-0.00656676	1.37274	2000.0264516129037	1681.2192674187372	0.8405985161160907	0.19119703223218146	0.5	0: Broadleaf	1597506436.9516132	96.80358064516129	99.99722580645164	20.969887096774197	16.53696774193548	500.0817419354839	99.03615806451614	0.20008248387096772	27.879506451612905	26.966783870967745	999.9000000000003	9990.928387096776	0.0	137.92396774193546	2000.0264516129037	0.9799988709677419	0.020001045161290316	0.0	267.768870967742	5.00054	6979.875483870968	18703.87419354839	46.76393548387096	48.590451612903216	47.16899999999999	47.65906451612902	48.45529032258063	1955.1248387096775	39.90161290322582	0.0	118.59999990463257	267.72603846153845	-2.077025637206927	-92.94085478564277	6978.821538461539	15	1597506472.9	10:47:52	20	-0.321	0.108	100.0	17.0	0.25	0.02	96.72775	0.028628399437416213	0.008632920410545107	1	20.984846296296297	-0.10665359982648086	0.014142040202792328	1	2	2	2/2	1.86676	1.86325	1.8689	1.86691	1.87152	1.86401	1.86567	1.86554	5	0	0	0	11111111	oooooooo	off	off	off	off	0.0	100.0	100.0	-0.321	0.108	2	331.558	494.76	23.3532	34.0037	29.9996	34.0025	34.0029	8.13522	45.1369	0	23.377	100	16.4994	100.659	101.158	
6	1597506564.5	807.0999999046326	20200815 10:49:24	10:49:24		1597506556.4419355	0.010998505425783943	0.8216019419655575	49.45372871802218	46.41565625165261	4.606253296112965	4.907749223180604	0.7886289823546785	3.3765809962318096	0.6988080709491225	0.4439696328096902	321.4432813523852	27.000751527131083	27.015090322580644	3.582333100742162	54.90630268464122	2.064852422105751	3.760683785184731	1.517480678636411	-485.03408927707187	151.07470539190166	9.697431100599088	-2.8186714321859085	-0.04108527394838102	0.046121819274737325	3.448678453475859	153.0	31.0	1	0	52271.0	0	0	0	0	0	-1	MPF-6124-20200815-10_49_26	266.07453846153845	330.282	0.19440193997390576	0.5	1681.2149162483158	0.8216019419655575	163.41572061587004	0.3968790306465384	0.0010835033191535794	-1.0	DARK-6125-20200815-10_49_33	199.2	131.082	0.4898266851166562	1.658042168674699	0.19440193997390573	0	6124	300	300	300	9872.23	314.956	-0.00656692	1.75327	2000.02129032258	1681.2149162483158	0.8405985098174408	0.19119701963488167	0.5	0: Broadleaf	1597506556.4419355	49.45372903225805	49.99985483870969	20.806819354838712	16.4996	500.07490322580645	99.03924838709678	0.1999667419354838	27.844996774193547	27.015090322580644	999.9000000000003	10004.027419354838	0.0	137.0766774193548	2000.02129032258	0.9799976774193545	0.0200022193548387	0.0	266.1081935483871	5.00054	6924.498064516128	18703.819354838713	46.64899999999999	48.48761290322579	47.07019354838708	47.54606451612903	48.350612903225795	1955.1141935483877	39.900967741935496	0.0	119.0	266.07453846153845	-1.3793504461816752	40.51760693985762	6924.963076923077	15	1597506597.0	10:49:57	21	-0.349	0.111	50.0	17.0	0.33	0.02	49.48780370370371	-0.0637485802181027	0.010265601729814843	1	20.81718888888889	-0.1350183696302968	0.018672961901445736	1	2	2	2/2	1.86676	1.86325	1.86891	1.86689	1.87151	1.86402	1.86565	1.86554	5	0	0	0	11111111	oooooooo	off	off	off	off	0.0	100.0	100.0	-0.349	0.111	2	331.738	494.527	22.956	33.924	29.9995	33.9654	33.971	5.70175	45.7512	0	22.956	50	16.5161	100.669	101.174	
7	1597506688.5	931.0999999046326	20200815 10:51:28	10:51:28		1597506680.5	0.01058657264874448	37.46056572559396	383.3907275570657	286.9620720970072	28.480269592689666	38.05057302649909	0.7519627197841157	3.3766844489289296	0.6698379665027243	0.4252774741787596	321.43919979828286	27.05976771002069	26.983493548387095	3.5756912914499117	54.66418599819196	2.051585188342048	3.753070041891605	1.5241061031078638	-466.8678538096316	150.51088757989436	9.65774526488569	14.739978833431337	-0.04108687268772232	0.046123613999705194	3.4487847116804087	152.0	30.0	1	0	52088.0	0	0	0	0	0	-1	MPF-6126-20200815-10_51_30	269.79376923076927	398.678	0.32327901406456017	0.5	1681.191067418664	37.46056572559396	271.74689536462563	0.5532735691460277	0.022876974825144128	-1.0	DARK-6127-20200815-10_51_37	178.1	220.578	0.584302291113487	2.238506457046603	0.32327901406456017	0	6126	300	300	300	9872.98	361.212	-0.00656765	1.14969	1999.9925806451618	1681.191067418664	0.8405986520591701	0.19119730411833993	0.5	0: Broadleaf	1597506680.5	383.3907419354839	399.9960967741936	20.671403225806458	16.524906451612903	500.0719354838709	99.0475129032258	0.1999917741935484	27.810277419354836	26.983493548387095	999.9000000000003	10003.58193548387	0.0	149.0411935483871	1999.9925806451618	0.979996580645161	0.020003645161290322	0.0	269.77370967741945	5.00054	7084.766774193549	18703.548387096773	46.52593548387095	48.36674193548386	46.95935483870967	47.435096774193525	48.24354838709675	1955.0825806451614	39.91000000000001	0.0	123.29999995231628	269.79376923076927	1.5807863236813273	102.60205117412937	7085.550384615386	15	1597506720.5	10:52:00	22	-0.283	0.112	400.0	17.0	0.17	0.03	383.29812962962967	0.2622710120067924	0.03505500772399909	1	20.67108518518518	-0.010589822755853955	0.0022479132222117657	1	2	2	2/2	1.86676	1.86326	1.8689	1.86691	1.87153	1.86403	1.86567	1.86555	5	0	0	0	11111111	oooooooo	off	off	off	off	0.0	100.0	100.0	-0.283	0.112	2	332.339	495.298	23.653	33.8233	29.9998	33.895	33.9057	22.0502	45.3933	0	23.6538	400	16.6733	100.686	101.197	
8	1597506834.1	1076.6999998092651	20200815 10:53:54	10:53:54		1597506826.0999994	0.010025898060290573	37.4369013867494	383.4955663214465	282.2777563399761	28.01733181182222	38.06365286909079	0.7083489192270062	3.378546070685228	0.6350140629290913	0.4028380887350358	321.4388394128038	26.87389144068091	26.974216129032257	3.5737431713932266	55.66166734244261	2.0510707685473153	3.684889200189934	1.5226724028459113	-442.1421044588143	95.14859204733311	6.092138635248705	-19.462534363428645	-0.04111564559897316	0.04615591411322974	3.4506968248546612	151.0	30.0	1	0	52221.0	0	0	0	0	0	-1	MPF-6128-20200815-10_53_55	273.2928846153846	411.514	0.33588435723843035	0.5	1681.1891706444694	37.4369013867494	282.3425719890637	0.5511209825182133	0.02286292468325557	-1.0	DARK-6129-20200815-10_54_03	184.72	226.794	0.6094566672161319	2.2277717626678215	0.3358843572384303	0	6128	300	300	300	9873.52	371.824	-0.00656814	0.753143	1999.9903225806452	1681.1891706444694	0.8405986527350705	0.1911973054701411	0.5	0: Broadleaf	1597506826.0999994	383.4955806451614	400.00596774193554	20.664767741935485	16.737835483870967	500.0705161290322	99.05447419354837	0.20000541935483873	27.496596774193545	26.974216129032257	999.9000000000003	10009.883870967742	0.0	148.80461290322577	1999.9903225806452	0.979996064516129	0.020004316129032265	0.0	273.2844193548387	5.00054	7108.517741935482	18703.52580645161	46.48158064516127	48.31612903225804	46.89699999999999	47.394903225806445	48.18919354838708	1955.0803225806446	39.91000000000001	0.0	144.89999985694885	273.2928846153846	1.6167179640512555	34.81367517166905	7108.924615384614	15	1597506865.6	10:54:25	23	-0.323	0.107	400.0	16.0	0.12	0.02	383.55853703703696	-0.26445740423095754	0.04520189809311846	1	20.6916962962963	-0.19670760434532836	0.029231743038987495	1	2	2	2/2	1.86676	1.86326	1.86891	1.86691	1.87149	1.86401	1.86561	1.86554	5	0	0	0	11111111	oooooooo	off	off	off	off	0.0	100.0	100.0	-0.323	0.107	2	333.236	494.208	23.1295	33.7413	30.0001	33.8185	33.8329	22.0474	46.8894	0	23.0559	400	16.4724	100.702	101.223	
9	1597506987.1	1229.6999998092651	20200815 10:56:27	10:56:27		1597506979.0999994	0.008548997233714727	43.02941480870008	481.15195128270193	340.4121984648838	33.78847198098304	47.75795138313168	0.5714456176695039	3.376257930053039	0.5226450815163506	0.3306897212666089	321.4400238981041	26.831867191734613	27.015225806451618	3.5823616033412033	55.61500153111202	2.004481364380229	3.604209852010678	1.5778802389609745	-377.01077800681946	18.85324654809882	1.2059145145686843	-35.51159304604788	-0.04108028148284796	0.04611621479481247	3.4483466263948057	150.0	30.0	1	0	52281.0	0	0	0	0	0	-1	MPF-6130-20200815-10_56_28	281.98284615384614	435.618	0.35268320832966926	0.5	1681.1954030956479	43.02941480870008	296.46469429643236	0.5728367514657337	0.026189349987293015	-1.0	DARK-6131-20200815-10_56_36	186.08	249.53799999999998	0.6156783890475754	2.3410253654342217	0.35268320832966926	0	6130	300	300	300	9873.96	392.801	-0.00656852	1.02521	1999.9977419354836	1681.1954030956479	0.8405986506108166	0.19119730122163345	0.5	0: Broadleaf	1597506979.0999994	481.15196774193544	500.0065806451613	20.194754838709674	16.84465806451613	500.06629032258064	99.05752903225807	0.19999503225806453	27.118803225806452	27.015225806451618	999.9000000000003	10000.965806451613	0.0	170.82738709677426	1999.9977419354836	0.9799955161290322	0.020004819354838714	0.0	282.00464516129034	5.00054	7436.526774193549	18703.59032258065	46.43719354838708	48.31199999999997	46.85874193548388	47.36077419354838	48.086322580645145	1955.087419354839	39.91000000000001	0.0	152.60000014305115	281.98284615384614	-0.008547026276709304	89.90427358733281	7437.317692307693	15	1597507016.1	10:56:56	24	-0.276	0.112	500.0	17.0	0.16	0.02	481.07699999999994	0.2784128073185658	0.04305681001756556	1	20.23492222222222	-0.46791080617494923	0.0610876651993361	0	1	2	1/2	1.86675	1.86324	1.8689	1.86679	1.87149	1.86401	1.86556	1.86554	5	0	0	0	11111111	oooooooo	off	off	off	off	0.0	100.0	100.0	-0.276	0.112	2	333.988	493.48	21.1638	33.6868	29.9999	33.7552	33.7698	26.328	46.0882	0	21.1836	500	16.6629	100.705	101.228	
10	1597507137.6	1380.1999998092651	20200815 10:58:57	10:58:57		1597507129.5999994	0.007469882320097992	47.01672592936595	579.5029175415453	396.6964628040116	39.37582691562519	57.52107396402264	0.4728176904857027	3.3756301740459778	0.4388671427903917	0.27713886387749553	321.441156176597	26.802065474113725	27.05239032258065	3.5901876166349638	54.92529456449221	1.9478424475880234	3.5463486596342326	1.6423451690469404	-329.42181031632146	-38.054063306271466	-2.4316140688688974	-48.4663315148648	-0.04107058113918981	0.04610532530925941	3.4477018479842183	151.0	30.0	1	0	52417.0	0	0	0	0	0	-1	MPF-6132-20200815-10_58_59	284.59776923076925	443.358	0.35808586011582233	0.5	1681.2013641928588	47.01672592936595	301.0072182624469	0.58268487317247	0.028560960603561416	-1.0	DARK-6133-20200815-10_59_07	185.02	258.33799999999997	0.6145446305585349	2.396270673440709	0.35808586011582233	0	6132	300	300	300	9873.65	400.249	-0.00656818	1.72366	2000.0048387096776	1681.2013641928588	0.840598648390022	0.1911972967800441	0.5	0: Broadleaf	1597507129.5999994	579.5029354838708	600.0382903225806	19.623770967741937	16.69486129032258	500.0697096774193	99.05932903225808	0.20000551612903222	26.843287096774194	27.05239032258065	999.9000000000003	9998.422580645163	0.0	176.32916129032253	2000.0048387096776	0.9799961935483871	0.020004148387096778	0.0	284.61467741935485	5.00054	7525.278709677419	18703.654838709677	46.64693548387096	48.62080645161291	47.07419354838707	47.67703225806449	48.261935483870964	1955.0948387096773	39.91000000000001	0.0	149.60000014305115	284.59776923076925	-2.716102565408822	-16.159658125410566	7525.210384615385	15	1597507163.1	10:59:23	25	-0.258	0.112	600.0	17.0	0.11	0.03	579.4052592592592	0.8050771869641652	0.1068247414096076	0	19.613261111111115	0.09477644368211144	0.016262914146708694	1	1	2	1/2	1.86673	1.86325	1.8689	1.86681	1.87149	1.86401	1.86554	1.86553	5	0	0	0	11111111	oooooooo	off	off	off	off	0.0	100.0	100.0	-0.258	0.112	2	333.939	492.339	21.4406	33.7641	30.0008	33.7878	33.7975	30.4671	46.3342	0	21.3886	600	16.7401	100.69	101.211	
11	1597507254.6	1497.1999998092651	20200815 11:00:54	11:00:54		1597507246.5999994	0.006907681724656339	50.32582075818513	678.0741098293819	466.0691300588587	46.262609758263665	67.3064914774706	0.43460350995386104	3.375486059969777	0.4057383847536306	0.2560199741120155	321.4440058967317	26.41965501478392	26.92949354838709	3.564365087392414	55.82641722119157	1.9211408772242913	3.4412756054404845	1.643224210168123	-304.62876405734454	-108.59110051216149	-6.917200439166513	-98.69305911194081	-0.04106835434307294	0.04610282553554018	3.4475538262709886	151.0	30.0	1	0	52427.0	0	0	0	0	0	-1	MPF-6134-20200815-11_00_56	286.5749230769231	447.782	0.36001240988489247	0.5	1681.2162770960847	50.32582075818513	302.6293617275343	0.5837706741226758	0.030528981581619413	-1.0	DARK-6135-20200815-11_01_04	186.38	261.402	0.6167017732193208	2.402521729799335	0.3600124098848924	0	6134	300	300	300	9874.04	403.132	-0.00656828	2.00082	2000.0225806451613	1681.2162770960847	0.8405986479181465	0.19119729583629327	0.5	0: Broadleaf	1597507246.5999994	678.0741290322583	700.0754193548389	19.354387096774193	16.645112903225805	500.05922580645154	99.06123870967743	0.20002270967741934	26.332770967741933	26.92949354838709	999.9000000000003	9997.687741935486	0.0	178.1943870967742	2000.0225806451613	0.9799955161290322	0.020004819354838714	0.0	286.62422580645165	5.00054	7591.231935483871	18703.82580645161	46.77399999999999	48.80219354838708	47.251903225806444	47.83645161290322	48.372580645161264	1955.1122580645165	39.91032258064517	0.0	116.70000004768372	286.5749230769231	-2.88321366485853	6.862905987679728	7591.141538461539	15	1597507283.6	11:01:23	26	-0.251	0.106	700.0	16.0	0.1	0.03	678.0486111111112	0.1704242424242821	0.032045347883703085	1	19.365246296296295	-0.022946598056032125	0.016790878398514213	1	2	2	2/2	1.86676	1.86325	1.8689	1.86685	1.87149	1.86401	1.86554	1.86554	5	0	0	0	11111111	oooooooo	off	off	off	off	0.0	100.0	100.0	-0.251	0.106	2	333.761	490.948	20.8061	33.8836	29.9986	33.8571	33.8602	34.4817	48.2405	0	20.79	700	16.2836	100.678	101.201	
12	1597507392.1	1634.6999998092651	20200815 11:03:12	11:03:12		1597507384.0999994	0.006033981040397674	51.73184735652054	777.4607221832403	521.3009620806635	51.74610127813756	77.17338772845551	0.36542548096236843	3.375687861446537	0.3447852495482365	0.21724801359767665	321.43796419092644	26.76900876337864	27.122222580645165	3.604933097239775	55.18729453072613	1.916065548321149	3.4719323797515727	1.6888675489186258	-266.0985638815374	-116.31162387000992	-7.42128341431708	-68.39350697493799	-0.04107147251495861	0.0461063259566487	3.4477610995930736	150.0	30.0	1	0	52390.0	0	0	0	0	0	-1	MPF-6136-20200815-11_03_13	283.5596923076923	443.514	0.3606522177255007	0.5	1681.184564192856	51.73184735652054	303.16147074101644	0.5863941160820177	0.0313658883620772	-1.0	DARK-6137-20200815-11_03_21	183.44	260.074	0.615033827650237	2.4177605756650675	0.3606522177255007	0	6136	300	300	300	9873.65	401.301	-0.00656814	2.01273	1999.984838709678	1681.184564192856	0.8405986543765497	0.19119730875309945	0.5	0: Broadleaf	1597507384.0999994	777.4607419354838	800.0270322580645	19.302841935483865	16.936145161290327	500.06474193548394	99.06338064516132	0.20001045161290323	26.483112903225805	27.122222580645165	999.9000000000003	9998.23064516129	0.0	155.6913870967742	1999.984838709678	0.979996064516129	0.020004316129032265	0.0	283.5712580645161	5.00054	7311.737741935483	18703.47741935484	46.80209677419353	48.87296774193548	47.318258064516115	47.84045161290321	48.394999999999996	1955.074838709677	39.91000000000001	0.0	137.0	283.5596923076923	-0.31644444469136884	-593.64205177457	7305.3942307692305	15	1597507421.6	11:03:41	27	-0.3	0.115	800.0	17.0	0.22	0.03	777.4822962962963	0.2717897056982618	0.053273448890168086	1	19.296735185185184	-0.026225781261515334	0.004642483267781688	1	2	2	2/2	1.86665	1.86324	1.86888	1.86677	1.87149	1.86397	1.86554	1.86545	5	0	0	0	11111111	oooooooo	off	off	off	off	0.0	100.0	100.0	-0.3	0.115	2	334.218	490.499	20.7579	33.9455	30.0012	33.9196	33.9179	38.4269	45.896	0	20.6994	800	16.876	100.659	101.187	
13	1597507518.6	1761.1999998092651	20200815 11:05:18	11:05:18		1597507510.5999994	0.005296273863839059	54.268236076614265	976.1804632423285	666.6725649257278	66.1782794997749	96.90205797784358	0.31649072634990427	3.377429729017306	0.3008891395798858	0.1893933439923393	321.4367800672098	26.719523464498547	27.021606451612907	3.583704164243654	54.97984226799577	1.884533012551413	3.427679918333297	1.6991711516922408	-233.56567739530252	-137.63435237466217	-8.763300809720544	-58.52655051247544	-0.04109839075921291	0.04613654404399187	3.449550203966174	151.0	30.0	1	0	52591.0	0	0	0	0	0	-1	MPF-6138-20200815-11_05_20	280.82015384615386	434.564	0.35378873112785725	0.5	1681.1783319347896	54.268236076614265	297.39097442742843	0.5780598484918217	0.03287470164632007	-1.0	DARK-6139-20200815-11_05_27	183.36	251.204	0.6120278584490938	2.3700043630017453	0.35378873112785725	0	6138	300	300	300	9873.8	393.22	-0.00656828	1.38812	1999.9774193548385	1681.1783319347896	0.8405986565973887	0.19119731319477762	0.5	0: Broadleaf	1597507510.5999994	976.1804838709677	999.9526129032259	18.984574193548394	16.906564516129034	500.06758064516134	99.06657419354836	0.1999668064516129	26.265722580645164	27.021606451612907	999.9000000000003	10004.46096774194	0.0	184.65416129032263	1999.9774193548385	0.9799952258064516	0.020005070967741942	0.0	280.87819354838706	5.00054	7501.199032258064	18703.380645161287	46.83245161290323	48.8506129032258	47.312064516129006	47.82432258064516	48.37283870967742	1955.0674193548393	39.91000000000001	0.0	126.10000014305115	280.82015384615386	-3.3443418693123075	-220.25880346569335	7498.505000000001	15	1597507558.2	11:05:58	28	-0.006	0.117	1000.0	17.0	0.16	0.04	975.8559444444445	0.28451915380237763	0.045588098132712744	1	18.968003703703705	0.1395229273870867	0.02323189030241251	1	2	2	2/2	1.86673	1.86325	1.8689	1.8668	1.87149	1.86401	1.86554	1.86554	5	0	0	0	11111111	oooooooo	off	off	off	off	0.0	100.0	100.0	-0.006	0.117	2	333.88	490.545	20.9117	33.9761	30	33.9563	33.9573	45.9987	46.0297	0	20.9122	1000	16.9578	100.657	101.183	
14	1597507649.6	1892.1999998092651	20200815 11:07:29	11:07:29		1597507641.606451	0.004841312205061956	54.624193148365904	1175.8357534458287	830.6631276758449	82.45714360489193	116.72127285693702	0.28681106127167355	3.380169536166071	0.2739443910044722	0.1723231579473853	321.4420828821144	26.610936385061358	27.01452580645161	3.5822143420436063	55.42486972496474	1.8761453952182219	3.3850244565810126	1.7060689468253845	-213.50186824323225	-175.06646715729477	-11.125409217723028	-78.25166173613565	-0.04114074340049624	0.046184088594127565	3.452364332579801	151.0	30.0	1	0	52578.0	0	0	0	0	0	-1	MPF-6140-20200815-11_07_31	276.9353846153846	422.587	0.34466657844329196	0.5	1681.2062416122144	54.624193148365904	289.72780147699416	0.5736735867407184	0.033085883082984734	-1.0	DARK-6141-20200815-11_07_38	180.16	242.427	0.6008060792923866	2.3456205595026645	0.34466657844329196	0	6140	300	300	300	9873.67	381.851	-0.00656804	1.31143	2000.0106451612903	1681.2062416122144	0.8405986466520202	0.19119729330404064	0.5	0: Broadleaf	1597507641.606451	1175.835774193548	1199.9596774193549	18.900058064516127	17.000354838709676	500.05822580645156	99.06666774193548	0.19997941935483868	26.053845161290322	27.01452580645161	999.9000000000003	10014.76129032258	0.0	167.66445161290324	2000.0106451612903	0.979996	0.020004400000000006	0.0	276.97570967741933	5.00054	7287.559354838711	18703.71290322581	46.95332258064515	48.99796774193548	47.43299999999997	47.95319354838708	48.41299999999999	1955.10064516129	39.91000000000001	0.0	130.40000009536743	276.9353846153846	-2.061606830698569	266.28547043697915	7290.306538461538	15	1597507674.1	11:07:54	29	0.003	0.117	1200.0	17.0	0.16	0.05	1175.822037037037	0.05174168206521694	0.0704845564810621	1	18.89541666666667	0.05896241036217567	0.01650293744896484	1	2	2	2/2	1.86673	1.86325	1.8689	1.86682	1.87149	1.86401	1.86554	1.86554	5	0	0	0	11111111	oooooooo	off	off	off	off	0.0	100.0	100.0	0.003	0.117	2	333.596	490.071	20.5602	34.0375	29.998	34.0122	34.012	53.2475	46.5414	0	20.5431	1200	16.8412	100.648	101.175	
15	1597507765.6	2008.1999998092651	20200815 11:09:25	11:09:25		1597507757.6516123	0.004572224512898397	53.92199673031285	1575.5469794922583	1201.8833220766896	119.30286072108689	156.3939347532607	0.26778664822134146	3.3763039665459496	0.2565219862159063	0.16129883917806942	321.4395304194475	26.444248194078693	26.952635483870967	3.5692151408318264	55.34453931661735	1.8482358542802482	3.339508968909802	1.7209792865515783	-201.6351010188193	-205.2242240603848	-13.037878687947591	-98.45767334770417	-0.04108099288937649	0.04611701341096338	3.4483939112815287	150.0	30.0	1	0	52584.0	0	0	0	0	0	-1	MPF-6142-20200815-11_09_27	275.7773846153846	402.516	0.3148660311257575	0.5	1681.1924613532792	53.92199673031285	264.67519893242525	0.5629987379383676	0.03266847668713865	-1.0	DARK-6143-20200815-11_09_34	175.9	226.616	0.5592659626178884	2.2883229107447414	0.31486603112575745	0	6142	300	300	300	9873.87	367.532	-0.00656811	0.947418	1999.9941935483866	1681.1924613532792	0.8405986711243947	0.19119734224878937	0.5	0: Broadleaf	1597507757.6516123	1575.547	1599.9935483870963	18.619535483870965	16.82497419354839	500.0767419354839	99.06322258064517	0.20004077419354835	25.82517419354839	26.952635483870967	999.9000000000003	10000.564193548387	0.0	179.2269032258064	1999.9941935483866	0.9799943548387098	0.020005825806451615	0.0	275.7887096774194	5.00054	7337.287741935484	18703.558064516128	46.95732258064514	49.03599999999999	47.47358064516129	47.977580645161275	48.42906451612902	1955.0822580645163	39.911290322580655	0.0	115.10000014305115	275.7773846153846	-3.908307689904574	361.06256381517375	7338.170769230769	15	1597507792.1	11:09:52	30	-0.13	0.115	1600.0	17.0	0.14	0.05	1575.6570370370375	0.16234513557319238	0.03358955027265347	1	18.618872222222222	0.04274367983054156	0.008559647289952978	1	2	2	2/2	1.86675	1.86325	1.8689	1.86679	1.87149	1.864	1.86554	1.86553	5	0	0	0	11111111	oooooooo	off	off	off	off	0.0	100.0	100.0	-0.13	0.115	2	334.159	489.986	20.4408	34.0844	29.9981	34.0544	34.0516	66.9146	47.4117	0	20.501	1600	16.7143	100.64	101.169	
16	1597507888.1	2130.699999809265	20200815 11:11:28	11:11:28		1597507880.1290317	0.004286939921400514	54.605729837497435	1775.1710113961765	1365.9154386883981	135.5830028884014	176.20638111876593	0.24817185982710502	3.374524737385975	0.23845991884164494	0.14987836055934178	321.43605929625204	26.798430071079718	27.0697870967742	3.593856112019472	54.70457756136332	1.8583779749475051	3.397116032681035	1.735478137071967	-189.05405053376268	-173.8580181497702	-11.073499833222918	-52.54950922050375	-0.04105350143737022	0.04608615184770287	3.44656643944005	150.0	30.0	1	0	52381.0	0	0	0	0	0	-1	MPF-6144-20200815-11_11_29	271.4671923076923	395.968	0.31442138680981213	0.5	1681.1745383864024	54.605729837497435	264.2986149143992	0.5487009051236464	0.033075524621535145	-1.0	DARK-6145-20200815-11_11_37	178.7	217.26800000000003	0.5730287372844032	2.2158254057078905	0.3144213868098122	0	6144	300	300	300	9873.38	360.73	-0.00656785	1.27136	1999.972903225807	1681.1745383864024	0.840598657949212	0.19119731589842395	0.5	0: Broadleaf	1597507880.1290317	1775.1710322580645	1800.0545161290327	18.72201612903226	17.03953548387097	500.05683870967744	99.06161612903226	0.20002119354838713	26.11414193548387	27.0697870967742	999.9000000000003	9994.033870967742	0.0	191.26345161290322	1999.972903225807	0.979996064516129	0.020004316129032265	0.0	271.471	5.00054	7332.733548387096	18703.361290322588	46.92912903225805	49.029999999999994	47.47154838709676	47.94525806451611	48.41916129032257	1955.0629032258062	39.91000000000001	0.0	121.90000009536743	271.4671923076923	-2.46232479622998	-38.573675279022744	7332.621538461539	15	1597507924.6	11:12:04	31	0.142	0.117	1800.0	17.0	0.78	0.03	1774.8685185185186	0.2558712557393327	0.0807237494863895	1	18.719155555555556	0.006401144886752085	0.0025297977277264926	1	2	2	2/2	1.86672	1.86324	1.86887	1.86676	1.87149	1.86396	1.86554	1.86549	5	0	0	0	11111111	oooooooo	off	off	off	off	0.0	100.0	100.0	0.142	0.117	2	334.939	490.251	20.5453	34.059	30.0007	34.0606	34.0638	73.3619	46.5926	0	20.521	1800	17.0134	100.639	101.173	
