[Header]
File opened	2020-08-15 11:12:41
Console s/n	68C-571038
Console ver	Bluestem v.1.3.4
Scripts ver	2018.05  1.3.4, Mar 2018
Head s/n	68H-581038
Head ver	1.4.0
Head cal	{"co2aspan2b": "0.163711", "h2oazero": "1.00263", "flowbzero": "0.22736", "co2azero": "0.869071", "co2bzero": "0.880288", "h2obspan1": "0.998578", "h2oaspanconc2": "0", "co2bspanconc1": "1002", "co2aspanconc2": "0", "tbzero": "0.197721", "h2oaspanconc1": "12.19", "flowazero": "0.42932", "co2aspanconc1": "1002", "h2obzero": "1.01783", "co2bspan1": "0.992131", "oxygen": "21", "chamberpressurezero": "2.59209", "co2aspan1": "0.992625", "tazero": "0.00774765", "ssa_ref": "36614.9", "co2bspan2": "0", "co2aspan2a": "0.164928", "h2oaspan2b": "0.0662632", "co2aspan2": "0", "h2oaspan1": "1.00223", "co2bspan2a": "0.163389", "h2obspanconc2": "0", "h2obspanconc1": "20", "ssb_ref": "36526.8", "h2oaspan2": "0", "h2obspan2": "0", "flowmeterzero": "0.990908", "h2oaspan2a": "0.0661155", "h2obspan2b": "0.0963575", "co2bspanconc2": "0", "co2bspan2b": "0.162103", "h2obspan2a": "0.0975941"}
Chamber type	6800-01A
Chamber s/n	MPF-551037
Chamber rev	0
Chamber cal	0
Fluorometer	MPF-551037
Flr. Version	1.4.0
11:12:41	Stability Definition:	H2O_s (Meas): Slp<0.2	CO2_s (Meas): Slp<0.3
SysConst:AvgTime	4
SysConst:Oxygen	21
SysConst:Chamber	6800-01A 2 cm²
Const:S	2.0
Const:CustomBLC	2.0
LTConst:deltaTw	0
LTConst:fT1	1
LTConst:fT2	0
LTConst:fTeb	0
LQConst:Leaf	standard
LQConst:Ambient	Sun+Sky
LQConst:abs_ambient	0.49
LQConst:abs_redLED	0.84
LQConst:abs_greenLED	0.7
LQConst:abs_blueLED	0.87
LQConst:abs_whiteLED	0.75
LQConst:abs_redFlr	0.84
LQConst:abs_blueFlr	0.87
LQConst:k_ambient	0.39
LQConst:k_redLED	0.18
LQConst:k_greenLED	0.23
LQConst:k_blueLED	0.26
LQConst:k_whiteLED	0.21
LQConst:k_redFlr	0.19
LQConst:k_blueFlr	0.25
QConst:fQ_Amb_in	0.0
QConst:fQ_Amb_out	0.0
QConst:fQ_HeadLS	0.0
QConst:fQ_ConsoleLS	0.0
QConst:fQ_Flr	1.0
LeakConst:fan_a	-6276.0
LeakConst:fan_b	6.6
LeakConst:fan_c	1.709e-05
LeakConst:fan_d	3.11
LeakConst:Fs_meas	3.00186 75.5949 388.782 621.537 849.04 1054.8 1229.05 1393.75
LeakConst:Fs_true	0.276677 99.6915 402.487 601.632 800.517 1001.11 1200.75 1401.88
LeakConst:leak_wt	0.0
[Data]
Sys	Sys	Sys	Sys	Sys	UserDefVar	GasEx	GasEx	GasEx	GasEx	GasEx	GasEx	GasEx	GasEx	GasEx	GasEx	GasEx	GasEx	GasEx	GasEx	GasEx	GasEx	GasEx	GasEx	GasEx	GasEx	GasEx	GasEx	GasEx	GasEx	GasEx	GasEx	Leak	Leak	Leak	Leak	Leak	FLR	FLR	FLR	FLR	FLR	FLR	FLR	FLR	FLR	FLR	FLR	FLR	FLR	FLR	FLR	FLR	FLR	FLR	FLR	FLR	FLR	FLR	FLR	FLR	MPF	MPF	MPF	MPF	MPF	MPF	MPF	MPF	LeafQ	LeafQ	LeafQ	LeafQ	Const	Const	Meas	Meas	Meas	Meas	Meas	Meas	Meas	Meas	Meas	Meas	Meas	Meas	Meas	Meas	FlrLS	FlrLS	FlrLS	FlrLS	FlrLS	FlrLS	FlrLS	FlrLS	FlrLS	FlrLS	FlrLS	FlrLS	FlrLS	FlrLS	FlrLS	FlrLS	FlrLS	FlrStats	FlrStats	FlrStats	FlrStats	FlrStats	Match	Match	Match	Match	Match	Match	Match	Match	Match	Stability	Stability	Stability	Stability	Stability	Stability	Stability	Stability	Stability	Stability	Stability	Auxiliary	Auxiliary	Auxiliary	Auxiliary	Auxiliary	Auxiliary	Auxiliary	Auxiliary	Auxiliary	Auxiliary	Auxiliary	Auxiliary	Auxiliary	Auxiliary	Auxiliary	Auxiliary	Auxiliary	Auxiliary	Auxiliary	Status	Status	Status	Status	Status	Status	Status	Status	Status	Status	Status	Status	Status	Status	Status	Status	Status	Status	Status	Status	
obs	time	elapsed	date	hhmmss	plant	TIME	E	A	Ca	Ci	Pci	Pca	gsw	gbw	gtw	gtc	Rabs	TleafEB	TleafCnd	SVPleaf	RHcham	VPcham	SVPcham	VPDleaf	LatHFlux	SenHFlux	NetTherm	EBSum	blfa_1	blfa_2	blfa_3	Leak	LeakPct	CorrFact	CorrFactPct	Fan	DarkAdaptedID	Fo	Fm	Fv	Fv/Fm	Adark	LightAdaptedID	Fs	Fm'	PhiPS2	PS2/1	Qabs_fs	Afs	ETR	Fv'/Fm'	PhiCO2	NPQ	DarkPulseID	Fo'	Fv'	qP	qN	qP_Fo	qN_Fo	ID	P1_dur	P2_dur	P3_dur	P1_Qmax	P1_Fmax	P2_dQdt	P3_ΔF	Qin	Qabs	alpha	convert	K	Geometry	TIME	CO2_s	CO2_r	H2O_s	H2O_r	Flow	Pa	ΔPcham	Tair	Tleaf	Tleaf2	Fan_speed	Qamb_in	Qamb_out	Q	f_red	f_blue	f_farred	F	Q_modavg	F_dc	Pc	Tled	TDigital	TPreamp	TPwrSpy	TDrive	Q_red	Q_blue	Q_farred	TSPF	F_avg	dF/dt	dF_dc/dt	F_dc_avg	period	time	hhmmss	count	co2_adj	h2o_adj	co2_at	h2o_at	co2_cv	h2o_cv	CO2_s:MN	CO2_s:SLP	CO2_s:SD	CO2_s:OK	H2O_s:MN	H2O_s:SLP	H2O_s:SD	H2O_s:OK	Stable	Total	State	ADC_CH1	ADC_CH2	ADC_CH3	ADC_CH4	ADC_CH5	ADC_CH6	ADC_CH7	ADC_CH8	DAC_1	DAC_2	DAC_3	DAC_4	GPIO	GPIO_dir	excit_5v	power_12v	power_5v	ch1_pullup	AuxPower	MatchValveR	MatchValveS	MatchCO2	MatchH2O	DIAG	Flow_s	Flow_r	Txchg	Tirga	Tchopper	Ts	Tr	CO2_%	Desiccant_%	Humidifier_%	Txchg_sp	CO2_r_sp	H2O_r_sp	SS_s	SS_r	
	s	s				s	mol m⁻² s⁻¹	µmol m⁻² s⁻¹	µmol mol⁻¹	µmol mol⁻¹	Pa	Pa	mol m⁻² s⁻¹	mol m⁻² s⁻¹	mol m⁻² s⁻¹	mol m⁻² s⁻¹	W m⁻²	°C	°C	kPa	%	kPa	kPa	kPa	W m⁻²	W m⁻²	W m⁻²	W m⁻²				µmol s⁻¹	%		%	µmol s⁻¹						µmol m⁻² s⁻¹						µmol m⁻² s⁻¹	µmol m⁻² s⁻¹	µmol m⁻² s⁻¹		µmol µmol⁻¹										ms	ms	ms	µmol m⁻² s⁻¹		mol m⁻² s⁻²		µmol m⁻² s⁻¹	µmol m⁻² s⁻¹		J/µmol			s	µmol mol⁻¹	µmol mol⁻¹	mmol mol⁻¹	mmol mol⁻¹	µmol s⁻¹	kPa	kPa	°C	°C	°C	rpm	µmol m⁻² s⁻¹	µmol m⁻² s⁻¹	µmol m⁻² s⁻¹					µmol m⁻² s⁻¹			°C	°C	°C	°C	°C	µmol m⁻² s⁻¹	µmol m⁻² s⁻¹	µmol m⁻² s⁻¹	s		min⁻¹	min⁻¹		s	secs			µmol/mol	mmol/mol	µmol/mol	mmol/mol	%	%	µmol mol⁻¹	µmol mol⁻¹ min⁻¹	µmol mol⁻¹		mmol mol⁻¹	mmol mol⁻¹ min⁻¹	mmol mol⁻¹					V	V	V	V	V	V	V	V	V	V	V	V							V	%	%	µmol/mol	mmol/mol		µmol s⁻¹	µmol s⁻¹	°C	°C	°C	°C	°C	%	%	%	°C	µmol mol⁻¹	mmol mol⁻¹	%	%	
1	1597508429.2	0	20200815 11:20:29	11:20:29		1597508421.4499996	0.012172858655537425	37.91231573591463	382.9360521319126	299.93143772394757	29.769457955443187	38.00801539869448	0.9144199141100465	3.3760554972503467	0.7959381848363462	0.5068217080846565	321.4407265998033	27.233076729727493	27.08284	3.596610754055645	54.81758910996161	2.122376597004273	3.871707295895267	1.474234157051372	-536.8230667092005	229.62187474668752	14.783462404860572	29.022997042150962	-0.041077153319961625	0.04611270315793044	3.4481387042143323	152.0	30.0	1	0	52165.0	0	0	0	0	0	-1	MPF-6146-20200815-11_20_30	324.71834615384614	476.673	0.31878175152809973	0.5	1681.2017596768114	37.91231573591463	267.96822081094865	0.5844530737004193	0.023145535931032458	-1.0	DARK-6147-20200815-11_20_38	198.08	278.59299999999996	0.5454360082491444	2.406467084006462	0.3187817515280997	0	6146	300	300	300	9872.47	437.236	-0.00656696	2.22232	2000.0056666666671	1681.2017596768114	0.8405984981426607	0.19119699628532152	0.5	0: Broadleaf	1597508421.4499996	382.9360666666667	399.9634	21.38324	16.618820000000003	500.0635333333333	99.05421333333334	0.19999683333333337	28.344430000000003	27.08284	999.9000000000002	10000.538999999999	0.0	167.35136666666665	2000.0056666666671	0.9799980999999998	0.020001713333333327	0.0	324.734	5.00054	8536.794666666665	18703.673333333332	47.42459999999998	49.266466666666666	47.768533333333316	48.468499999999985	49.026866666666656	1955.1056666666666	39.900000000000006	0.0	540.2000000476837	324.71834615384614	-7.778700841623889	-138.52717938917587	8536.57153846154	15	1597508465.7	11:21:05	32	-0.361	0.112	400.0	17.0	0.1	0.01	383.4577962962964	-0.2112246998284775	0.032177965562856625	1	21.40943888888889	-0.1981589479702662	0.027659580194630568	1	2	2	2/2	1.86674	1.86325	1.8689	1.86678	1.87149	1.86399	1.86554	1.86548	5	0	0	0	11111111	oooooooo	off	off	off	off	0.0	100.0	100.0	-0.361	0.112	2	332.25	483.977	22.8979	34.0931	30.0003	34.0299	34.0236	22.0603	47.6905	0	22.8572	400	16.7385	100.635	101.182	
2	1597508562.2	133.0	20200815 11:22:42	11:22:42		1597508554.4499996	0.012346759827502857	28.983477977043258	286.9954222071373	224.49918427018704	22.281351276333144	28.48404923022236	0.9295658635977805	3.3776929405321505	0.8074568505618727	0.5142890127096666	321.43678981746706	26.837954621952044	26.92985666666667	3.5644411447459983	55.11295336171597	2.0900615324334075	3.792323591726191	1.4743796123125907	-544.4921083928759	192.7994849610019	12.375277675638955	-17.880555938767998	-0.041102458882816176	0.04614111086912374	3.449820554325168	152.0	30.0	1	0	52062.0	0	0	0	0	0	-1	MPF-6148-20200815-11_22_43	292.49607692307694	411.499	0.28919371147177286	0.5	1681.1810396768062	28.983477977043258	243.09349226005472	0.5327813676339432	0.017834770479452554	-1.0	DARK-6149-20200815-11_22_51	192.26	219.23900000000003	0.542799972071224	2.140325600748986	0.2891937114717729	0	6148	300	300	300	9870.66	382.391	-0.00656537	3.03568	1999.9809999999993	1681.1810396768062	0.8405985055242059	0.19119701104841197	0.5	0: Broadleaf	1597508554.4499996	286.9954333333333	300.0049333333333	21.05873666666667	16.224510000000002	500.0490666666666	99.04918	0.19996136666666667	27.988623333333337	26.92985666666667	999.9000000000002	10007.208333333334	0.0	151.96663333333333	1999.9809999999993	0.9800005000000004	0.019999633333333332	0.0	292.5176	5.00054	7960.822333333334	18703.440000000002	47.82893333333333	49.807999999999986	48.27066666666666	48.87886666666665	49.4374	1955.0810000000004	39.900000000000006	0.0	132.09999990463257	292.49607692307694	-5.761914513059186	145.2266665099486	7960.749230769231	15	1597508597.7	11:23:17	33	-0.403	0.103	300.0	16.0	0.14	0.02	287.01944444444445	0.12421269296740868	0.024614559577815696	1	21.088503703703704	-0.18946049170955268	0.02566977587923179	1	2	2	2/2	1.86676	1.86326	1.8689	1.86689	1.87151	1.86401	1.86559	1.86554	5	0	0	0	11111111	oooooooo	off	off	off	off	0.0	100.0	100.0	-0.403	0.103	2	332.417	483.024	23.6576	34.1205	29.9997	34.0637	34.0546	17.5866	50.4385	0	23.6678	300	16.1398	100.632	101.183	
3	1597508689.2	260.0	20200815 11:24:49	11:24:49		1597508681.456666	0.011507270357342215	18.48484797015628	191.709392905909	148.6257534380075	14.751396250230986	19.027531596843	0.8492479592402773	3.375972700247015	0.7460352753135772	0.47449594540241713	321.43635322295427	27.130970762099263	27.06165	3.592139817731895	55.180694004528505	2.1051607147942293	3.8150312401316757	1.4869791029376658	-507.47062275879165	187.35822021246173	12.046218829174208	13.370169505798572	-0.04107587389479481	0.04611126689109688	3.4480536620440008	152.0	30.0	1	0	52111.0	0	0	0	0	0	-1	MPF-6150-20200815-11_24_50	275.7476538461538	367.493	0.24965195569397558	0.5	1681.1813096768851	18.48484797015628	209.8551009184968	0.4769968407561505	0.011589974179466207	-1.0	DARK-6151-20200815-11_24_58	192.2	175.293	0.523382828486284	1.9120343392299688	0.24965195569397564	0	6150	300	300	300	9869.03	346.095	-0.00656427	2.10236	1999.9816666666666	1681.1813096768851	0.8405983603234123	0.1911967206468247	0.5	0: Broadleaf	1597508681.456666	191.7094	199.98480000000006	21.210269999999998	16.705513333333336	500.0580000000001	99.05197000000001	0.19998269999999999	28.091060000000002	27.06165	999.9000000000002	10000.454000000002	0.0	134.823	1999.9816666666666	0.9800032999999999	0.019996350000000003	0.0	275.758	5.00054	7673.005666666666	18703.47333333333	48.145399999999974	50.141533333333335	48.54133333333333	49.220533333333314	49.69966666666665	1955.0913333333333	39.89033333333335	0.0	126.20000004768372	275.7476538461538	-4.924273498474739	-78.91692291728583	7672.875384615385	15	1597508721.2	11:25:21	34	-0.412	0.114	200.0	17.0	0.56	0.02	191.72001851851851	-0.021160192366388438	0.008903787668305182	1	21.19889259259259	0.013512273467484978	0.010288106255064834	1	2	2	2/2	1.86674	1.86325	1.8689	1.8668	1.87149	1.86399	1.86554	1.86549	5	0	0	0	11111111	oooooooo	off	off	off	off	0.0	100.0	100.0	-0.412	0.114	2	332.703	483.332	22.356	34.0854	30.0001	34.0637	34.0607	12.9461	47.9981	0	22.3406	200	16.6686	100.628	101.182	
4	1597508812.7	383.5	20200815 11:26:52	11:26:52		1597508804.9533327	0.0116528388154896	6.61133597882306	96.8903441366611	80.74223808807254	8.01373498332668	9.616448078979149	0.8472557311012735	3.376708400798652	0.7445149889394161	0.47351050831211244	321.43852371361265	26.81269387380997	26.993203333333334	3.577731194615367	55.12864731913057	2.0684844482287574	3.7521044843611793	1.5092467463866095	-513.8901917630914	147.94198728493475	9.49309151974827	-35.01658924479571	-0.041087242838723795	0.04612402952663137	3.448809313100284	152.0	30.0	1	0	52246.0	0	0	0	0	0	-1	MPF-6152-20200815-11_26_54	273.1187307692308	343.518	0.20493618742182118	0.5	1681.1905196768191	6.61133597882306	172.2683877161388	0.4278029098911847	0.0045273488576929475	-1.0	DARK-6153-20200815-11_27_02	196.56	146.95799999999997	0.4790434629674409	1.7476495726495724	0.20493618742182118	0	6152	300	300	300	9867.68	326.989	-0.006563	1.89255	1999.992333333333	1681.1905196768191	0.8405984821325913	0.19119696426518265	0.5	0: Broadleaf	1597508804.9533327	96.89034666666669	99.98615666666667	20.840976666666663	16.277489999999997	500.05546666666663	99.05087666666667	0.19996369999999997	27.805870000000002	26.993203333333334	999.9000000000002	10003.332333333332	0.0	139.59563333333332	1999.992333333333	0.9800021333333332	0.019997963333333334	0.0	273.1034000000001	5.00054	7682.032666666666	18703.570000000003	48.533066666666656	50.499933333333324	48.912199999999984	49.61233333333334	50.02473333333333	1955.0936666666664	39.898666666666685	0.0	122.79999995231628	273.1187307692308	-1.3086837732774843	15.971623923728888	7682.142692307693	15	1597508844.2	11:27:24	35	-0.293	0.106	100.0	16.0	0.64	0.03	96.75262222222224	0.1866157691892601	0.02770382154857087	1	20.853599999999997	-0.03938014719142962	0.00547543335000704	1	2	2	2/2	1.86675	1.86325	1.8689	1.86684	1.87149	1.864	1.86554	1.86553	5	0	0	0	11111111	oooooooo	off	off	off	off	0.0	100.0	100.0	-0.293	0.106	2	332.813	482.089	22.6965	34.1144	30.0001	34.0821	34.0807	8.11357	50.3224	0	22.7021	100	16.2755	100.627	101.18	
5	1597508935.7	506.5	20200815 11:28:55	11:28:55		1597508927.9533327	0.011019919468031153	0.7757474792962826	49.46104303593017	46.534233821064	4.61818788051913	4.908652635921814	0.7922369484724909	3.3741330131343537	0.7015849578288436	0.44576789727432	321.4372773871037	26.987607529254117	27.037863333333334	3.5871267838210983	55.14101745728024	2.072752800344187	3.7590035438682725	1.5143739834769114	-485.9784485401739	145.4298095944007	9.342563801010536	-9.768797757658945	-0.04104744964734441	0.04607935818323297	3.446164095357265	152.0	30.0	1	0	52197.0	0	0	0	0	0	-1	MPF-6154-20200815-11_28_57	272.42173076923075	328.912	0.17174888490164308	0.5	1681.1813000758268	0.7757474792962826	144.37050680275894	0.3946101084788636	0.0010562498400477037	-1.0	DARK-6155-20200815-11_29_05	199.12	129.79199999999997	0.4352369116029435	1.6518280433909198	0.17174888490164308	0	6154	300	300	300	9866.54	317.375	-0.00656198	2.20694	1999.9809999999998	1681.1813000758268	0.8405986357249529	0.19119727144990598	0.5	0: Broadleaf	1597508927.9533327	49.461043333333336	49.98929999999999	20.88567333333333	16.5703	500.06153333333333	99.04281333333333	0.19999139999999996	27.83734	27.037863333333334	999.9000000000002	9994.457666666667	0.0	137.39350000000002	1999.9809999999998	0.9799946666666665	0.02000541666666666	0.0	272.4110333333333	5.00054	7703.488	18703.413333333338	48.793499999999995	50.80786666666665	49.207999999999984	49.85596666666665	50.28099999999999	1955.071666666667	39.908666666666676	0.0	122.20000004768372	272.42173076923075	-0.8537094018014314	9.118974310133876	7703.698846153846	15	1597508963.7	11:29:23	36	-0.332	0.11	50.0	17.0	0.4	0.02	49.49597962962963	0.03888022084696404	0.006465045032343309	1	20.864887037037036	0.1501199376833981	0.019696258775193213	1	2	2	2/2	1.86674	1.86325	1.86889	1.86679	1.87149	1.864	1.86554	1.86544	5	0	0	0	11111111	oooooooo	off	off	off	off	0.0	100.0	100.0	-0.332	0.11	2	332.513	481.599	22.3832	34.1671	30.0006	34.1255	34.1234	5.677	48.5229	0	22.3698	50	16.5562	100.614	101.169	
6	1597509062.3	633.0999999046326	20200815 11:31:02	11:31:02		1597509054.4699998	0.01092170220773807	36.072644301823445	383.9238528754749	293.0821696748648	29.085904929238566	38.10116697713501	0.7764783092022849	3.376362805455756	0.6892355726129569	0.437791022647259	321.4404558457016	26.979096597819336	27.00205333333333	3.5795913526687353	54.67884462882508	2.0516165640444335	3.752121278295777	1.5279747886243018	-481.6470673612489	146.32986698348984	9.391024840238583	-4.4857196918189	-0.04108190213924665	0.0461180341235973	3.448454345765548	152.0	30.0	1	0	52297.0	0	0	0	0	0	-1	MPF-6156-20200815-11_31_03	273.8399230769231	391.553	0.3006312732199137	0.5	1681.197589676727	36.072644301823445	252.71028595938222	0.5354907253934972	0.022051330866440302	-1.0	DARK-6157-20200815-11_31_11	181.88	209.673	0.5614126612538423	2.1528095447547835	0.3006312732199137	0	6156	300	300	300	9866	359.029	-0.00656168	1.43549	2000.0003333333339	1681.197589676727	0.8405986547385874	0.19119730947717486	0.5	0: Broadleaf	1597509054.4699998	383.9238666666667	400.0278666666667	20.672976666666663	16.39522	500.0713666666667	99.04149000000001	0.19997856666666666	27.80594666666667	27.00205333333333	999.9000000000002	10002.980000000001	0.0	122.55296666666668	2000.0003333333339	0.9799951333333332	0.02000513333333333	0.0	273.8483666666667	5.00054	7775.925333333333	18703.603333333336	49.08719999999998	51.08726666666666	49.495666666666665	50.16633333333332	50.52066666666666	1955.09	39.91033333333334	0.0	126.10000014305115	273.8399230769231	0.09367522234883738	22.448205286992643	7776.2696153846155	15	1597509092.3	11:31:32	37	-0.301	0.105	400.0	16.0	0.28	0.03	383.85577777777775	0.2947762421861255	0.043371635494089913	1	20.68606666666667	-0.07198532577726657	0.01187557406019849	1	2	2	2/2	1.86674	1.86325	1.8689	1.86678	1.87149	1.86399	1.86554	1.86551	5	0	0	0	11111111	oooooooo	off	off	off	off	0.0	100.0	100.0	-0.301	0.105	2	332.721	481.17	22.6337	34.2518	30.0001	34.1914	34.1861	22.0599	50.2247	0	22.6527	400	16.4487	100.599	101.153	
7	1597509183.7	754.5	20200815 11:33:03	11:33:03		1597509175.9933326	0.010033640547822947	36.133835448355875	383.97905286032517	285.27792400236325	28.312027101956556	38.10748900105946	0.7031303452023258	3.376332116702273	0.6307709349195475	0.4001106965571618	321.4392135272532	27.002319497429	27.02114333333333	3.583606704067355	55.20273392727455	2.0497475880998826	3.713126945488372	1.5338591159674726	-442.48354815899194	110.30279190211459	7.073326173361796	-3.668216556262365	-0.041081427898693665	0.04611750174703082	3.448422824802986	152.0	30.0	1	0	52330.0	0	0	0	0	0	-1	MPF-6158-20200815-11_33_05	273.5938846153847	398.45	0.3133545372935508	0.5	1681.191139676727	36.133835448355875	263.40443583770906	0.5390136780022587	0.02208781296307347	-1.0	DARK-6159-20200815-11_33_13	183.68	214.76999999999998	0.5813480252577888	2.1692617595818815	0.31335453729355073	0	6158	300	300	300	9865.3	362.951	-0.00656114	0.904663	1999.9926666666659	1681.191139676727	0.8405986520334213	0.1911973040668428	0.5	0: Broadleaf	1597509175.9933326	383.9790666666667	399.97193333333337	20.653686666666676	16.72355333333333	500.0547333333333	99.04369666666665	0.19996966666666668	27.62712	27.02114333333333	999.9000000000002	10002.641666666668	0.0	126.64500000000001	1999.9926666666659	0.9799959999999999	0.02000405	0.0	273.6032666666667	5.00054	7769.471333333333	18703.539999999997	49.25813333333334	51.31219999999998	49.71639999999999	50.27476666666666	50.720533333333314	1955.0826666666667	39.910000000000004	0.0	120.79999995231628	273.5938846153847	-0.343213671085033	-53.31008545600381	7769.241538461537	15	1597509210.2	11:33:30	38	-0.316	0.109	400.0	17.0	0.21	0.02	383.98651851851855	0.07588068541358622	0.01735014221389159	1	20.649075925925924	-0.0074898511336157795	0.0038591850600672947	1	2	2	2/2	1.8667	1.86324	1.86889	1.86676	1.87149	1.86392	1.86554	1.86544	5	0	0	0	11111111	oooooooo	off	off	off	off	0.0	100.0	100.0	-0.316	0.109	2	332.96	480.586	21.6915	34.329	30.0005	34.2581	34.2507	22.0623	48.5455	0	21.6801	400	16.7052	100.59	101.141	
8	1597509301.8	872.5999999046326	20200815 11:35:01	11:35:01		1597509294.0366669	0.009332973883971826	41.9026089158435	481.4263173082641	355.1847674036001	35.2505651088457	47.77949760470151	0.6319129326628158	3.3756500997159002	0.5728000996715771	0.36284918596741467	321.4417139160288	26.791021767963464	26.996910000000003	3.578510186339941	55.235425198649956	2.0069441401635486	3.6334365725360644	1.5715660461763923	-411.5841482831575	47.24349067963218	3.024194918479926	-39.87474876901663	-0.0410708890264369	0.04610567093966668	3.447722313942314	152.0	30.0	1	0	52297.0	0	0	0	0	0	-1	MPF-6160-20200815-11_35_03	281.75742307692303	417.748	0.32553256250916096	0.5	1681.2042996767304	41.9026089158435	273.6433718875927	0.5561438953627545	0.025518974061684834	-1.0	DARK-6161-20200815-11_35_11	185.42	232.328	0.5853387319783967	2.252982418293604	0.3255325625091609	0	6160	300	300	300	9865.08	380.735	-0.00656081	1.36087	2000.0083333333334	1681.2042996767304	0.8405986473440012	0.19119729468800256	0.5	0: Broadleaf	1597509294.0366669	481.42633333333333	499.98253333333327	20.221973333333334	16.56469	500.0565666666667	99.04573	0.19998193333333336	27.25650666666667	26.996910000000003	999.9000000000002	9999.870333333332	0.0	132.46486666666667	2000.0083333333334	0.9799962666666666	0.020003716666666668	0.0	281.7581333333334	5.00054	7958.481666666665	18703.68666666667	49.501699999999985	51.58299999999999	49.979	50.52466666666666	50.90393333333332	1955.098333333333	39.910000000000004	0.0	117.5	281.75742307692303	-1.5534700906047287	-91.85811974518367	7958.100384615384	15	1597509327.3	11:35:27	39	-0.268	0.105	500.0	17.0	0.31	0.03	481.3524074074074	0.2943396943610392	0.04190046341055777	1	20.23835925925925	-0.1083980426572588	0.016116721458237535	1	2	2	2/2	1.86676	1.86325	1.8689	1.8668	1.87149	1.864	1.86554	1.86549	5	0	0	0	11111111	oooooooo	off	off	off	off	0.0	100.0	100.0	-0.268	0.105	2	332.378	479.867	21.6087	34.4451	29.9982	34.3399	34.3292	26.3421	49.9762	0	21.6144	500	16.5546	100.577	101.126	
9	1597509448.8	1019.5999999046326	20200815 11:37:28	11:37:28		1597509441.0500004	0.008086840856829489	44.95389542933464	580.1371828273568	419.5388914634341	41.636163337736605	57.57436794056898	0.5239962618936685	3.37393943025558	0.4826235799868411	0.3050842301858145	321.44027752247695	26.868183560504743	27.052420000000005	3.590193871992151	54.98809425003459	1.9738994946190849	3.5896852246663253	1.6162943773730662	-356.62968178618047	-0.43897525178889935	-0.02809312971760059	-35.65647264521002	-0.04104445908048612	0.0460760010099465	3.4459652645576315	154.0	31.0	1	0	52388.0	0	0	0	0	0	-1	MPF-6162-20200815-11_37_30	281.2150384615385	421.072	0.3321450049836169	0.5	1681.196739676729	44.95389542933464	279.2005497391838	0.567389900064597	0.02733403791763892	-1.0	DARK-6163-20200815-11_37_38	182.16	238.912	0.5853911127882296	2.311550285463329	0.3321450049836169	0	6162	300	300	300	9864.75	383.352	-0.00656054	1.90152	1999.9993333333337	1681.196739676729	0.8405986500379145	0.191197300075829	0.5	0: Broadleaf	1597509441.0500004	580.1371999999999	599.9938333333333	19.88962333333333	16.71946666666667	500.03816666666677	99.04263666666664	0.2000418666666667	27.050006666666665	27.052420000000005	999.9000000000002	9993.747333333333	0.0	126.27376666666665	1999.9993333333337	0.9799965333333335	0.020003383333333333	0.0	281.20676666666657	5.00054	8002.300000000001	18703.59	49.68726666666665	51.79133333333331	50.19126666666664	50.68299999999998	51.05379999999999	1955.0893333333336	39.910000000000004	0.0	146.60000014305115	281.2150384615385	-2.068273508707124	10.145299094449255	8002.348846153846	15	1597509479.3	11:37:59	40	-0.312	0.108	600.0	17.0	0.2	0.03	580.1438148148148	0.3584768439108888	0.049266499050264825	0	19.93326666666667	-0.45965374499714445	0.060395416186133755	0	0	2	0/2	1.86672	1.86321	1.86888	1.86676	1.87149	1.86393	1.86553	1.86541	5	0	0	0	11111111	oooooooo	off	off	off	off	0.0	100.0	100.0	-0.312	0.108	2	330.45	476.266	21.1988	34.5892	30.0013	34.4598	34.445	30.4851	49.7906	0	21.1759	600	16.7361	100.549	101.095	
10	1597509600.8	1171.5999999046326	20200815 11:40:00	11:40:00		1597509593.0500004	0.006749191142286114	46.78454744466178	679.4534154776103	477.5333115695542	47.39074331295385	67.42943712172678	0.42563483245750017	3.3758469963105653	0.3979107647005535	0.25103448714897425	321.4403802195857	26.784436352267825	27.01290666666667	3.5818737385396484	55.44841560796815	1.945471809840564	3.5086156899332437	1.6364019286990845	-297.63932937481763	-63.95675692019799	-4.081986617957306	-44.23769269338723	-0.0410739314747364	0.046109086354415976	3.4479245495006787	152.0	30.0	1	0	52397.0	0	0	0	0	0	-1	MPF-6164-20200815-11_40_02	280.24476923076924	421.64	0.3353458655944188	0.5	1681.1978008739861	46.78454744466178	281.8913658847601	0.5695379944976757	0.02842291812410208	-1.0	DARK-6165-20200815-11_40_10	181.5	240.14	0.588803326264807	2.323085399449036	0.3353458655944188	0	6164	300	300	300	9864.68	384.386	-0.00656029	1.7395	2000.000666666667	1681.1978008739861	0.8405986202374528	0.1911972404749054	0.5	0: Broadleaf	1597509593.0500004	679.4534333333334	699.9988666666666	19.60356666666667	16.95716	500.0654666666667	99.04070666666668	0.20000003333333335	26.661493333333336	27.01290666666667	999.9000000000002	10001.118333333334	0.0	133.0448	2000.000666666667	0.9799971000000002	0.02000271333333333	0.0	280.27413333333334	5.00054	8019.1793333333335	18703.626666666667	50.01629999999999	52.12906666666667	50.51446666666667	51.022699999999986	51.283133333333325	1955.0906666666665	39.90800000000001	0.0	151.40000009536743	280.24476923076924	-1.5908376022810407	-26.633504282859175	8019.104230769231	15	1597509640.3	11:40:40	41	-0.19	0.108	700.0	17.0	0.2	0.03	679.3132777777779	0.20509548313309314	0.04377146739629156	1	19.629118518518517	-0.2556898799313783	0.03327235574864628	0	1	2	1/2	1.86662	1.8631	1.86878	1.86675	1.87142	1.86386	1.86544	1.86539	5	0	0	0	11111111	oooooooo	off	off	off	off	0.0	100.0	100.0	-0.19	0.108	2	331.993	477.258	20.0619	34.7972	30.0009	34.6223	34.6036	34.5226	49.9991	0	19.5117	700	16.788	100.516	101.054	
11	1597509761.8	1332.5999999046326	20200815 11:42:41	11:42:41		1597509754.0500004	0.005846941061749169	48.269869962256465	778.8856149517076	534.661485384301	53.06473130718393	77.30378380768379	0.35857442490932334	3.3757121248073574	0.33867838715066684	0.2133695236965603	321.4395621491454	26.958423084069565	27.073753333333332	3.594692938777324	55.07936194721654	1.928935239633505	3.5021016428658625	1.665757699143819	-257.85010082313835	-80.77081299169475	-5.15609217449555	-22.337443840183255	-0.041071847430261064	0.04610674683192009	3.4477860208645614	153.0	31.0	1	0	52521.0	0	0	0	0	0	-1	MPF-6166-20200815-11_42_43	278.4134230769231	417.676	0.3334225019466689	0.5	1681.1950996767935	48.269869962256465	280.27413819735796	0.569905860044628	0.029306455849013896	-1.0	DARK-6167-20200815-11_42_51	179.64	238.036	0.5850483831146419	2.3250723669561344	0.33342250194666895	0	6166	300	300	300	9863.49	381.99	-0.00655939	2.46716	1999.9976666666666	1681.1950996767935	0.8405985305366823	0.19119706107336473	0.5	0: Broadleaf	1597509754.0500004	778.8856333333334	800.0125333333333	19.435269999999996	17.14224	500.0636	99.04921666666665	0.1999957	26.629936666666662	27.073753333333332	999.9000000000002	9999.75166666667	0.0	140.5796	1999.9976666666666	0.9799986000000002	0.020001413333333332	0.0	278.3979333333334	5.00054	8009.325666666668	18703.593333333334	50.24153333333334	52.47059999999999	50.77893333333332	51.25799999999999	51.478799999999985	1955.0956666666668	39.90200000000001	0.0	160.40000009536743	278.4134230769231	-2.5791111205674646	-98.79589753730158	8008.592307692308	15	1597509785.3	11:43:05	42	-0.312	0.113	800.0	17.0	0.16	0.03	778.9631851851851	0.4269228130355861	0.05785200597504828	0	19.42607962962963	0.03719199542596863	0.007070946807303599	1	1	2	1/2	1.86661	1.86313	1.86876	1.86676	1.87142	1.86386	1.86543	1.86539	5	0	0	0	11111111	oooooooo	off	off	off	off	0.0	100.0	100.0	-0.312	0.113	2	331.403	476.386	20.1169	35.0225	30.0005	34.8285	34.8025	38.4625	48.5829	0	19.8163	800	17.0993	100.481	101.014	
12	1597509900.3	1471.0999999046326	20200815 11:45:00	11:45:00		1597509892.5500004	0.005234672078244812	50.06858335994597	977.9008808696092	688.5691417990633	68.345368268871	97.06359430929946	0.3142886386492832	3.3744942880163817	0.2988850480567946	0.18812417740012416	321.4403946213899	26.89294410917671	27.08820666666666	3.5977438523836516	55.13187576693528	1.9075654079816697	3.46000454627323	1.6901784444019818	-230.8490386505962	-120.69862958604573	-7.700361774804074	-37.80763539005615	-0.041053031010544014	0.0460856237523788	3.4465351645538003	154.0	31.0	1	0	52374.0	0	0	0	0	0	-1	MPF-6168-20200815-11_45_01	276.18315384615386	411.688	0.3291445127228536	0.5	1681.199569676797	50.06858335994597	276.67880657557026	0.5616583432113639	0.030376276725887857	-1.0	DARK-6169-20200815-11_45_09	180.46	231.22799999999998	0.5860226536312477	2.2813255014961764	0.32914451272285355	0	6168	300	300	300	9863.72	375.792	-0.00655941	1.65656	2000.003	1681.199569676797	0.8405985239406126	0.19119704788122527	0.5	0: Broadleaf	1597509892.5500004	977.9009	999.9732999999999	19.21843	17.16504666666667	500.0595666666666	99.05708333333334	0.20000520000000002	26.42475666666667	27.08820666666666	999.9000000000002	9994.376666666667	0.0	137.98659999999998	2000.003	0.9799978	0.02000210666666667	0.0	276.18626666666665	5.00054	7946.607333333334	18703.656666666666	50.37906666666667	52.67046666666665	50.96639999999999	51.39979999999999	51.64559999999998	1955.101333333333	39.90166666666668	0.0	138.10000014305115	276.18315384615386	-1.6572307753076887	6.44991455276791	7946.422307692308	15	1597509924.8	11:45:24	43	0.01	0.114	1000.0	17.0	0.21	0.05	977.5484629629628	0.27546255002893677	0.061696303077600864	1	19.22449259259259	-0.06403201829617346	0.008488943830214538	1	2	2	2/2	1.86661	1.8631	1.86878	1.86676	1.87138	1.86386	1.86542	1.86539	5	0	0	0	11111111	oooooooo	off	off	off	off	0.0	100.0	100.0	0.01	0.114	2	330.646	475.671	19.9719	35.2291	30.0006	35.0065	34.9766	46.0527	49.388	0	18.3868	1000	17.1088	100.45	100.975	
13	1597510022.8	1593.5999999046326	20200815 11:47:02	11:47:02		1597510015.0533338	0.004828039517644727	51.32055036034742	1177.169980467061	845.7213389044973	83.94930224126922	116.8500709791571	0.282056632583068	3.3777166744837572	0.26959443603357747	0.16957031324761565	321.43787253662833	26.9427428958814	27.219306666666668	3.6255207778190464	54.97272567217975	1.8973095939802278	3.4513653284985404	1.7282111838388186	-212.91654272813244	-152.40389519344242	-9.718146767101606	-53.60071215204812	-0.04110282571510943	0.04614152267050919	3.449844932003177	154.0	31.0	1	0	52517.0	0	0	0	0	0	-1	MPF-6170-20200815-11_47_04	273.6645384615385	404.049	0.32269467697843945	0.5	1681.1866496768057	51.32055036034742	271.2549914289608	0.5633202903608225	0.031121202616262514	-1.0	DARK-6171-20200815-11_47_12	176.44	227.60899999999998	0.5728440507117974	2.2900079347086826	0.3226946769784395	0	6170	300	300	300	9863.28	368.324	-0.00655903	1.33832	1999.9876666666669	1681.1866496768057	0.8405985085292054	0.19119701705841058	0.5	0: Broadleaf	1597510015.0533338	1177.1699999999998	1199.9686666666664	19.113860000000003	17.219800000000003	500.0640999999999	99.06355333333332	0.19999646666666665	26.382379999999998	27.219306666666668	999.9000000000002	10005.845666666663	0.0	142.5074	1999.9876666666669	0.9799990000000001	0.020001066666666668	0.0	273.6880333333334	5.00054	7898.9130000000005	18703.496666666666	50.53306666666666	52.82459999999998	51.11659999999999	51.558066666666654	51.728866666666654	1955.0873333333334	39.90033333333334	0.0	122.0	273.6645384615385	-2.2703589790483703	-97.95179488125771	7897.96576923077	15	1597510048.3	11:47:28	44	-0.054	0.117	1200.0	17.0	0.23	0.05	1177.2024074074075	0.28885806081852583	0.05493886114263872	1	19.11310185185185	-0.022370092407022715	0.0031769127070824187	1	2	2	2/2	1.86661	1.86312	1.86875	1.86675	1.87138	1.86386	1.8654	1.86538	5	0	0	0	11111111	oooooooo	off	off	off	off	0.0	100.0	100.0	-0.054	0.117	2	330.629	474.932	19.9798	35.4049	30.0007	35.1721	35.1407	53.3098	49.6936	0	17.08	1200	17.1526	100.417	100.939	
14	1597510139.9	1710.7000000476837	20200815 11:48:59	11:48:59		1597510132.153334	0.0043584371550307475	51.954278924878096	1576.416980244077	1192.5508350773368	118.38043432765696	156.48551098510208	0.2501982246689961	3.376908822923129	0.24033709935815922	0.15106428571183386	321.4422161931197	27.07293201012411	27.28316333333333	3.6391181229564524	54.65966094808613	1.8890763007645208	3.4560702865659936	1.7500418221919316	-192.20707853685596	-159.78925715054223	-10.195953487511629	-40.75007298179014	-0.041090340198266434	0.04612750658406157	3.4490151705480714	154.0	31.0	1	0	52583.0	0	0	0	0	0	-1	MPF-6172-20200815-11_49_01	272.54234615384615	389.143	0.29963446302812546	0.5	1681.2095996768126	51.954278924878096	251.87416781844576	0.5426359975638776	0.03149772576545944	-1.0	DARK-6173-20200815-11_49_09	177.98	211.16299999999998	0.5521831658299694	2.1864422968872907	0.29963446302812546	0	6172	300	300	300	9862.81	357.983	-0.00655868	1.64447	2000.015	1681.2095996768126	0.8405984953496911	0.19119699069938226	0.5	0: Broadleaf	1597510132.153334	1576.417	1599.944	19.030336666666667	17.320356666666665	500.0637	99.06657000000001	0.20000283333333335	26.405469999999998	27.28316333333333	999.9000000000002	10002.501666666667	0.0	144.61333333333332	2000.015	0.9800000000000001	0.020000200000000006	0.0	272.53159999999997	5.00054	7879.270333333333	18703.786666666663	50.67879999999999	53.0	51.278933333333335	51.74153333333334	51.88326666666667	1955.1150000000002	39.900000000000006	0.0	116.60000014305115	272.54234615384615	-2.0895384419409035	-134.07555553449242	7878.454230769231	15	1597510166.9	11:49:26	45	-0.24	0.119	1600.0	17.0	0.12	0.06	1576.5744444444445	0.22895966926874553	0.05883645464388443	1	19.017083333333332	0.12061268429960818	0.0180760200265435	1	2	2	2/2	1.86662	1.86311	1.86879	1.86676	1.87138	1.86386	1.86543	1.86539	5	0	0	0	11111111	oooooooo	off	off	off	off	0.0	100.0	100.0	-0.24	0.119	2	330.434	475.034	20.0413	35.577	30.0005	35.337	35.3041	67.0124	48.4559	0	17.0195	1600	17.3976	100.386	100.905	
15	1597510268.4	1839.2000000476837	20200815 11:51:08	11:51:08		1597510260.653334	0.004141205977737125	51.81199941964036	1776.3916469489918	1372.786220836362	136.27238964340378	176.33709531615136	0.23901409163316964	3.375945918044801	0.22999531540489368	0.1445290195600027	321.43962812875105	26.96066780631942	27.185733333333328	3.618389628841038	54.93524010750416	1.8805321901191379	3.423180068821174	1.7378574387219001	-182.62718361820723	-171.49387222535125	-10.931735962707807	-43.613163677515246	-0.04107546004437037	0.046110802307740166	3.448026153606802	154.0	31.0	1	0	52560.0	0	0	0	0	0	-1	MPF-6174-20200815-11_51_10	271.03380769230773	381.729	0.28998371176329873	0.5	1681.1958896768072	51.81199941964036	243.7597121448409	0.5362678759014903	0.03141335268776616	-1.0	DARK-6175-20200815-11_51_17	177.02	204.70899999999997	0.5407441407446291	2.1564173539713023	0.28998371176329873	0	6174	300	300	300	9863.12	353.475	-0.00655893	1.27023	1999.9986666666666	1681.1958896768072	0.8405985052374071	0.1911970104748142	0.5	0: Broadleaf	1597510260.653334	1776.3916666666669	1800.056333333333	18.944180000000006	17.319263333333332	500.0569333333333	99.06703666666665	0.19997780000000004	26.243479999999998	27.185733333333328	999.9000000000002	9998.832333333334	0.0	151.79553333333337	1999.9986666666666	0.9799993	0.02000080666666667	0.0	271.0455333333333	5.00054	7815.516999999999	18703.596666666665	50.61856666666666	52.92886666666666	51.237399999999994	51.645599999999995	51.82879999999999	1955.0983333333338	39.90033333333334	0.0	127.79999995231628	271.03380769230773	-0.7581880415911353	26.81128211048022	7815.848846153845	15	1597510296.9	11:51:36	46	-0.213	0.117	1800.0	17.0	0.21	0.06	1776.3211111111111	0.28864464006262525	0.06701759488889657	1	18.956909259259263	-0.09787730495851796	0.01304235647474283	1	2	2	2/2	1.86661	1.86312	1.86874	1.86676	1.87138	1.86386	1.8654	1.86537	5	0	0	0	11111111	oooooooo	off	off	off	off	0.0	100.0	100.0	-0.213	0.117	2	330.359	474.875	19.9191	35.6727	30.0003	35.4626	35.4301	73.4582	49.614	0	16.9497	1800	17.4056	100.371	100.887	
