[Header]
File opened	2020-07-24 12:45:03
Console s/n	68C-571038
Console ver	Bluestem v.1.3.4
Scripts ver	2018.05  1.3.4, Mar 2018
Head s/n	68H-581038
Head ver	1.4.0
Head cal	{"co2bzero": "0.880288", "tbzero": "0.197721", "co2aspan2b": "0.163711", "h2obspanconc1": "20", "co2bspan2b": "0.162103", "h2obspan1": "0.998578", "h2oazero": "1.00263", "h2obspanconc2": "0", "co2bspan1": "0.992131", "flowmeterzero": "0.990908", "h2oaspan1": "1.00223", "h2oaspan2b": "0.0662632", "flowazero": "0.42932", "h2obspan2a": "0.0975941", "h2oaspanconc2": "0", "h2obzero": "1.01783", "co2aspan2": "0", "co2bspanconc2": "0", "co2aspan2a": "0.164928", "co2aspanconc1": "1002", "tazero": "0.00774765", "h2obspan2": "0", "flowbzero": "0.22736", "ssa_ref": "36614.9", "co2aspan1": "0.992625", "co2bspan2": "0", "h2oaspanconc1": "12.19", "ssb_ref": "36526.8", "co2bspanconc1": "1002", "h2oaspan2a": "0.0661155", "co2azero": "0.869071", "oxygen": "21", "chamberpressurezero": "2.59209", "co2bspan2a": "0.163389", "co2aspanconc2": "0", "h2obspan2b": "0.0963575", "h2oaspan2": "0"}
Chamber type	6800-01A
Chamber s/n	MPF-551037
Chamber rev	0
Chamber cal	0
Fluorometer	MPF-551037
Flr. Version	1.4.0
12:45:03	Stability Definition:	CO2_s (Meas): Slp<0.3	H2O_s (Meas): Slp<0.2
SysConst:AvgTime	4
SysConst:Oxygen	21
SysConst:Chamber	6800-01A 2 cm²
Const:S	2.0
Const:CustomBLC	2.0
LTConst:deltaTw	0
LTConst:fT1	1
LTConst:fT2	0
LTConst:fTeb	0
LQConst:Leaf	standard
LQConst:Ambient	Sun+Sky
LQConst:abs_ambient	0.49
LQConst:abs_redLED	0.84
LQConst:abs_greenLED	0.7
LQConst:abs_blueLED	0.87
LQConst:abs_whiteLED	0.75
LQConst:abs_redFlr	0.84
LQConst:abs_blueFlr	0.87
LQConst:k_ambient	0.39
LQConst:k_redLED	0.18
LQConst:k_greenLED	0.23
LQConst:k_blueLED	0.26
LQConst:k_whiteLED	0.21
LQConst:k_redFlr	0.19
LQConst:k_blueFlr	0.25
QConst:fQ_Amb_in	0.0
QConst:fQ_Amb_out	0.0
QConst:fQ_HeadLS	0.0
QConst:fQ_ConsoleLS	0.0
QConst:fQ_Flr	1.0
LeakConst:fan_a	-6276.0
LeakConst:fan_b	6.6
LeakConst:fan_c	1.709e-05
LeakConst:fan_d	3.11
LeakConst:Fs_meas	3.46935 75.7742 386.148 617.459 845.313 1047.31 1232.25 1386.61
LeakConst:Fs_true	0.0901397 100.218 402.746 600.792 800.086 1000.08 1200.42 1401.29
LeakConst:leak_wt	0.0
[Data]
Sys	Sys	Sys	Sys	Sys	UserDefVar	GasEx	GasEx	GasEx	GasEx	GasEx	GasEx	GasEx	GasEx	GasEx	GasEx	GasEx	GasEx	GasEx	GasEx	GasEx	GasEx	GasEx	GasEx	GasEx	GasEx	GasEx	GasEx	GasEx	GasEx	GasEx	GasEx	Leak	Leak	Leak	Leak	Leak	FLR	FLR	FLR	FLR	FLR	FLR	FLR	FLR	FLR	FLR	FLR	FLR	FLR	FLR	FLR	FLR	FLR	FLR	FLR	FLR	FLR	FLR	FLR	FLR	MPF	MPF	MPF	MPF	MPF	MPF	MPF	MPF	LeafQ	LeafQ	LeafQ	LeafQ	Const	Const	Meas	Meas	Meas	Meas	Meas	Meas	Meas	Meas	Meas	Meas	Meas	Meas	Meas	Meas	FlrLS	FlrLS	FlrLS	FlrLS	FlrLS	FlrLS	FlrLS	FlrLS	FlrLS	FlrLS	FlrLS	FlrLS	FlrLS	FlrLS	FlrLS	FlrLS	FlrLS	FlrStats	FlrStats	FlrStats	FlrStats	FlrStats	Match	Match	Match	Match	Match	Match	Match	Match	Match	Stability	Stability	Stability	Stability	Stability	Stability	Stability	Stability	Stability	Stability	Stability	Auxiliary	Auxiliary	Auxiliary	Auxiliary	Auxiliary	Auxiliary	Auxiliary	Auxiliary	Auxiliary	Auxiliary	Auxiliary	Auxiliary	Auxiliary	Auxiliary	Auxiliary	Auxiliary	Auxiliary	Auxiliary	Auxiliary	Status	Status	Status	Status	Status	Status	Status	Status	Status	Status	Status	Status	Status	Status	Status	Status	Status	Status	Status	Status	
obs	time	elapsed	date	hhmmss	plant	TIME	E	A	Ca	Ci	Pci	Pca	gsw	gbw	gtw	gtc	Rabs	TleafEB	TleafCnd	SVPleaf	RHcham	VPcham	SVPcham	VPDleaf	LatHFlux	SenHFlux	NetTherm	EBSum	blfa_1	blfa_2	blfa_3	Leak	LeakPct	CorrFact	CorrFactPct	Fan	DarkAdaptedID	Fo	Fm	Fv	Fv/Fm	Adark	LightAdaptedID	Fs	Fm'	PhiPS2	PS2/1	Qabs_fs	Afs	ETR	Fv'/Fm'	PhiCO2	NPQ	DarkPulseID	Fo'	Fv'	qP	qN	qP_Fo	qN_Fo	ID	P1_dur	P2_dur	P3_dur	P1_Qmax	P1_Fmax	P2_dQdt	P3_ΔF	Qin	Qabs	alpha	convert	K	Geometry	TIME	CO2_s	CO2_r	H2O_s	H2O_r	Flow	Pa	ΔPcham	Tair	Tleaf	Tleaf2	Fan_speed	Qamb_in	Qamb_out	Q	f_red	f_blue	f_farred	F	Q_modavg	F_dc	Pc	Tled	TDigital	TPreamp	TPwrSpy	TDrive	Q_red	Q_blue	Q_farred	TSPF	F_avg	dF/dt	dF_dc/dt	F_dc_avg	period	time	hhmmss	count	co2_adj	h2o_adj	co2_at	h2o_at	co2_cv	h2o_cv	CO2_s:MN	CO2_s:SLP	CO2_s:SD	CO2_s:OK	H2O_s:MN	H2O_s:SLP	H2O_s:SD	H2O_s:OK	Stable	Total	State	ADC_CH1	ADC_CH2	ADC_CH3	ADC_CH4	ADC_CH5	ADC_CH6	ADC_CH7	ADC_CH8	DAC_1	DAC_2	DAC_3	DAC_4	GPIO	GPIO_dir	excit_5v	power_12v	power_5v	ch1_pullup	AuxPower	MatchValveR	MatchValveS	MatchCO2	MatchH2O	DIAG	Flow_s	Flow_r	Txchg	Tirga	Tchopper	Ts	Tr	CO2_%	Desiccant_%	Humidifier_%	Txchg_sp	CO2_r_sp	H2O_r_sp	SS_s	SS_r	
	s	s				s	mol m⁻² s⁻¹	µmol m⁻² s⁻¹	µmol mol⁻¹	µmol mol⁻¹	Pa	Pa	mol m⁻² s⁻¹	mol m⁻² s⁻¹	mol m⁻² s⁻¹	mol m⁻² s⁻¹	W m⁻²	°C	°C	kPa	%	kPa	kPa	kPa	W m⁻²	W m⁻²	W m⁻²	W m⁻²				µmol s⁻¹	%		%	µmol s⁻¹						µmol m⁻² s⁻¹						µmol m⁻² s⁻¹	µmol m⁻² s⁻¹	µmol m⁻² s⁻¹		µmol µmol⁻¹										ms	ms	ms	µmol m⁻² s⁻¹		mol m⁻² s⁻²		µmol m⁻² s⁻¹	µmol m⁻² s⁻¹		J/µmol			s	µmol mol⁻¹	µmol mol⁻¹	mmol mol⁻¹	mmol mol⁻¹	µmol s⁻¹	kPa	kPa	°C	°C	°C	rpm	µmol m⁻² s⁻¹	µmol m⁻² s⁻¹	µmol m⁻² s⁻¹					µmol m⁻² s⁻¹			°C	°C	°C	°C	°C	µmol m⁻² s⁻¹	µmol m⁻² s⁻¹	µmol m⁻² s⁻¹	s		min⁻¹	min⁻¹		s	secs			µmol/mol	mmol/mol	µmol/mol	mmol/mol	%	%	µmol mol⁻¹	µmol mol⁻¹ min⁻¹	µmol mol⁻¹		mmol mol⁻¹	mmol mol⁻¹ min⁻¹	mmol mol⁻¹					V	V	V	V	V	V	V	V	V	V	V	V							V	%	%	µmol/mol	mmol/mol		µmol s⁻¹	µmol s⁻¹	°C	°C	°C	°C	°C	%	%	%	°C	µmol mol⁻¹	mmol mol⁻¹	%	%	
1	1595613265.8	0	20200724 12:54:25	12:54:25		1595613257.8000007	0.010610956374650784	35.01395193027127	384.38353500826105	291.94715521408824	29.174401442807717	38.41160757368254	0.7365176130864426	3.399211178111495	0.6580065276022312	0.4176084106779154	353.3352134857591	26.768311642495824	26.97876774193548	3.574698826589637	54.94913471063162	2.0082445664663218	3.6547337406529974	1.5664542601233151	-467.94317612209954	69.17526882471095	4.399214257964285	-41.03347955366523	-0.04143551987928803	0.0465150010154092	3.471923255597829	147.0	29.0	1	0	52241.0	0	0	0	0	0	-1	MPF-5321-20200724-12_54_27	326.51996153846153	447.771	0.2707880556390174	0.5	1849.171751321964	35.01395193027127	250.36681154153564	0.544141983290566	0.01947572036211621	-1.0	DARK-5322-20200724-12_54_35	204.12	243.651	0.49764227711578646	2.1936654908877133	0.2707880556390174	0	5321	300	300	300	9874.32	410.999	-0.0064051	0.65094	2199.9838709677424	1849.171751321964	0.8405387765450021	0.19107755309000446	0.5	0: Broadleaf	1595613257.8000007	384.38354838709677	400.0187741935484	20.096429032258065	15.937829032258064	500.05838709677414	99.73038387096773	0.20003477419354837	27.356241935483872	26.97876774193548	999.9000000000003	10019.390967741934	0.0	244.28016129032258	2199.9838709677424	0.9820009032258065	0.01799945161290323	0.0	326.56867741935486	5.00054	9070.364516129031	20590.387096774197	47.36870967741934	48.298129032258046	47.58438709677417	47.169129032258056	48.82638709677418	2155.473870967742	39.51	0.0	629.5999999046326	326.51996153846153	-16.520649566122813	-403.8629058748487	9068.984230769232	15	1595613292.8	12:54:52	57	-0.514	0.096	400.0	16.0	0.16	0.02	384.64688235294113	-0.005549321267012677	0.016179928329208018	1	20.13349019607843	-0.19687384615382142	0.024188785725280406	1	2	2	2/2	1.86676	1.86326	1.86892	1.86687	1.87161	1.86401	1.86554	1.86543	5	0	0	0	11111111	oooooooo	off	off	off	off	0.0	100.0	100.0	-0.514	0.096	2	334.965	470.773	23.5925	35.1485	29.9981	35.4739	35.5021	22.0367	53.7312	0	23.6039	400	15.9727	100.554	100.933	
2	1595613392.3	126.5	20200724 12:56:32	12:56:32		1595613384.3000007	0.009241488208445128	26.576809343172645	288.3109577178254	208.35993607372487	20.81981013654801	28.808702445788466	0.6283603457788063	3.3926515801682617	0.5701414540079213	0.3611185680143128	353.33763321889637	26.86590089525277	27.014019354838712	3.582107801450107	55.62185745006516	2.007758701587953	3.609657774177049	1.5743490998621539	-407.54962999243014	23.8737745942341	1.5198512815773413	-28.81837089772231	-0.04133388897027571	0.04640091141668625	3.4651853132159918	146.0	29.0	1	0	53049.0	0	0	0	0	0	-1	MPF-5323-20200724-12_56_33	281.2818846153846	377.915	0.25570066121909796	0.5	1849.184486805837	26.576809343172645	236.41884799617543	0.4870275061852533	0.014912957327912188	-1.0	DARK-5324-20200724-12_56_41	193.86	184.055	0.5250230386819994	1.9494222634891158	0.2557006612190979	0	5323	300	300	300	9874.58	347.842	-0.00640555	1.04697	2199.9990322580647	1849.184486805837	0.8405387728320253	0.19107754566405064	0.5	0: Broadleaf	1595613384.3000007	288.3109677419355	300.0064516129033	20.09319354838709	16.47118709677419	500.04312903225804	99.72234516129033	0.19998409677419354	27.144545161290324	27.014019354838712	999.9000000000003	9995.621612903227	0.0	260.3327096774193	2199.9990322580647	0.9820016774193552	0.017998638709677422	0.0	281.3411612903226	5.00054	8355.61064516129	20590.529032258066	47.167064516129024	48.143	47.320129032258045	47.197225806451584	48.533999999999985	2155.4890322580645	39.51	0.0	126.09999990463257	281.2818846153846	-6.65104272293089	-152.86632477804807	8353.715384615385	15	1595613420.3	12:57:00	58	-0.556	0.104	300.0	16.0	0.35	0.03	288.3378431372549	0.1197502262442104	0.019684145654754192	1	20.103433333333335	-0.193878733031691	0.024220503926580945	1	2	2	2/2	1.86682	1.86334	1.86901	1.86689	1.87162	1.86407	1.86556	1.86552	5	0	0	0	11111111	oooooooo	off	off	off	off	0.0	100.0	100.0	-0.556	0.104	2	336.43	471.723	21.6073	34.664	29.9929	35.0221	35.0681	17.5588	51.9883	0	22.624	300	16.1779	100.633	101.033	
3	1595613511.8	246.0	20200724 12:58:31	12:58:31		1595613503.8000007	0.009436374514044409	16.684587757597647	192.60392917751275	141.98577831310413	14.187083047433841	19.24480022553958	0.6277384230570451	3.394364930439403	0.5696554500611093	0.3608042636866094	353.34040276359667	26.649108567869032	26.945874193548384	3.567797524021552	54.807593096072935	1.9584038898443918	3.5732346180783385	1.6093936341771602	-416.1441160693584	4.743164232624947	0.3014434203635439	-57.759105652773215	-0.04136042614503988	0.04643070172014322	3.4669452315792757	146.0	29.0	1	0	52901.0	0	0	0	0	0	-1	MPF-5325-20200724-12_58_33	265.9850769230769	339.389	0.21628256389253364	0.5	1849.2015480962311	16.684587757597647	199.97502598814762	0.43816682332073226	0.009563364131835214	-1.0	DARK-5326-20200724-12_58_41	190.68	148.709	0.4936078050213712	1.779887770086008	0.2162825638925336	0	5325	300	300	300	9873.42	319.22	-0.00640457	1.25409	2200.019677419355	1849.2015480962311	0.8405386402113288	0.1910772804226579	0.5	0: Broadleaf	1595613503.8000007	192.60393548387097	200.0038709677419	19.599906451612906	15.89978387096774	500.0603225806451	99.71903548387097	0.2000072258064516	26.9717935483871	26.945874193548384	999.9000000000003	10002.370967741936	0.0	260.9712258064516	2200.019677419355	0.9820035483870969	0.017996674193548393	0.0	266.07758064516133	5.00054	8014.575161290321	20590.745161290317	47.42906451612902	48.822354838709664	47.62687096774193	47.747741935483866	48.771870967741926	2155.5190322580643	39.50064516129032	0.0	119	265.9850769230769	-5.629811968436718	-75.04410249148303	8013.717692307692	15	1595613537.8	12:58:57	59	-0.487	0.099	200.0	16.0	0.16	0.03	192.52513725490195	0.08790950226246141	0.015557634287428432	1	19.61950588235294	-0.1567732126696828	0.02091046657673497	1	2	2	2/2	1.86676	1.86328	1.86895	1.8669	1.87161	1.86401	1.86554	1.86544	5	0	0	0	11111111	oooooooo	off	off	off	off	0.0	100.0	100.0	-0.487	0.099	2	336.484	470.991	22.4907	34.5145	29.9991	34.7957	34.8375	12.8973	53.8201	0	22.531	200	15.9778	100.658	101.064	
4	1595613629.3	363.5	20200724 13:00:29	13:00:29		1595613621.3000007	0.009308832646880805	6.060423943380487	97.20351705589275	77.9491471772645	7.788472648175313	9.712318367956147	0.620733408340167	3.3943208786161208	0.5638760669516545	0.35709594269886386	353.33815272995	26.82397625887687	27.023916129032255	3.5841902551113365	54.95644511422027	1.9806233823848303	3.603987445454934	1.6035668727265062	-410.51951972744354	17.171389389846354	1.092534386945067	-38.91744322070207	-0.04135974377392663	0.04642993569878961	3.466899982314248	146.0	29.0	1	0	52711.0	0	0	0	0	0	-1	MPF-5327-20200724-13_00_30	263.7812307692308	319.759	0.17506237269559022	0.5	1849.1898771284925	6.060423943380487	161.86178372739042	0.3902282656625772	0.0038181173446310657	-1.0	DARK-5328-20200724-13_00_38	194.98	124.77900000000002	0.44861530570664315	1.6399579444045544	0.17506237269559025	0	5327	300	300	300	9871.92	305.749	-0.00640347	1.07407	2200.0058064516134	1849.1898771284925	0.8405386348098093	0.1910772696196184	0.5	0: Broadleaf	1595613621.3000007	97.20351935483869	99.98929677419355	19.82261612903226	16.173329032258064	500.05970967741945	99.71738387096772	0.19997161290322576	27.117751612903227	27.023916129032255	999.9000000000003	10002.371612903227	0.0	263.71825806451614	2200.0058064516134	0.9820058064516126	0.017994212903225802	0.0	263.7865806451613	5.00054	7982.1212903225805	20590.60967741936	47.76390322580645	49.403032258064506	48.00183870967742	48.28009677419353	49.0984516129032	2155.5058064516134	39.5	0.0	116.59999990463257	263.7812307692308	-0.5785982892803666	-39.90803416688881	7981.920384615384	15	1595613656.8	13:00:56	60	-0.486	0.105	100.0	16.0	0.29	0.03	97.19883333333334	0.055504072398217266	0.010994502488394836	1	19.818568627450983	-0.020899547511297384	0.0028950593611088314	1	2	2	2/2	1.86676	1.86325	1.8689	1.86688	1.87161	1.86401	1.86553	1.8654	5	0	0	0	11111111	oooooooo	off	off	off	off	0.0	100.0	100.0	-0.486	0.105	2	336.737	471.016	22.031	34.4095	29.9999	34.6438	34.6801	8.06014	51.9629	0	22.0363	100	16.1826	100.673	101.082	
5	1595613748.3	482.5	20200724 13:02:28	13:02:28		1595613740.3000007	0.009672413301386813	0.4989731409375662	49.595799811148076	47.008056866654364	4.696905488842767	4.9554650815990575	0.6515063827816231	3.397360973346935	0.5892245945311736	0.373363728859249	353.3370622243268	26.709229694694034	26.973512903225807	3.5735955422187002	55.01630405121909	1.9789821844634576	3.597083116708575	1.5946133577552426	-426.5534265911584	20.43399219367113	1.2984156383882801	-51.48395653477219	-0.04140684480829123	0.046482810736141106	3.470022731107818	146.0	29.0	1	0	52770.0	0	0	0	0	0	-1	MPF-5329-20200724-13_02_29	263.6845	311.062	0.15230886447074854	0.5	1849.1788255154395	0.4989731409375662	140.8231635588045	0.3513190296468228	0.0008106155663553756	-1.0	DARK-5330-20200724-13_02_37	201.78	109.28200000000001	0.4335343423436613	1.5415898503320449	0.1523088644707486	0	5329	300	300	300	9870.05	298.907	-0.00640198	1.0412	2199.9919354838707	1849.1788255154395	0.8405389109341109	0.19107782186822184	0.5	0: Broadleaf	1595613740.3000007	49.595800000000004	49.98723870967743	19.806254838709673	16.01425806451613	500.04467741935485	99.71707096774193	0.19996032258064514	27.085077419354842	26.973512903225807	999.9000000000003	10013.793870967744	0.0	264.4328709677419	2199.9919354838707	0.9819958709677422	0.018003961290322577	0.0	263.672935483871	5.00054	7984.693225806452	20590.419354838705	48.23964516129031	50.03199999999998	48.49377419354839	48.923129032258046	49.54006451612902	2155.4719354838708	39.519999999999996	0.0	118.40000009536743	263.6845	-0.8288888727494831	-6.154871807751179	7984.585	15	1595613776.8	13:02:56	61	-0.467	0.101	50.0	16.0	0.29	0.02	49.582074509803924	-0.06564705882353394	0.015322453639805967	1	19.804556862745095	0.07351819004524851	0.009993316490102735	1	2	2	2/2	1.86676	1.86327	1.86897	1.86689	1.87163	1.86401	1.86556	1.86545	5	0	0	0	11111111	oooooooo	off	off	off	off	0.0	100.0	100.0	-0.467	0.101	2	336.633	470.43	22.3927	34.4184	29.9999	34.5858	34.6161	5.61306	52.537	0	22.4048	50	15.9566	100.67	101.075	
6	1595613871.8	606.0	20200724 13:04:31	13:04:31		1595613863.8000007	0.010006533354334112	34.22003266674492	384.7810837781279	287.8848539731829	28.764318661799695	38.44580760701541	0.6793578074095434	3.3911264550517854	0.6118209100936877	0.3878949657135497	353.33680947995583	26.935629944862463	27.04499677419355	3.588629513171837	54.62716053458506	2.0001727533263116	3.6614986643136613	1.5884567598455255	-441.28812092613435	62.675060455907655	3.9972875658748492	-21.278963424396025	-0.041310272201364635	0.04637439952464097	3.463618744807962	146.0	29.0	1	0	52712.0	0	0	0	0	0	-1	MPF-5331-20200724-13_04_33	261.1359230769231	351.136	0.2563111641161171	0.5	1849.1801513219643	34.22003266674492	236.9827586228751	0.48396063063884087	0.01904629607967963	-1.0	DARK-5332-20200724-13_04_41	181.2	169.93600000000004	0.5296116003853032	1.9378366445916118	0.2563111641161171	0	5331	300	300	300	9868.54	323.071	-0.00640092	1.43585	2199.9938709677413	1849.1801513219643	0.8405387740960116	0.19107754819202344	0.5	0: Broadleaf	1595613863.8000007	384.7810967741937	400.00738709677415	20.018532258064518	16.09652258064516	500.06083870967745	99.71604838709678	0.20000577419354837	27.387816129032256	27.04499677419355	999.9000000000003	9990.541290322582	0.0	265.49996774193545	2199.9938709677413	0.9819992258064516	0.018001112903225806	0.0	261.11909677419357	5.00054	7961.169999999999	20590.477419354836	48.58435483870967	50.508	48.908999999999985	49.33848387096773	49.88706451612902	2155.483870967742	39.51	0.0	123.19999980926514	261.1359230769231	-0.04054701338393716	15.358974362129317	7961.380384615385	15	1595613899.3	13:04:59	62	-0.424	0.1	400	16.0	0.11	0.02	384.7121764705883	0.2905194570135435	0.04030311907471935	1	20.01580392156863	0.04372669683257963	0.00576058142436966	1	2	2	2/2	1.86676	1.86327	1.86893	1.86691	1.87161	1.86402	1.86554	1.8655	5	0	0	0	11111111	oooooooo	off	off	off	off	0.0	100.0	100.0	-0.424	0.1	2	336.616	471.267	22.784	34.4496	30.001	34.5764	34.6005	22.0892	52.1681	0	22.7165	400	16.2283	100.66	101.066	
7	1595613990.8	725.0	20200724 13:06:30	13:06:30		1595613982.8000007	0.009671890797674946	35.257553016665064	384.4012447510761	283.0751498765732	28.28299314622645	38.406825097279054	0.6638786830710861	3.392993514049476	0.5992597458131916	0.37981758266479426	353.33804508836647	26.86553682710783	27.012774193548385	3.581845872642623	55.48971976306629	2.0144321623511505	3.630279934648269	1.5674137102914725	-426.5303841774651	41.87227003162288	2.6666801995604805	-28.65338885791531	-0.04133918452001887	0.046406856135188586	3.465536539859174	144.0	29.0	1	0	52977.0	0	0	0	0	0	-1	MPF-5333-20200724-13_06_32	261.98880769230766	357.484	0.26713137457254676	0.5	1849.1866545477724	35.257553016665064	246.9878864352778	0.4855713822157075	0.019607297579990392	-1.0	DARK-5334-20200724-13_06_40	183.9	173.58399999999997	0.5501382172763177	1.9439042958129416	0.2671313745725468	0	5333	300	300	300	9866.82	328.035	-0.00639958	0.89035	2200.0016129032256	1849.1866545477724	0.8405387722000343	0.1910775444000687	0.5	0: Broadleaf	1595613982.8000007	384.4012580645161	399.98954838709676	20.161787096774194	16.371490322580645	500.06048387096774	99.71337419354842	0.19999919354838708	27.24168064516129	27.012774193548385	999.9000000000003	9997.801612903226	0.0	266.12735483870966	2200.0016129032256	0.9820020000000004	0.017998199999999995	0.0	261.9848387096774	5.00054	7992.349354838709	20590.558064516128	49.04006451612902	50.95325806451611	49.336387096774175	49.80412903225805	50.29199999999998	2155.4916129032254	39.51	0.0	118.29999995231628	261.98880769230766	0.9173675311823739	29.196581197136055	7992.493846153847	15	1595614023.3	13:07:03	63	-0.482	0.103	400.0	16.0	0.09	0.02	384.4667450980392	-0.13611583710398995	0.02498300845103962	1	20.157496078431375	0.005386425339370012	0.005927402657856072	1	2	2	2/2	1.86677	1.86328	1.86893	1.86682	1.87153	1.86401	1.86553	1.86542	5	0	0	0	11111111	oooooooo	off	off	off	off	0.0	100.0	100.0	-0.482	0.103	2	338	470.943	21.3348	34.5493	30.0002	34.6217	34.6383	22.1004	51.1185	0	22.2426	400	16.1553	100.645	101.045	
8	1595614129.8	864.0	20200724 13:08:49	13:08:49		1595614121.8032262	0.008895773120404307	40.796711247314086	481.9583393773298	350.75720518996235	35.04517952340292	48.153869047771245	0.5870646064693695	3.393791879983018	0.5359289579766322	0.33917797892597057	353.33580259811254	26.817021967490945	27.016183870967737	3.5825631630838917	54.99104574276843	1.9702139756429844	3.5827905234955026	1.6123491874409073	-392.30359460982993	0.19772143911141152	0.012575236421220302	-38.75749533618474	-0.041351549796929836	0.0464207372417789	3.466356604687179	146.0	29.0	1	0	52768.0	0	0	0	0	0	-1	MPF-5335-20200724-13_08_51	270.4696153846154	374.257	0.27731581404057803	0.5	1849.1774222897786	40.796711247314086	256.40307108387384	0.506435417373623	0.022602866952354698	-1.0	DARK-5336-20200724-13_08_59	184.72	189.537	0.5475837678943141	2.0260773061931574	0.27731581404057803	0	5335	300	300	300	9865.64	344.23	-0.00639857	1.28616	2199.990967741936	1849.1774222897786	0.840538642841688	0.1910772856833758	0.5	0: Broadleaf	1595614121.8032262	481.95835483870957	499.9896451612903	19.719309677419353	16.231622580645162	500.0651935483871	99.71294516129034	0.19998322580645161	27.017264516129032	27.016183870967737	999.9000000000003	10000.83516129032	0.0	266.6588709677419	2199.990967741936	0.9820035483870969	0.017996574193548387	0.0	270.4600967741935	5.00054	8201.788709677418	20590.480645161286	49.42512903225806	51.412999999999975	49.76199999999999	50.19732258064515	50.671193548387095	2155.4906451612906	39.50032258064516	0.0	138.5	270.4696153846154	-0.7065982761627677	-24.980512805474294	8201.338461538462	15	1595614161.4	13:09:21	64	-0.482	0.103	500.0	16.0	0.16	0.03	481.92923529411763	0.2997943365564433	0.038833272693022745	1	19.707180392156864	0.1400310999217289	0.018312772994502277	1	2	2	2/2	1.86676	1.86326	1.86891	1.86688	1.87155	1.86401	1.86554	1.86547	5	0	0	0	11111111	oooooooo	off	off	off	off	0.0	100.0	100.0	-0.482	0.103	2	336.654	470.444	21.9206	34.7315	30.0006	34.7353	34.7416	26.4231	51.0119	0	21.9139	500	16.2504	100.618	101.014	
9	1595614253.4	987.6000001430511	20200724 13:10:53	13:10:53		1595614245.4451613	0.008096248900792167	44.41702975508405	580.349660646219	422.8527799986225	42.24551832603444	57.98039739603364	0.5287476799957695	3.3969205720552096	0.4869142138753406	0.30780367131350717	353.3402120773047	26.814630513261818	26.987777419354842	3.57659115343709	55.33977731748073	1.9614297926758777	3.5443398722464705	1.6151613607612125	-357.04457652493454	-28.22579594669536	-1.7916285994180376	-33.72178899374323	-0.04140002036778279	0.04647514970381656	3.4695703541187077	146.0	29.0	1	0	52892.0	0	0	0	0	0	-1	MPF-5337-20200724-13_10_55	273.6218076923077	384.282	0.28796610902330133	0.5	1849.2007158381714	44.41702975508405	266.25356747151085	0.5180102112511125	0.024560357005106535	-1.0	DARK-5338-20200724-13_11_02	185.22	199.06199999999998	0.5559081708597939	2.0747327502429544	0.28796610902330133	0	5337	300	300	300	9864.59	349.971	-0.00639774	0.752472	2200.01870967742	1849.2007158381714	0.8405386316506883	0.1910772633013768	0.5	0: Broadleaf	1595614245.4451613	580.3496774193549	599.9934193548387	19.63275806451613	16.458248387096777	500.06445161290316	99.70600645161292	0.19996632258064514	26.83365161290322	26.987777419354842	999.9000000000003	10013.254516129033	0.0	268.00245161290326	2200.01870967742	0.9820050322580642	0.017995016129032253	0.0	273.6227419354839	5.00054	8292.21387096774	20590.722580645157	49.69325806451613	51.69332258064516	50.05199999999997	50.43919354838709	50.916967741935466	2155.5187096774193	39.5	0.0	123.20000004768372	273.6218076923077	-2.145196584289498	-46.908034174175285	8291.520769230769	15	1595614279.4	13:11:19	65	-0.445	0.105	600.0	16.0	0.07	0.03	580.2922352941175	0.1629466268726663	0.029229711069858912	1	19.634807843137256	-0.019274240161675393	0.010560095868869312	1	2	2	2/2	1.86676	1.86326	1.86893	1.8669	1.87156	1.86401	1.86555	1.86546	5	0	0	0	11111111	oooooooo	off	off	off	off	0.0	100.0	100.0	-0.445	0.105	2	336.464	470.968	21.7308	34.7993	29.9978	34.8039	34.8072	30.6014	50.3345	0	21.7494	600	16.3511	100.612	101.009	
10	1595614400.9	1135.1000001430511	20200724 13:13:20	13:13:20		1595614392.9580646	0.007420036350662636	46.106596410072555	679.5376599284143	497.07125203125975	49.659410660192115	67.88853625220096	0.471678518786695	3.394826670335292	0.43806159681955426	0.27660892457064057	353.3352116809243	26.86331513211198	27.03780322580645	3.587114123914503	55.1218147653166	1.9417307670464028	3.5226176338957664	1.6453833568681	-327.22360306422223	-56.49000322759203	-3.5869302503461546	-33.965324861236084	-0.04136757882443539	0.046438731229373816	3.4674195231742857	146.0	29.0	1	0	52691.0	0	0	0	0	0	-1	MPF-5339-20200724-13_13_22	271.4961153846154	376.862	0.2795874474353599	0.5	1849.1688287412373	46.106596410072555	258.50219635239836	0.5123413875636175	0.025474470301415836	-1.0	DARK-5340-20200724-13_13_30	183.78	193.08200000000002	0.5457053718906196	2.050614865600174	0.27958744743535996	0	5339	300	300	300	9863.48	346.381	-0.00639687	1.24979	2199.98	1849.1688287412373	0.8405389270544448	0.19107785410888956	0.5	0: Broadleaf	1595614392.9580646	679.5376774193547	699.9952258064517	19.435964516129033	16.525916129032257	500.0480967741934	99.7040193548387	0.19998929032258062	26.729151612903227	27.03780322580645	999.9000000000003	10005.60741935484	0.0	269.20990322580644	2199.98	0.9819936451612902	0.018005922580645158	0.0	271.52774193548385	5.00054	8248.671612903227	20590.30967741936	50.021967741935484	51.93106451612901	50.336322580645145	50.731709677419346	51.18119354838707	2155.4590322580643	39.52096774193548	0.0	146.60000014305115	271.4961153846154	-3.6680000055704665	-72.25470098526318	8248.333461538461	15	1595614429.5	13:13:49	66	-0.414	0.106	700.0	17.0	0.12	0.03	679.4678823529414	0.40361960433268973	0.05306623573286385	0	19.45643725490196	-0.22929920090018102	0.028440291501665934	0	0	2	0/2	1.86676	1.86325	1.8689	1.86686	1.87151	1.86401	1.86554	1.86542	5	0	0	0	11111111	oooooooo	off	off	off	off	0.0	100.0	100.0	-0.414	0.106	2	336.705	470.983	21.5467	34.8927	30.0013	34.8885	34.8913	34.6577	50.276	0	21.5139	700	16.4695	100.59	100.984	
11	1595614551.0	1285.2000000476837	20200724 13:15:51	13:15:51		1595614542.9709678	0.006613102717462437	46.96589488033709	779.1638854441836	569.4461640954434	56.89091748931628	77.8429131889464	0.4150599811437957	3.394043066905528	0.388782532839592	0.24521124367227842	353.3386582185208	26.941996184841695	27.02294516129032	3.5839858998441225	55.16962246106917	1.931521367261046	3.501059606895149	1.6524645325830765	-291.63782984009345	-72.83711551132097	-4.6232310592828965	-15.759518192176529	-0.04135544050987654	0.04642510490790674	3.4666146191292206	145.0	29.0	1	0	52812.0	0	0	0	0	0	-1	MPF-5341-20200724-13_15_52	268.38107692307693	371.317	0.27721844967217524	0.5	1849.1872255154406	46.96589488033709	256.3144079054908	0.5044126716525233	0.02593890668207873	-1.0	DARK-5342-20200724-13_16_00	184.02	187.297	0.5495866088454331	2.017807846973155	0.2772184496721752	0	5341	300	300	300	9862.27	341.154	-0.00639593	1.05771	2200.0019354838705	1849.1872255154406	0.8405389084845185	0.19107781696903703	0.5	0: Broadleaf	1595614542.9709678	779.1639032258065	800.0085161290323	19.33344516129032	16.73969677419355	500.0676774193547	99.70572258064514	0.19997716129032259	26.624883870967743	27.02294516129032	999.9000000000003	10002.500645161292	0.0	270.05564516129033	2200.0019354838705	0.9819961612903227	0.018003687096774187	0.0	268.3954193548387	5.00054	8187.32741935484	20590.51935483871	50.31409677419352	52.191064516129	50.633	50.96545161290323	51.42912903225806	2155.481935483871	39.519999999999996	0.0	149.10000014305115	268.38107692307693	-3.5400341987224526	-76.5873505264803	8187.056923076923	15	1595614578.0	13:16:18	67	-0.477	0.109	800.0	17.0	0.15	0.04	779.1864901960784	0.47487719513233223	0.06101185116281936	0	19.34647843137255	-0.17599719716635134	0.021638757110890687	1	1	2	1/2	1.86676	1.86325	1.8689	1.8668	1.87151	1.86401	1.86554	1.86543	5	0	0	0	11111111	oooooooo	off	off	off	off	0.0	100.0	100.0	-0.477	0.109	2	336.825	471.475	21.3998	34.97	30.0007	34.9706	34.9727	38.6204	49.6339	0	21.3651	800	16.7285	100.575	100.971	
12	1595614684.5	1418.7000000476837	20200724 13:18:04	13:18:04		1595614676.5	0.0062712104759450275	48.03533198014151	978.3666592257982	747.5814313427718	74.68790392797113	97.74474323063056	0.39075090466605056	3.3938280036102255	0.36736692696322193	0.23158858278609895	353.34007361346806	26.93716293365406	27.02884838709678	3.585228482625047	55.30278060906279	1.9268095714897346	3.48410975048509	1.6584189111353123	-276.5603819891757	-88.98444794168869	-5.646358155414105	-17.85111447281041	-0.04135210931910629	0.0464213653544388	3.466393710177773	145.0	29.0	1	0	52796.0	0	0	0	0	0	-1	MPF-5343-20200724-13_18_06	265.6976923076923	364.905	0.2718716040950595	0.5	1849.1969898578334	48.03533198014151	251.37207596020232	0.502665077211877	0.026517094852026205	-1.0	DARK-5344-20200724-13_18_13	181.48	183.42499999999998	0.5408603390612385	2.0107174344280363	0.27187160409505945	0	5343	300	300	300	9861.37	334.479	-0.0063952	1.2305	2200.0138709677417	1849.1969898578334	0.8405387867142896	0.19107757342857934	0.5	0: Broadleaf	1595614676.5	978.3666774193546	1000.032	19.28621612903226	16.826454838709676	500.0698709677419	99.70605161290322	0.19999312903225805	26.542509677419353	27.02884838709678	999.9000000000003	10001.661935483871	0.0	270.8088064516129	2200.0138709677417	0.9819981935483874	0.018002196774193548	0.0	265.7066774193549	5.00054	8139.869677419355	20590.654838709677	50.598580645161285	52.45732258064514	50.92299999999997	51.23170967741935	51.67716129032257	2155.502903225806	39.51129032258064	0.0	132.80000019073486	265.6976923076923	-2.7601367529876835	-43.18564102026596	8139.33923076923	15	1595614711.5	13:18:31	68	-0.131	0.11	1000.0	17.0	0.15	0.03	978.0045294117647	0.2806696832578438	0.05111477010790237	1	19.297750980392156	-0.1645552941176611	0.02729438908474436	1	2	2	2/2	1.86676	1.86325	1.8689	1.86683	1.87149	1.864	1.86553	1.86539	5	0	0	0	11111111	oooooooo	off	off	off	off	0.0	100.0	100.0	-0.131	0.11	2	336.887	472.009	21.1844	35.0221	30.0014	35.0301	35.0349	46.2408	49.365	0	21.0897	1000	16.8567	100.567	100.963	
13	1595614819.0	1553.2000000476837	20200724 13:20:19	13:20:19		1595614811.0	0.00551362026835772	48.14911580940313	1178.1669172564648	914.3412880857197	91.34903280508779	117.70704197297512	0.342632582540591	3.394548590242532	0.3245134187306534	0.20436893794290126	353.33827200992084	26.930722696518085	26.955212903225803	3.5697556690377046	55.65793685601822	1.9189221094780238	3.447706145562119	1.6508335595596808	-243.15065383457545	-108.12224967974964	-6.850624520060451	-4.785256024464729	-0.04136327111338473	0.046433895446343236	3.4671338838033847	146.0	29.0	1	0	52809.0	0	0	0	0	0	-1	MPF-5345-20200724-13_20_20	262.23223076923074	353.583	0.2583573566341404	0.5	1849.1875061606659	48.14911580940313	238.87559800627392	0.48623095567377395	0.02657876264340974	-1.0	DARK-5346-20200724-13_20_28	181.66	171.92300000000003	0.5313469938912727	1.9463998678850603	0.25835735663414044	0	5345	300	300	300	9860.49	326.572	-0.00639439	0.63382	2200.002580645161	1849.1875061606659	0.840538789558321	0.19107757911664217	0.5	0: Broadleaf	1595614811.0	1178.1669354838714	1200.0225806451615	19.207096774193552	17.04424516129032	500.0546129032259	99.70694516129034	0.19998674193548388	26.364403225806452	26.955212903225803	999.9000000000003	10004.27193548387	0.0	272.1835161290323	2200.002580645161	0.9819992903225806	0.01800104516129032	0.0	262.28512903225806	5.00054	8046.364838709677	20590.55483870967	50.83448387096772	52.71341935483869	51.1812258064516	51.461322580645145	51.91699999999997	2155.491290322581	39.51129032258064	0.0	133.80000019073486	262.23223076923074	-3.589059827122466	-71.25094009263132	8045.860384615385	15	1595614845.5	13:20:45	69	-0.216	0.109	1200.0	17.0	0.18	0.04	1178.2441176470588	0.10077828054293508	0.03747817511762528	1	19.19066470588235	0.19922171945699738	0.026272163928053382	1	2	2	2/2	1.86676	1.86326	1.86891	1.86683	1.87154	1.86401	1.86553	1.86543	5	0	0	0	11111111	oooooooo	off	off	off	off	0.0	100.0	100.0	-0.216	0.109	2	335.87	472.044	20.8242	35.1404	29.9998	35.1235	35.1244	53.5623	49.5802	0	20.8244	1200	16.7968	100.55	100.943	
14	1595614938.5	1672.7000000476837	20200724 13:22:18	13:22:18		1595614930.5	0.005149085194815605	48.56650657091878	1577.3314010326492	1281.8247283598696	128.06445006459876	157.5879088409646	0.31618819115081365	3.394284519697275	0.30068888443067315	0.18925977309693137	353.3329482036733	27.03097621441109	26.980593548387095	3.5750822350166347	55.3764758373832	1.9112038171306298	3.45129188564294	1.6638784178860049	-227.07465709136818	-109.53468809030832	-6.9421506409311835	9.781452381065634	-0.041359180570377525	0.046429303453466395	3.4668626350718523	146.0	29.0	1	0	52997.0	0	0	0	0	0	-1	MPF-5347-20200724-13_22_20	260.9153846153846	346.582	0.24717560457443088	0.5	1849.159828741317	48.56650657091878	228.53359931194305	0.489990824682182	0.026804879600189905	-1.0	DARK-5348-20200724-13_22_27	176.76	169.822	0.50444945522144	1.9607490382439468	0.24717560457443086	0	5347	300	300	300	9859.62	321.056	-0.00639378	0.38562	2199.9696774193553	1849.159828741317	0.8405387800210269	0.19107756004205403	0.5	0: Broadleaf	1595614930.5	1577.3314193548385	1600.004193548387	19.12965161290322	17.10964516129032	500.05632258064514	99.70793870967742	0.19998725806451614	26.382019354838707	26.980593548387095	999.9000000000003	10003.182903225808	0.0	272.32961290322584	2199.9696774193553	0.9820004516129033	0.017999825806451614	0.0	260.9175483870968	5.00054	8036.801612903226	20590.264516129027	51.04806451612902	52.90299999999999	51.37087096774193	51.636935483870964	52.09038709677417	2155.4596774193546	39.51	0.0	118.70000004768372	260.9153846153846	-2.1863931520085127	-51.944957342494604	8036.298846153846	15	1595614966.5	13:22:46	70	-0.442	0.113	1600	17.0	0.1	0.04	1577.5147058823527	0.29701357466087214	0.07058169904376557	1	19.110950980392154	0.1824423529411435	0.025466012509940912	1	2	2	2/2	1.86676	1.86325	1.8689	1.86686	1.87153	1.86401	1.86554	1.86541	5	0	0	0	11111111	oooooooo	off	off	off	off	0.0	100.0	100.0	-0.442	0.113	2	335.749	472.682	20.8986	35.2491	29.9999	35.2195	35.2159	67.3514	48.9364	0	20.88	1600	16.9636	100.529	100.922	
