[Header]
File opened	2020-07-24 11:29:44
Console s/n	68C-571038
Console ver	Bluestem v.1.3.4
Scripts ver	2018.05  1.3.4, Mar 2018
Head s/n	68H-581038
Head ver	1.4.0
Head cal	{"co2bzero": "0.880288", "tbzero": "0.197721", "co2aspan2b": "0.163711", "h2obspanconc1": "20", "co2bspan2b": "0.162103", "h2obspan1": "0.998578", "h2oazero": "1.00263", "h2obspanconc2": "0", "co2bspan1": "0.992131", "flowmeterzero": "0.990908", "h2oaspan1": "1.00223", "h2oaspan2b": "0.0662632", "flowazero": "0.42932", "h2obspan2a": "0.0975941", "h2oaspanconc2": "0", "h2obzero": "1.01783", "co2aspan2": "0", "co2bspanconc2": "0", "co2aspan2a": "0.164928", "co2aspanconc1": "1002", "tazero": "0.00774765", "h2obspan2": "0", "flowbzero": "0.22736", "ssa_ref": "36614.9", "co2aspan1": "0.992625", "co2bspan2": "0", "h2oaspanconc1": "12.19", "ssb_ref": "36526.8", "co2bspanconc1": "1002", "h2oaspan2a": "0.0661155", "co2azero": "0.869071", "oxygen": "21", "chamberpressurezero": "2.59209", "co2bspan2a": "0.163389", "co2aspanconc2": "0", "h2obspan2b": "0.0963575", "h2oaspan2": "0"}
Chamber type	6800-01A
Chamber s/n	MPF-551037
Chamber rev	0
Chamber cal	0
Fluorometer	MPF-551037
Flr. Version	1.4.0
11:29:44	Stability Definition:	CO2_s (Meas): Slp<0.3	H2O_s (Meas): Slp<0.2
SysConst:AvgTime	4
SysConst:Oxygen	21
SysConst:Chamber	6800-01A 2 cm²
Const:S	2.0
Const:CustomBLC	2.0
LTConst:deltaTw	0
LTConst:fT1	1
LTConst:fT2	0
LTConst:fTeb	0
LQConst:Leaf	standard
LQConst:Ambient	Sun+Sky
LQConst:abs_ambient	0.49
LQConst:abs_redLED	0.84
LQConst:abs_greenLED	0.7
LQConst:abs_blueLED	0.87
LQConst:abs_whiteLED	0.75
LQConst:abs_redFlr	0.84
LQConst:abs_blueFlr	0.87
LQConst:k_ambient	0.39
LQConst:k_redLED	0.18
LQConst:k_greenLED	0.23
LQConst:k_blueLED	0.26
LQConst:k_whiteLED	0.21
LQConst:k_redFlr	0.19
LQConst:k_blueFlr	0.25
QConst:fQ_Amb_in	0.0
QConst:fQ_Amb_out	0.0
QConst:fQ_HeadLS	0.0
QConst:fQ_ConsoleLS	0.0
QConst:fQ_Flr	1.0
LeakConst:fan_a	-6276.0
LeakConst:fan_b	6.6
LeakConst:fan_c	1.709e-05
LeakConst:fan_d	3.11
LeakConst:Fs_meas	3.46935 75.7742 386.148 617.459 845.313 1047.31 1232.25 1386.61
LeakConst:Fs_true	0.0901397 100.218 402.746 600.792 800.086 1000.08 1200.42 1401.29
LeakConst:leak_wt	0.0
[Data]
Sys	Sys	Sys	Sys	Sys	UserDefVar	GasEx	GasEx	GasEx	GasEx	GasEx	GasEx	GasEx	GasEx	GasEx	GasEx	GasEx	GasEx	GasEx	GasEx	GasEx	GasEx	GasEx	GasEx	GasEx	GasEx	GasEx	GasEx	GasEx	GasEx	GasEx	GasEx	Leak	Leak	Leak	Leak	Leak	FLR	FLR	FLR	FLR	FLR	FLR	FLR	FLR	FLR	FLR	FLR	FLR	FLR	FLR	FLR	FLR	FLR	FLR	FLR	FLR	FLR	FLR	FLR	FLR	MPF	MPF	MPF	MPF	MPF	MPF	MPF	MPF	LeafQ	LeafQ	LeafQ	LeafQ	Const	Const	Meas	Meas	Meas	Meas	Meas	Meas	Meas	Meas	Meas	Meas	Meas	Meas	Meas	Meas	FlrLS	FlrLS	FlrLS	FlrLS	FlrLS	FlrLS	FlrLS	FlrLS	FlrLS	FlrLS	FlrLS	FlrLS	FlrLS	FlrLS	FlrLS	FlrLS	FlrLS	FlrStats	FlrStats	FlrStats	FlrStats	FlrStats	Match	Match	Match	Match	Match	Match	Match	Match	Match	Stability	Stability	Stability	Stability	Stability	Stability	Stability	Stability	Stability	Stability	Stability	Auxiliary	Auxiliary	Auxiliary	Auxiliary	Auxiliary	Auxiliary	Auxiliary	Auxiliary	Auxiliary	Auxiliary	Auxiliary	Auxiliary	Auxiliary	Auxiliary	Auxiliary	Auxiliary	Auxiliary	Auxiliary	Auxiliary	Status	Status	Status	Status	Status	Status	Status	Status	Status	Status	Status	Status	Status	Status	Status	Status	Status	Status	Status	Status	
obs	time	elapsed	date	hhmmss	plant	TIME	E	A	Ca	Ci	Pci	Pca	gsw	gbw	gtw	gtc	Rabs	TleafEB	TleafCnd	SVPleaf	RHcham	VPcham	SVPcham	VPDleaf	LatHFlux	SenHFlux	NetTherm	EBSum	blfa_1	blfa_2	blfa_3	Leak	LeakPct	CorrFact	CorrFactPct	Fan	DarkAdaptedID	Fo	Fm	Fv	Fv/Fm	Adark	LightAdaptedID	Fs	Fm'	PhiPS2	PS2/1	Qabs_fs	Afs	ETR	Fv'/Fm'	PhiCO2	NPQ	DarkPulseID	Fo'	Fv'	qP	qN	qP_Fo	qN_Fo	ID	P1_dur	P2_dur	P3_dur	P1_Qmax	P1_Fmax	P2_dQdt	P3_ΔF	Qin	Qabs	alpha	convert	K	Geometry	TIME	CO2_s	CO2_r	H2O_s	H2O_r	Flow	Pa	ΔPcham	Tair	Tleaf	Tleaf2	Fan_speed	Qamb_in	Qamb_out	Q	f_red	f_blue	f_farred	F	Q_modavg	F_dc	Pc	Tled	TDigital	TPreamp	TPwrSpy	TDrive	Q_red	Q_blue	Q_farred	TSPF	F_avg	dF/dt	dF_dc/dt	F_dc_avg	period	time	hhmmss	count	co2_adj	h2o_adj	co2_at	h2o_at	co2_cv	h2o_cv	CO2_s:MN	CO2_s:SLP	CO2_s:SD	CO2_s:OK	H2O_s:MN	H2O_s:SLP	H2O_s:SD	H2O_s:OK	Stable	Total	State	ADC_CH1	ADC_CH2	ADC_CH3	ADC_CH4	ADC_CH5	ADC_CH6	ADC_CH7	ADC_CH8	DAC_1	DAC_2	DAC_3	DAC_4	GPIO	GPIO_dir	excit_5v	power_12v	power_5v	ch1_pullup	AuxPower	MatchValveR	MatchValveS	MatchCO2	MatchH2O	DIAG	Flow_s	Flow_r	Txchg	Tirga	Tchopper	Ts	Tr	CO2_%	Desiccant_%	Humidifier_%	Txchg_sp	CO2_r_sp	H2O_r_sp	SS_s	SS_r	
	s	s				s	mol m⁻² s⁻¹	µmol m⁻² s⁻¹	µmol mol⁻¹	µmol mol⁻¹	Pa	Pa	mol m⁻² s⁻¹	mol m⁻² s⁻¹	mol m⁻² s⁻¹	mol m⁻² s⁻¹	W m⁻²	°C	°C	kPa	%	kPa	kPa	kPa	W m⁻²	W m⁻²	W m⁻²	W m⁻²				µmol s⁻¹	%		%	µmol s⁻¹						µmol m⁻² s⁻¹						µmol m⁻² s⁻¹	µmol m⁻² s⁻¹	µmol m⁻² s⁻¹		µmol µmol⁻¹										ms	ms	ms	µmol m⁻² s⁻¹		mol m⁻² s⁻²		µmol m⁻² s⁻¹	µmol m⁻² s⁻¹		J/µmol			s	µmol mol⁻¹	µmol mol⁻¹	mmol mol⁻¹	mmol mol⁻¹	µmol s⁻¹	kPa	kPa	°C	°C	°C	rpm	µmol m⁻² s⁻¹	µmol m⁻² s⁻¹	µmol m⁻² s⁻¹					µmol m⁻² s⁻¹			°C	°C	°C	°C	°C	µmol m⁻² s⁻¹	µmol m⁻² s⁻¹	µmol m⁻² s⁻¹	s		min⁻¹	min⁻¹		s	secs			µmol/mol	mmol/mol	µmol/mol	mmol/mol	%	%	µmol mol⁻¹	µmol mol⁻¹ min⁻¹	µmol mol⁻¹		mmol mol⁻¹	mmol mol⁻¹ min⁻¹	mmol mol⁻¹					V	V	V	V	V	V	V	V	V	V	V	V							V	%	%	µmol/mol	mmol/mol		µmol s⁻¹	µmol s⁻¹	°C	°C	°C	°C	°C	%	%	%	°C	µmol mol⁻¹	mmol mol⁻¹	%	%	
1	1595608591.3	0	20200724 11:36:31	11:36:31		1595608583.345162	0.012217269569272212	34.5792842219158	384.2946642546542	306.12032964847725	30.594594820269293	38.40757507991615	0.8925408935440985	3.3921067968498297	0.7797508095906561	0.49628535330624024	353.3393321804608	27.13281722990385	27.16773225806452	3.614571152005948	54.88897921025922	2.0933629651333545	3.813812891499514	1.5212081868725935	-538.7815880049045	167.85117400841952	10.746066877359976	-6.845014938664207	-0.04132545237702268	0.046391440601673564	3.464625725154573	152.0	30.0	1	0	52578.0	0	0	0	0	0	-1	MPF-5265-20200724-11_36_32	325.1803076923077	439.712	0.26046979001640236	0.5	1849.1934287413217	34.5792842219158	240.8295120419816	0.5515701186230987	0.019240434055691685	-1.0	DARK-5266-20200724-11_36_40	197.18	242.53199999999998	0.4722333230571319	2.23000304290496	0.26046979001640236	0	5265	300	300	300	9874.42	406.994	-0.00640476	1.4512	2200.0096774193544	1849.1934287413217	0.8405387702250721	0.19107754045014425	0.5	0: Broadleaf	1595608583.345162	384.29467741935485	400.00258064516134	20.94556129032258	16.161567741935485	500.0580322580645	99.74306129032256	0.19997370967741934	28.08557741935484	27.16773225806452	999.9000000000003	9991.505806451612	0.0	119.95409677419357	2200.0096774193544	0.9820010967741937	0.017999248387096777	0.0	325.224064516129	5.00054	9630.199677419356	20590.625806451615	48.60054838709676	50.25187096774194	48.79599999999998	49.384741935483845	50.033999999999985	2155.499677419355	39.51	0.0	467.59999990463257	325.1803076923077	-11.60034185382243	-231.54119623503814	9629.177692307692	15	1595608624.3	11:37:04	29	-0.393	0.1	400.0	16.0	0.17	0.02	384.5974117647059	-0.0044095437153537686	0.021104015481298345	1	20.969803921568634	-0.12367255335669824	0.016443879137596772	1	2	2	2/2	1.86673	1.86322	1.86889	1.86677	1.87149	1.86396	1.86549	1.8654	5	0	0	0	11111111	oooooooo	off	off	off	off	0.0	100.0	100.0	-0.393	0.1	2	330.465	477.629	22.3145	35.3347	30.0013	35.388	35.3934	22.038	50.1818	0	22.2537	400	16.2041	100.571	100.793	
2	1595608733.4	142.10000014305115	20200724 11:38:53	11:38:53		1595608725.3580651	0.011814149860642815	26.889982734509836	287.8826672118412	224.90446784606627	22.477204953663556	28.771316886229002	0.8497937070205633	3.396435437285999	0.7469992247275721	0.4750700252770492	353.3367293044219	26.617452403322275	26.94415161290323	3.5674364349527337	55.178938438104694	2.0310915024720004	3.6809180458415596	1.5363449324807332	-521.0040088543482	97.78355101345754	6.2263638487929915	-63.65736468767575	-0.04139250320227918	0.04646671102699888	3.4690720280411176	153.0	31.0	1	0	52645.0	0	0	0	0	0	-1	MPF-5267-20200724-11_38_55	288.5489230769231	383.945	0.24846287078377616	0.5	1849.1822997091338	26.889982734509836	229.72657139413826	0.4971154722681634	0.015082332736419107	-1.0	DARK-5268-20200724-11_39_02	193.08	190.86499999999998	0.49980916838119577	1.9885280712657964	0.2484628707837761	0	5267	300	300	300	9872.83	355.461	-0.00640347	1.09042	2199.996774193549	1849.1822997091338	0.8405386414200481	0.1910772828400963	0.5	0: Broadleaf	1595608725.3580651	287.8826774193548	299.9979032258064	20.322880645161284	15.69371935483871	500.0496451612904	99.7411322580645	0.19999016129032257	27.47817096774194	26.94415161290323	999.9000000000003	10007.91064516129	0.0	149.56619354838708	2199.996774193549	0.9820036129032259	0.01799660645161291	0.0	288.5979677419355	5.00054	8913.153225806449	20590.5129032258	49.023870967741914	50.799999999999976	49.24787096774194	49.866806451612895	50.34654838709676	2155.4964516129035	39.50032258064516	0.0	141.39999985694885	288.5489230769231	-4.3552820585089504	-79.94461549364614	8912.502307692308	15	1595608768.9	11:39:28	30	-0.436	0.095	300.0	16.0	0.17	0.02	287.91213725490195	0.13799576103892774	0.01937860110275435	1	20.34646470588235	-0.19680538512683476	0.02487069165393014	1	2	2	2/2	1.86676	1.86325	1.86894	1.86688	1.8716	1.86401	1.86554	1.86549	5	0	0	0	11111111	oooooooo	off	off	off	off	0.0	100.0	100.0	-0.436	0.095	2	329.411	476.231	22.5014	35.3876	30	35.4075	35.4127	17.5594	53.0437	0	22.5212	300	15.6567	100.563	100.783	
3	1595608860.4	269.10000014305115	20200724 11:41:00	11:41:00		1595608852.4000006	0.01105228714766776	17.307675316240136	192.2104773064198	148.4529423601519	14.836590727332888	19.209778802377784	0.7774889430904688	3.396496597430223	0.6904891235115365	0.43855830332388446	353.3366597031177	26.778670331343218	27.02649354838709	3.584732762448478	55.18458948606557	2.0299607880251926	3.678492142335805	1.5547719744232853	-487.4058632121482	80.64485431102545	5.136788061964903	-48.287561136040125	-0.041393450852254134	0.04646777484711447	3.4691348511450104	151.0	30.0	1	0	52688.0	0	0	0	0	0	-1	MPF-5269-20200724-11_41_02	273.74192307692306	349.95	0.21776847241913688	0.5	1849.1820190639744	17.307675316240136	201.34677175824848	0.45323617659665666	0.009900418199776342	-1.0	DARK-5270-20200724-11_41_09	191.34	158.60999999999999	0.4804746038905298	1.8289432423957352	0.21776847241913683	0	5269	300	300	300	9871.6	327.759	-0.00640248	1.3436	2199.996451612903	1849.1820190639744	0.8405386371001949	0.19107727420038992	0.5	0: Broadleaf	1595608852.4000006	192.21048387096775	199.98248387096774	20.31151612903226	15.980851612903225	500.0525161290322	99.7414	0.19997193548387096	27.466906451612903	27.02649354838709	999.9000000000003	10008.112903225807	0.0	155.89351612903224	2199.996451612903	0.9820055483870965	0.017994496774193545	0.0	273.7656451612904	5.00054	8631.459354838707	20590.53870967742	49.29406451612902	51.205290322580616	49.57825806451611	50.23164516129032	50.63087096774193	2155.496451612903	39.5	0.0	126.19999980926514	273.74192307692306	-3.239726480724056	-68.00888889003929	8631.095384615384	15	1595608887.4	11:41:27	31	-0.415	0.097	200.0	16.0	0.34	0.02	192.18349019607842	0.0740850678734363	0.01287553166466716	1	20.294899999999995	0.1498425339366738	0.019120177208137867	1	2	2	2/2	1.86675	1.86324	1.8689	1.86679	1.87151	1.86395	1.86553	1.86541	5	0	0	0	11111111	oooooooo	off	off	off	off	0.0	100.0	100.0	-0.415	0.097	2	330.804	475.624	21.5999	35.403	30.0002	35.4335	35.4386	12.9189	50.8653	0	21.6044	200	15.9855	100.555	100.777	
4	1595608978.9	387.60000014305115	20200724 11:42:58	11:42:58		1595608970.9000006	0.011064771519453563	6.34636437633064	97.02962017636766	80.21182562580276	8.016476006925249	9.697268651303519	0.7718940198300902	3.3932312391685735	0.6859952856229578	0.4356654735607913	353.3392245390413	26.577789053638824	26.956500000000005	3.570025621638725	55.08380408882149	2.0029653287421216	3.6362146040465575	1.5670602928966035	-487.9564240079021	57.26719286367719	3.6463494500486546	-73.70365715513495	-0.041342866324567976	0.04641098928333875	3.465780725900168	153.0	31.0	1	0	52814.0	0	0	0	0	0	-1	MPF-5271-20200724-11_43_00	271.9048846153846	332.106	0.18127078518489692	0.5	1849.1902061606027	6.34636437633064	167.60208031347693	0.40856232648612195	0.003972746747119969	-1.0	DARK-5272-20200724-11_43_08	196.42	135.686	0.44367963816912115	1.6907952347011508	0.18127078518489692	0	5271	300	300	300	9870.34	313.661	-0.00640142	0.662079	2200.0054838709675	1849.1902061606027	0.8405389076153137	0.19107781523062733	0.5	0: Broadleaf	1595608970.9000006	97.02962258064518	99.99730967741935	20.041412903225805	15.704648387096773	500.05103225806454	99.74135483870968	0.19996858064516132	27.26954516129032	26.956500000000005	999.9000000000003	9995.887096774193	0.0	160.71654838709676	2200.0054838709675	0.981994483870968	0.018005141935483873	0.0	271.9281290322581	5.00054	8627.146774193548	20590.541935483863	49.62899999999999	51.576322580645154	49.943193548387086	50.650967741935474	50.90699999999998	2155.485483870968	39.519999999999996	0.0	117.79999995231628	271.9048846153846	-1.041264952815718	-23.124102599932073	8626.942307692307	15	1595609005.4	11:43:25	32	-0.398	0.093	100.0	16.0	0.22	0.02	97.00622941176472	0.07886660633482431	0.014457202480962602	1	20.050833333333333	-0.05526624434389908	0.00751796975792322	1	2	2	2/2	1.86676	1.86325	1.8689	1.86687	1.87153	1.86401	1.86554	1.86546	5	0	0	0	11111111	oooooooo	off	off	off	off	0.0	100.0	100.0	-0.398	0.093	2	329.196	474.704	22.0825	35.4768	30.0002	35.4829	35.4871	8.08216	52.7271	0	22.1125	100	15.7613	100.539	100.765	
5	1595609096.9	505.60000014305115	20200724 11:44:56	11:44:56		1595609088.9000006	0.010470294738451555	0.7414214249270548	49.48539326695026	46.45220857099681	4.64241152342664	4.945546552273633	0.7219161009583627	3.393941775055936	0.6462122971032563	0.41002083073212786	353.34081185189206	26.781567277458315	27.046451612903226	3.5889360566841746	55.193046760713926	2.015059305940205	3.6509296445915935	1.5738767507439695	-461.7399979657136	53.43082413850734	3.4040672157479883	-51.5642947595662	-0.04135387155303784	0.04642334361640714	3.466510574035273	153.0	31.0	1	0	52695.0	0	0	0	0	0	-1	MPF-5273-20200724-11_44_58	271.72303846153847	317.934	0.14534765560921936	0.5	1849.2007927360307	0.7414214249270548	134.388499987446	0.36024457906357926	0.000941715703220358	-1.0	DARK-5274-20200724-11_45_06	203.4	114.53400000000002	0.4034693762416536	1.5630973451327435	0.1453476556092194	0	5273	300	300	300	9868.62	306.47	-0.00640007	0.761902	2200.018387096774	1849.2007927360307	0.8405387898490725	0.19107757969814512	0.5	0: Broadleaf	1595609088.9000006	49.4853935483871	49.98916451612902	20.162787096774192	16.059506451612904	500.0479032258064	99.73955483870967	0.1999672258064516	27.338464516129033	27.046451612903226	999.9000000000003	9998.728387096775	0.0	162.655	2200.018387096774	0.9819988387096776	0.018001519354838704	0.0	271.7205806451613	5.00054	8641.983870967742	20590.693548387102	50.096483870967724	52.078387096774186	50.417064516129024	51.164999999999985	51.324258064516115	2155.507741935484	39.5116129032258	0.0	117.29999995231628	271.72303846153847	-1.4818119534578564	14.827008560447874	8642.10423076923	15	1595609126.4	11:45:26	33	-0.493	0.101	50.0	16.0	0.47	0.02	49.585378431372554	-0.053473303167432214	0.013265631751813037	1	20.15627058823529	-0.014202352941184517	0.003379250068658286	1	2	2	2/2	1.86666	1.8632	1.86887	1.86676	1.87149	1.86388	1.86546	1.86539	5	0	0	0	11111111	oooooooo	off	off	off	off	0.0	100.0	100.0	-0.493	0.101	2	329.381	474.347	21.0502	35.5803	30.0008	35.5646	35.5669	5.64423	50.6228	0	21.0401	50	15.9804	100.519	100.742	
6	1595609247.9	656.6000001430511	20200724 11:47:27	11:47:27		1595609239.9000006	0.010320862709828639	33.19532845488799	385.11553576339105	295.0360142522511	29.48491759389494	38.48716525299808	0.7170121206187857	3.3929381654787814	0.6422568343126379	0.40747556407860197	353.3356253552292	26.993677777843654	27.029861290322575	3.5854417286123454	54.877381802705116	2.0245667617126366	3.689255382101407	1.5608749668997088	-455.150045503443	89.07735959948715	5.681372233289872	-7.055688315436754	-0.041338327317176356	0.04640589384990277	3.465479687047681	151.0	30.0	1	0	52617.0	0	0	0	0	0	-1	MPF-5275-20200724-11_47_29	267.9436923076923	359.251	0.2541602046822631	0.5	1849.1739190638993	33.19532845488799	234.99321088119163	0.49439249995128753	0.018492218661724673	-1.0	DARK-5276-20200724-11_47_37	181.64	177.611	0.5140858825878335	1.9778187623871395	0.2541602046822631	0	5275	300	300	300	9866.97	330.172	-0.00639888	0.828674	2199.986451612903	1849.1739190638993	0.8405387759130025	0.1910775518260051	0.5	0: Broadleaf	1595609239.9000006	385.1155483870966	399.98177419354835	20.25849677419355	16.214274193548384	500.0603870967742	99.73667741935485	0.1999952903225806	27.516835483870967	27.029861290322575	999.9000000000003	9995.258387096774	0.0	166.23429032258068	2199.986451612903	0.9820003870967742	0.017999893548387096	0.0	267.9670322580645	5.00054	8627.706774193548	20590.425806451607	50.48367741935483	52.629	50.879	51.61467741935483	51.739774193548385	2155.476451612904	39.51	0.0	150.5	267.9436923076923	-0.6620170994585989	40.59247867469662	8627.875	15	1595609276.9	11:47:56	34	-0.362	0.099	400.0	16.0	0.07	0.02	384.995137254902	-0.10182081447951248	0.019459379116548464	1	20.22485294117647	0.38006877828055363	0.04759451011734732	0	1	2	1/2	1.86676	1.86324	1.8689	1.86683	1.8715	1.864	1.86552	1.86541	5	0	0	0	11111111	oooooooo	off	off	off	off	0.0	100.0	100.0	-0.362	0.099	2	330.801	474.108	21.8161	35.7568	30.0001	35.723	35.7207	22.0796	50.3473	0	21.8025	400	16.2606	100.484	100.706	
7	1595609368.4	777.1000001430511	20200724 11:49:28	11:49:28		1595609360.4000006	0.010055286822950774	33.935711905436605	384.8834064429693	290.44316575841856	29.02647594510986	38.464698969991076	0.6935341177357168	3.3917237895424335	0.6233158907094191	0.39528714482475946	353.3395381151959	26.88909872765918	27.012303225806455	3.581746805482593	55.13823807747114	2.0146855786749343	3.653880952532852	1.5670612268076587	-443.4381488921291	62.162310449953914	3.9625355908089617	-23.973764736170317	-0.04131952143632188	0.04638478260115797	3.4642323100854053	154.0	31.0	1	0	52615.0	0	0	0	0	0	-1	MPF-5277-20200724-11_49_29	268.18292307692303	362.456	0.2600952306571749	0.5	1849.1945126122898	33.935711905436605	240.4833366439378	0.49450416050499924	0.018892394319342965	-1.0	DARK-5278-20200724-11_49_37	183.22	179.23600000000002	0.5259717742143151	1.9782556489466216	0.2600952306571749	0	5277	300	300	300	9866.31	335.131	-0.00639839	0.945557	2200.0109677419355	1849.1945126122898	0.8405387699090794	0.191077539818159	0.5	0: Broadleaf	1595609360.4000006	384.8834193548387	400.0041290322581	20.159238709677425	16.21862903225806	500.05358064516133	99.73854838709677	0.20002606451612903	27.352258064516132	27.012303225806455	999.9000000000003	9990.523870967741	0.0	171.76361290322583	2200.0109677419355	0.9820016129032261	0.0179986064516129	0.0	268.1626774193548	5.00054	8656.215806451612	20590.64193548387	50.65906451612902	52.86274193548386	51.08232258064513	51.759935483870954	51.882935483870966	2155.5009677419357	39.51	0.0	119.59999990463257	268.18292307692303	0.30577778703232517	19.15931621356098	8656.282692307692	15	1595609396.9	11:49:56	35	-0.376	0.1	400.0	16.0	0.18	0.02	384.9023137254903	-0.06906787330318591	0.013118599572674697	1	20.160098039215686	-0.0320763800905117	0.005597915935595423	1	2	2	2/2	1.86676	1.86325	1.8689	1.86683	1.87153	1.86401	1.86554	1.86542	5	0	0	0	11111111	oooooooo	off	off	off	off	0.0	100.0	100.0	-0.376	0.1	2	328.397	473.578	21.9335	35.8313	30.0008	35.8034	35.8	22.0776	50.3975	0	21.9011	400	16.2605	100.475	100.697	
8	1595609518.4	927.1000001430511	20200724 11:51:58	11:51:58		1595609510.4000006	0.009287651728040051	38.86336919527799	482.66637237459594	363.97557128506077	36.3763674217788	48.238537662420455	0.6272630220407566	3.395083484397651	0.5692747065995208	0.360558919124037	353.33641955861594	26.741941334594664	26.976051612903223	3.5741285221651595	55.470191236985464	1.9889704311356287	3.585656344031958	1.5851580910295309	-409.58544120656626	10.035672537297586	0.6379491346334449	-45.57539997601927	-0.041371557247102154	0.04644319735734623	3.467683318671367	154.0	31.0	1	0	52781.0	0	0	0	0	0	-1	MPF-5279-20200724-11_52_00	275.07534615384617	378.697	0.2736268146992288	0.5	1849.1794561117906	38.86336919527799	252.9925421915608	0.5117468583062448	0.021557328610548918	-1.0	DARK-5280-20200724-11_52_07	184.9	193.797	0.5346917333403192	2.0481179015684154	0.2736268146992288	0	5279	300	300	300	9865.72	348.529	-0.00639779	1.78958	2199.993225806452	1849.1794561117906	0.8405387045834819	0.19107740916696367	0.5	0: Broadleaf	1595609510.4000006	482.66638709677414	500.00287096774196	19.90129032258064	16.260583870967743	500.0576451612903	99.74178387096772	0.1999987419354839	27.030880645161293	26.976051612903223	999.9000000000003	10002.780967741935	0.0	175.56877419354834	2199.993225806452	0.9820022580645164	0.017997929032258064	0.0	275.11938709677423	5.00054	8843.30612903226	20590.483870967742	51.078387096774186	53.336387096774175	51.54399999999999	52.203387096774186	52.24993548387096	2155.4854838709675	39.504838709677415	0.0	149.5	275.07534615384617	-1.4403077140911773	-2.3613674493451065	8843.182692307691	15	1595609549.4	11:52:29	36	-0.337	0.101	500.0	16.0	0.21	0.02	482.6283529411765	0.03665158371054927	0.020834382903200287	1	19.916345098039216	-0.21071565610860227	0.026539569523271966	0	1	2	1/2	1.86676	1.86325	1.8689	1.86684	1.87151	1.864	1.86554	1.86541	5	0	0	0	11111111	oooooooo	off	off	off	off	0.0	100.0	100.0	-0.337	0.101	2	328.177	473.072	21.6447	35.975	30.0013	35.9204	35.9157	26.3844	50.6099	0	21.6097	500	16.1984	100.454	100.675	
9	1595609649.9	1058.6000001430511	20200724 11:54:09	11:54:09		1595609641.9000006	0.008440995900702984	42.033711053725575	581.2333711594842	438.1014247530062	43.78590472596072	58.09118066093098	0.5582666975023257	3.392945762488293	0.5118018474205077	0.3237279491680209	353.33494549310734	26.858705508026027	26.992283870967736	3.577537983652816	55.32272393140697	1.9749680439752968	3.5699038363042317	1.6025699396775193	-372.2479192210016	-6.651815179745265	-0.4229857629862112	-25.98777467062576	-0.04133844497436945	0.04640602593040935	3.465487490524952	154.0	31.0	1	0	52778.0	0	0	0	0	0	-1	MPF-5281-20200724-11_54_11	277.4304230769231	385.276	0.2799177133355748	0.5	1849.172825515582	42.033711053725575	258.8081144403028	0.5211225199597173	0.023271870784563914	-1.0	DARK-5282-20200724-11_54_19	184.5	200.776	0.5371437668001998	2.088216802168022	0.2799177133355748	0	5281	300	300	300	9865.08	352.154	-0.00639725	1.26575	2199.9854838709684	1849.172825515582	0.8405386485832095	0.1910772971664189	0.5	0: Broadleaf	1595609641.9000006	581.2333870967741	600.0072903225806	19.76061290322581	16.451296774193548	500.0547741935484	99.7447	0.19997548387096772	26.955919354838713	26.992283870967736	999.9000000000003	9994.482903225806	0.0	178.66019354838713	2199.9854838709684	0.9820030322580646	0.017997116129032254	0.0	277.4690322580645	5.00054	8919.597096774194	20590.409677419357	51.25374193548386	53.59858064516128	51.757935483870966	52.37067741935483	52.415064516129014	2155.484838709677	39.50064516129032	0.0	131.0	277.4304230769231	-2.757982907900596	-67.99452989262011	8918.853846153845	15	1595609680.9	11:54:40	37	-0.272	0.104	600.0	16.0	0.14	0.03	581.1387254901962	0.29842533936528476	0.04255380835075068	1	19.769298039215688	-0.09266497737560182	0.020942090932519582	1	2	2	2/2	1.86676	1.86325	1.86891	1.86685	1.87155	1.86401	1.86554	1.86544	5	0	0	0	11111111	oooooooo	off	off	off	off	0.0	100.0	100.0	-0.272	0.104	2	327.955	473.196	21.541	36.0359	29.9992	35.997	35.991	30.5427	50.2898	0	21.5103	600	16.3946	100.446	100.672	
10	1595609802.4	1211.1000001430511	20200724 11:56:42	11:56:42		1595609794.4161294	0.007734327830177737	43.31087519311258	680.5744674169547	517.1219179684489	51.684385917776794	68.02085194522624	0.5021612563358269	3.393129085050835	0.4642285698704045	0.2933118118846545	353.3367111868016	26.79388891474649	26.969303225806453	3.572711910080041	55.45256419560973	1.953583177915136	3.5229807787135736	1.619128732164905	-341.0838573108382	-43.610601455609725	-2.7695906152216963	-34.12733819486803	-0.04134128418260633	0.046409213190383554	3.465675795400493	154.0	31.0	1	0	52671.0	0	0	0	0	0	-1	MPF-5283-20200724-11_56_44	274.52450000000005	375.307	0.2685334939129832	0.5	1849.1822900317165	43.31087519311258	248.28369061211416	0.5144774811021378	0.02396241594567325	-1.0	DARK-5284-20200724-11_56_51	182.22	193.08700000000002	0.5219538342819556	2.0596367028866207	0.26853349391298315	0	5283	300	300	300	9864.91	346.894	-0.00639693	1.4003	2199.9967741935484	1849.1822900317165	0.8405386370212158	0.19107727404243163	0.5	0: Broadleaf	1595609794.4161294	680.5744838709677	700.0022903225805	19.546341935483873	16.513403225806453	500.0529677419356	99.74621612903226	0.2000134193548387	26.73090322580645	26.969303225806453	999.9000000000003	9995.017419354837	0.0	182.00522580645165	2199.9967741935484	0.9820034838709678	0.01799664193548387	0.0	274.5494193548387	5.00054	8874.878064516128	20590.551612903222	51.538	54.0	52.06199999999997	52.70529032258063	52.725612903225795	2155.4967741935484	39.5	0.0	152.09999990463257	274.52450000000005	-3.1173675158427563	-57.81333319695591	8874.434615384616	15	1595609833.4	11:57:13	38	-0.262	0.105	700.0	17.0	0.18	0.03	680.5308823529413	0.35299097424865455	0.05011893582067026	0	19.59131960784314	-0.4639188809421183	0.06114020217021564	0	0	2	0/2	1.86676	1.86325	1.86891	1.86688	1.87161	1.86401	1.86554	1.86548	5	0	0	0	11111111	oooooooo	off	off	off	off	0.0	100.0	100.0	-0.262	0.105	2	328.331	472.846	21.0599	36.1254	29.9961	36.0804	36.0753	34.5864	50.1553	0	21.2582	700	16.3945	100.43	100.656	
11	1595609955.0	1363.7000000476837	20200724 11:59:15	11:59:15		1595609946.9451616	0.006748848454541383	43.79312482949354	780.3615963235595	586.8653282010063	58.655452905597585	77.99483231153853	0.4239391599657008	3.3949122258333255	0.3965716946962058	0.2501687963156324	353.33712592545015	26.946504272116577	27.037629032258067	3.587077435317831	55.10135815456208	1.9331524497721357	3.5083571703433267	1.6539249855456952	-297.624216845275	-69.07184245631787	-4.384210565791959	-17.743143941934633	-0.04136890418820701	0.0464402190663157	3.467507404453522	153.0	31.0	1	0	52819.0	0	0	0	0	0	-1	MPF-5285-20200724-11_59_16	270.4462692307692	367.951	0.2649937920245653	0.5	1849.184215838162	43.79312482949354	245.01116875346338	0.5184141366649364	0.024223181468802767	-1.0	DARK-5286-20200724-11_59_24	177.2	190.75100000000003	0.511162357047831	2.076472911963883	0.2649937920245653	0	5285	300	300	300	9865.13	339.794	-0.00639714	1.6282	2199.9990322580647	1849.184215838162	0.840538649664846	0.19107729932969195	0.5	0: Broadleaf	1595609946.9451616	780.3616129032258	799.9832580645161	19.341767741935488	16.694741935483872	500.05661290322575	99.74705161290322	0.19998919354838712	26.660241935483874	27.037629032258067	999.9000000000003	10001.61129032258	0.0	315.8809677419354	2199.9990322580647	0.9820029032258065	0.017997251612903224	0.0	270.48874193548386	5.00054	8762.380645161289	20590.54838709678	51.549999999999976	53.89499999999999	52.06199999999997	52.71145161290322	52.68699999999997	2155.498064516129	39.50096774193548	0.0	152.09999990463257	270.4462692307692	-3.370290606625523	-51.32205121775767	8761.872692307694	15	1595609982.9	11:59:42	39	-0.343	0.109	800.0	17.0	0.12	0.05	780.4070980392157	0.38432572234457185	0.05484318282191125	0	19.369229411764707	-0.3318668314421805	0.04316417039091943	0	0	2	0/2	1.86665	1.86322	1.86884	1.86676	1.87149	1.86388	1.86546	1.86539	5	0	0	0	11111111	oooooooo	off	off	off	off	0.0	100.0	100.0	-0.343	0.109	2	328.548	472.841	20.263	36.1628	30.0004	36.1252	36.1204	38.5397	49.7122	0	19.1424	800	16.7539	100.422	100.652	
12	1595610093.4	1502.1000001430511	20200724 12:01:33	12:01:33		1595610085.454839	0.006438155645368377	44.05453550854777	979.843209114741	770.8257509617147	77.04058441311852	97.93094401587328	0.40168945897021896	3.394599290906059	0.37702752597308986	0.2377316974949159	353.3375377949209	26.85381806279618	26.968377419354837	3.5725176043083873	55.044175503948544	1.9126716989761063	3.4747939840408772	1.659845905332281	-283.9226639607454	-86.25067084358392	-5.468748603425828	-22.30454561283426	-0.041364056500438444	0.04643477711211472	3.4671859626835833	153.0	31.0	1	0	52783.0	0	0	0	0	0	-1	MPF-5287-20200724-12_01_35	269.0409230769231	358.455	0.24944296194243876	0.5	1849.186383580097	44.05453550854777	230.63326435192306	0.49985353810101685	0.02436451831389783	-1.0	DARK-5288-20200724-12_01_42	179.28	179.17499999999998	0.49903210226357975	1.9994143239625166	0.24944296194243878	0	5287	300	300	300	9865.19	332.311	-0.00639707	1.05731	2200.0016129032256	1849.186383580097	0.8405386490329995	0.19107729806599896	0.5	0: Broadleaf	1595610085.454839	979.8432258064515	999.9860645161289	19.13714193548387	16.61145483870968	500.0578064516129	99.74552903225808	0.19999603225806453	26.49708709677419	26.968377419354837	999.9000000000003	10000.591935483872	0.0	309.52941935483864	2200.0016129032256	0.9820027741935486	0.017997387096774193	0.0	269.0605161290322	5.00054	8738.955161290323	20590.561290322574	51.663064516129026	54.00399999999999	52.187064516129006	52.83645161290322	52.758	2155.5006451612903	39.50096774193548	0.0	137.59999990463257	269.0409230769231	-2.4792478651082597	-55.69059815314466	8738.834230769231	15	1595610121.0	12:02:01	40	-0.008	0.107	1000	17.0	0.1	0.04	979.4871960784315	0.22640905865977815	0.03662583445229986	1	19.14028823529412	-0.011960691286053152	0.0017951620232542367	1	2	2	2/2	1.86673	1.86325	1.86888	1.86676	1.87149	1.86397	1.86549	1.86539	5	0	0	0	11111111	oooooooo	off	off	off	off	0.0	100.0	100.0	-0.008	0.107	2	328.601	472.192	20.5889	36.2781	30.0002	36.2134	36.2046	46.1367	50.3734	0	20.6111	1000	16.6454	100.402	100.634	
13	1595610212.5	1621.2000000476837	20200724 12:03:32	12:03:32		1595610204.483871	0.005852618481738229	44.00747995977293	1179.5223381658313	945.0964018879456	94.46096836432392	117.89148921519885	0.3600273652512128	3.3932723914177396	0.34007220233282975	0.2142457963890998	353.3362478336468	27.05588085487392	27.066880645161294	3.5932429947176683	55.04685285964652	1.9205826613687154	3.4889963033229945	1.672660333348953	-258.10047504465587	-91.5764529521296	-5.813578930887571	-2.1542590940262443	-0.04134350368821188	0.04641170477986516	3.465822996610857	153.0	31.0	1	0	52814.0	0	0	0	0	0	-1	MPF-5289-20200724-12_03_34	266.61915384615384	348.631	0.23523968365935943	0.5	1849.1798513220388	44.00747995977293	217.50024162712884	0.4857600156038906	0.024339157669058323	-1.0	DARK-5290-20200724-12_03_41	179.28	169.35099999999997	0.484271401726864	1.9446173583221775	0.23523968365935943	0	5289	300	300	300	9864.38	326.649	-0.00639654	2.16907	2199.9938709677417	1849.1798513220388	0.840538637732029	0.19107727546405787	0.5	0: Broadleaf	1595610204.483871	1179.5223548387096	1199.8841935483872	19.215722580645163	16.91993870967742	500.06067741935476	99.74851612903225	0.19998454838709676	26.566293548387094	27.066880645161294	999.9000000000003	9995.323548387096	0.0	307.1345806451613	2199.9938709677417	0.9820041935483871	0.017995896774193547	0.0	266.6557741935484	5.00054	8700.387419354836	20590.490322580645	51.80625806451612	54.177064516129015	52.320129032258045	52.98558064516127	52.88287096774192	2155.4938709677417	39.5	0.0	118.29999995231628	266.61915384615384	-1.3087179522411443	-48.373333439758845	8700.081538461538	15	1595610238.5	12:03:58	41	-0.005	0.111	1200.0	17.0	0.25	0.04	1179.4974509803922	0.17197915718100687	0.062114478033594836	1	19.21502156862745	-0.016787394490081733	0.01666212464061581	1	2	2	2/2	1.86664	1.86318	1.86884	1.86676	1.87148	1.86387	1.86542	1.86538	5	0	0	0	11111111	oooooooo	off	off	off	off	0.0	100.0	100.0	-0.005	0.111	2	328.488	472.62	20.2253	36.3381	30.0001	36.2816	36.2738	53.4344	49.2437	0	19.2584	1200	16.9447	100.39	100.622	
14	1595610336.0	1744.7000000476837	20200724 12:05:36	12:05:36		1595610328.0	0.005726343833079137	43.74920084544155	1578.8726931236833	1330.4519543222568	132.9821942833259	157.81250464814264	0.35191043332101224	3.3931765506544282	0.3328187961281011	0.20964069957836406	353.3372775073242	26.918478819123877	26.998474193548386	3.5788389611103057	55.174674682439004	1.9062820482095713	3.4549946314704827	1.6725569129007345	-252.53176303878993	-109.4452338937538	-6.939998396887847	-15.579717822107398	-0.041342019317437126	0.04641003844363247	3.4657245510369115	153.0	31.0	1	0	52886.0	0	0	0	0	0	-1	MPF-5291-20200724-12_05_37	265.8885769230769	344.64	0.22850343279051488	0.5	1849.1852706768789	43.74920084544155	211.27259110766212	0.48485376044568246	0.02419941449623459	-1.0	DARK-5292-20200724-12_05_45	177.54	167.1	0.47128320213598485	1.9411963501182832	0.22850343279051494	0	5291	300	300	300	9864.07	321.114	-0.00639607	1.79095	2200.000322580646	1849.1852706768789	0.8405386361524467	0.19107727230489352	0.5	0: Broadleaf	1595610328.0	1578.8727096774194	1599.9864516129035	19.071851612903224	16.82525483870968	500.0569677419354	99.75262580645165	0.20002100000000006	26.4001935483871	26.998474193548386	999.9000000000003	9994.552903225807	0.0	302.55374193548386	2200.000322580646	0.9820047096774192	0.017995354838709673	0.0	265.90819354838715	5.00054	8698.816774193549	20590.558064516128	51.99174193548386	54.368677419354825	52.523999999999994	53.18916129032255	53.02999999999999	2155.500322580646	39.5	0.0	123.0	265.8885769230769	-2.9118290734691006	61.48581209220197	8699.345384615384	15	1595610360.0	12:06:00	42	-0.161	0.109	1600.0	17.0	0.28	0.04	1579.005098039216	0.24792760180953724	0.04521723378807822	1	19.080480392156865	-0.07407203619907803	0.009174175597045506	1	2	2	2/2	1.86664	1.86316	1.86889	1.86676	1.87148	1.86389	1.86544	1.86539	5	0	0	0	11111111	oooooooo	off	off	off	off	0.0	100.0	100.0	-0.161	0.109	2	329.267	472.906	20.3368	36.4071	30.0005	36.3496	36.3414	67.1954	50.0482	0	20.3364	1600	16.7801	100.378	100.61	
