[Header]
File opened	2020-07-24 10:08:25
Console s/n	68C-571038
Console ver	Bluestem v.1.3.4
Scripts ver	2018.05  1.3.4, Mar 2018
Head s/n	68H-581038
Head ver	1.4.0
Head cal	{"co2bzero": "0.880288", "tbzero": "0.197721", "co2aspan2b": "0.163711", "h2obspanconc1": "20", "co2bspan2b": "0.162103", "h2obspan1": "0.998578", "h2oazero": "1.00263", "h2obspanconc2": "0", "co2bspan1": "0.992131", "flowmeterzero": "0.990908", "h2oaspan1": "1.00223", "h2oaspan2b": "0.0662632", "flowazero": "0.42932", "h2obspan2a": "0.0975941", "h2oaspanconc2": "0", "h2obzero": "1.01783", "co2aspan2": "0", "co2bspanconc2": "0", "co2aspan2a": "0.164928", "co2aspanconc1": "1002", "tazero": "0.00774765", "h2obspan2": "0", "flowbzero": "0.22736", "ssa_ref": "36614.9", "co2aspan1": "0.992625", "co2bspan2": "0", "h2oaspanconc1": "12.19", "ssb_ref": "36526.8", "co2bspanconc1": "1002", "h2oaspan2a": "0.0661155", "co2azero": "0.869071", "oxygen": "21", "chamberpressurezero": "2.59209", "co2bspan2a": "0.163389", "co2aspanconc2": "0", "h2obspan2b": "0.0963575", "h2oaspan2": "0"}
Chamber type	6800-01A
Chamber s/n	MPF-551037
Chamber rev	0
Chamber cal	0
Fluorometer	MPF-551037
Flr. Version	1.4.0
10:08:25	Stability Definition:	CO2_s (Meas): Slp<0.3	H2O_s (Meas): Slp<0.2
SysConst:AvgTime	4
SysConst:Oxygen	21
SysConst:Chamber	6800-01A 2 cm²
Const:S	2.0
Const:CustomBLC	2.0
LTConst:deltaTw	0
LTConst:fT1	1
LTConst:fT2	0
LTConst:fTeb	0
LQConst:Leaf	standard
LQConst:Ambient	Sun+Sky
LQConst:abs_ambient	0.49
LQConst:abs_redLED	0.84
LQConst:abs_greenLED	0.7
LQConst:abs_blueLED	0.87
LQConst:abs_whiteLED	0.75
LQConst:abs_redFlr	0.84
LQConst:abs_blueFlr	0.87
LQConst:k_ambient	0.39
LQConst:k_redLED	0.18
LQConst:k_greenLED	0.23
LQConst:k_blueLED	0.26
LQConst:k_whiteLED	0.21
LQConst:k_redFlr	0.19
LQConst:k_blueFlr	0.25
QConst:fQ_Amb_in	0.0
QConst:fQ_Amb_out	0.0
QConst:fQ_HeadLS	0.0
QConst:fQ_ConsoleLS	0.0
QConst:fQ_Flr	1.0
LeakConst:fan_a	-6276.0
LeakConst:fan_b	6.6
LeakConst:fan_c	1.709e-05
LeakConst:fan_d	3.11
LeakConst:Fs_meas	3.46935 75.7742 386.148 617.459 845.313 1047.31 1232.25 1386.61
LeakConst:Fs_true	0.0901397 100.218 402.746 600.792 800.086 1000.08 1200.42 1401.29
LeakConst:leak_wt	0.0
[Data]
Sys	Sys	Sys	Sys	Sys	UserDefVar	GasEx	GasEx	GasEx	GasEx	GasEx	GasEx	GasEx	GasEx	GasEx	GasEx	GasEx	GasEx	GasEx	GasEx	GasEx	GasEx	GasEx	GasEx	GasEx	GasEx	GasEx	GasEx	GasEx	GasEx	GasEx	GasEx	Leak	Leak	Leak	Leak	Leak	FLR	FLR	FLR	FLR	FLR	FLR	FLR	FLR	FLR	FLR	FLR	FLR	FLR	FLR	FLR	FLR	FLR	FLR	FLR	FLR	FLR	FLR	FLR	FLR	MPF	MPF	MPF	MPF	MPF	MPF	MPF	MPF	LeafQ	LeafQ	LeafQ	LeafQ	Const	Const	Meas	Meas	Meas	Meas	Meas	Meas	Meas	Meas	Meas	Meas	Meas	Meas	Meas	Meas	FlrLS	FlrLS	FlrLS	FlrLS	FlrLS	FlrLS	FlrLS	FlrLS	FlrLS	FlrLS	FlrLS	FlrLS	FlrLS	FlrLS	FlrLS	FlrLS	FlrLS	FlrStats	FlrStats	FlrStats	FlrStats	FlrStats	Match	Match	Match	Match	Match	Match	Match	Match	Match	Stability	Stability	Stability	Stability	Stability	Stability	Stability	Stability	Stability	Stability	Stability	Auxiliary	Auxiliary	Auxiliary	Auxiliary	Auxiliary	Auxiliary	Auxiliary	Auxiliary	Auxiliary	Auxiliary	Auxiliary	Auxiliary	Auxiliary	Auxiliary	Auxiliary	Auxiliary	Auxiliary	Auxiliary	Auxiliary	Status	Status	Status	Status	Status	Status	Status	Status	Status	Status	Status	Status	Status	Status	Status	Status	Status	Status	Status	Status	
obs	time	elapsed	date	hhmmss	plant	TIME	E	A	Ca	Ci	Pci	Pca	gsw	gbw	gtw	gtc	Rabs	TleafEB	TleafCnd	SVPleaf	RHcham	VPcham	SVPcham	VPDleaf	LatHFlux	SenHFlux	NetTherm	EBSum	blfa_1	blfa_2	blfa_3	Leak	LeakPct	CorrFact	CorrFactPct	Fan	DarkAdaptedID	Fo	Fm	Fv	Fv/Fm	Adark	LightAdaptedID	Fs	Fm'	PhiPS2	PS2/1	Qabs_fs	Afs	ETR	Fv'/Fm'	PhiCO2	NPQ	DarkPulseID	Fo'	Fv'	qP	qN	qP_Fo	qN_Fo	ID	P1_dur	P2_dur	P3_dur	P1_Qmax	P1_Fmax	P2_dQdt	P3_ΔF	Qin	Qabs	alpha	convert	K	Geometry	TIME	CO2_s	CO2_r	H2O_s	H2O_r	Flow	Pa	ΔPcham	Tair	Tleaf	Tleaf2	Fan_speed	Qamb_in	Qamb_out	Q	f_red	f_blue	f_farred	F	Q_modavg	F_dc	Pc	Tled	TDigital	TPreamp	TPwrSpy	TDrive	Q_red	Q_blue	Q_farred	TSPF	F_avg	dF/dt	dF_dc/dt	F_dc_avg	period	time	hhmmss	count	co2_adj	h2o_adj	co2_at	h2o_at	co2_cv	h2o_cv	CO2_s:MN	CO2_s:SLP	CO2_s:SD	CO2_s:OK	H2O_s:MN	H2O_s:SLP	H2O_s:SD	H2O_s:OK	Stable	Total	State	ADC_CH1	ADC_CH2	ADC_CH3	ADC_CH4	ADC_CH5	ADC_CH6	ADC_CH7	ADC_CH8	DAC_1	DAC_2	DAC_3	DAC_4	GPIO	GPIO_dir	excit_5v	power_12v	power_5v	ch1_pullup	AuxPower	MatchValveR	MatchValveS	MatchCO2	MatchH2O	DIAG	Flow_s	Flow_r	Txchg	Tirga	Tchopper	Ts	Tr	CO2_%	Desiccant_%	Humidifier_%	Txchg_sp	CO2_r_sp	H2O_r_sp	SS_s	SS_r	
	s	s				s	mol m⁻² s⁻¹	µmol m⁻² s⁻¹	µmol mol⁻¹	µmol mol⁻¹	Pa	Pa	mol m⁻² s⁻¹	mol m⁻² s⁻¹	mol m⁻² s⁻¹	mol m⁻² s⁻¹	W m⁻²	°C	°C	kPa	%	kPa	kPa	kPa	W m⁻²	W m⁻²	W m⁻²	W m⁻²				µmol s⁻¹	%		%	µmol s⁻¹						µmol m⁻² s⁻¹						µmol m⁻² s⁻¹	µmol m⁻² s⁻¹	µmol m⁻² s⁻¹		µmol µmol⁻¹										ms	ms	ms	µmol m⁻² s⁻¹		mol m⁻² s⁻²		µmol m⁻² s⁻¹	µmol m⁻² s⁻¹		J/µmol			s	µmol mol⁻¹	µmol mol⁻¹	mmol mol⁻¹	mmol mol⁻¹	µmol s⁻¹	kPa	kPa	°C	°C	°C	rpm	µmol m⁻² s⁻¹	µmol m⁻² s⁻¹	µmol m⁻² s⁻¹					µmol m⁻² s⁻¹			°C	°C	°C	°C	°C	µmol m⁻² s⁻¹	µmol m⁻² s⁻¹	µmol m⁻² s⁻¹	s		min⁻¹	min⁻¹		s	secs			µmol/mol	mmol/mol	µmol/mol	mmol/mol	%	%	µmol mol⁻¹	µmol mol⁻¹ min⁻¹	µmol mol⁻¹		mmol mol⁻¹	mmol mol⁻¹ min⁻¹	mmol mol⁻¹					V	V	V	V	V	V	V	V	V	V	V	V							V	%	%	µmol/mol	mmol/mol		µmol s⁻¹	µmol s⁻¹	°C	°C	°C	°C	°C	%	%	%	°C	µmol mol⁻¹	mmol mol⁻¹	%	%	
1	1595603960.3	0	20200724 10:19:20	10:19:20		1595603952.3000007	0.006638319018090383	28.352912987106507	387.61544087122087	265.5856711627754	26.545771335717394	38.7428689752405	0.42382418470890226	3.396454803331652	0.39648261173293975	0.25011103226986375	353.33763321889637	27.270786118409816	26.974112903225805	3.573721500722307	54.51153389068787	1.946437570839037	3.5706894154588156	1.6272839298832702	-292.74986869778587	-2.6456394129334266	-0.1680490167441011	57.774076091432995	-0.041392803269943476	0.046467047879239436	3.469091920652947	141.0	28.0	1	0	52754.0	0	0	0	0	0	-1	MPF-5209-20200724-10_19_21	268.49046153846155	356.024	0.2458641509042605	0.5	1849.184486805837	28.352912987106507	227.3240868569239	0.4730692312877784	0.015873436748222374	-1.0	DARK-5210-20200724-10_19_29	187.6	168.424	0.5197212894928185	1.8977825159914712	0.24586415090426053	0	5209	300	300	300	9889.18	329.173	-0.00641427	-0.0629883	2199.9990322580647	1849.184486805837	0.8405387728320253	0.19107754566405064	0.5	0: Broadleaf	1595603952.3000007	387.61545161290326	399.9842580645162	19.473758064516133	16.870477419354838	500.0648709677419	99.75183225806451	0.1999882580645161	26.959664516129024	26.974112903225805	999.9000000000003	10006.909677419355	0.0	148.50170967741934	2199.9990322580647	0.9820007096774194	0.017999719354838704	0.0	268.5262580645161	5.00054	7816.797741935483	20590.529032258066	49.4472258064516	50.618677419354825	49.72561290322581	49.670999999999985	50.725612903225795	2155.4890322580645	39.51	0.0	1587484540.2	268.49046153846155	-1.5227350386276821	116.87111104330515	7817.025384615384	15	1595603986.3	10:19:46	1	-0.411	0.114	400.0	17.0	0.13	0.03	387.91288235294127	0.10082171945714236	0.01799089863457212	1	19.567033333333335	-0.016158190045227335	0.0020561401747690414	1	2	2	2/2	1.86676	1.86329	1.86902	1.86691	1.87158	1.86402	1.86569	1.8656	5	0	0	0	11111111	oooooooo	off	off	off	off	0.0	100.0	100.0	-0.411	0.114	2	341.531	517.818	21.1904	31.985	30.0003	31.7865	31.7559	21.8056	37.5252	21.0572	21.2162	400	16.8949	101.215	101.259	
2	1595604078.3	118.0	20200724 10:21:18	10:21:18		1595604070.3000007	0.006090341585505405	21.254625223706086	290.77770162762397	191.90524039158026	19.180625994002547	29.062772496127323	0.3876242526086969	3.395574210910987	0.36461225319678253	0.2298362651927064	353.3401663319763	27.43827386680519	27.049974193548387	3.5896783808833317	54.93587399238573	1.9665835436436416	3.5797802068575733	1.62309483723969	-268.58406392078837	-8.608056914865653	-0.5472449969224266	75.60080049939988	-0.041379159691356415	0.04645173176703232	3.4681873861423482	142.0	28.0	1	0	52787.0	0	0	0	0	0	-1	MPF-5211-20200724-10_21_19	258.62884615384615	332.516	0.22220631141404878	0.5	1849.1999609994475	21.254625223706086	205.45195120034506	0.4423125503735159	0.012034731609921733	-1.0	DARK-5212-20200724-10_21_27	185.44	147.07600000000002	0.5023739688742817	1.793119068162209	0.22220631141404884	0	5211	300	300	300	9887.73	310.67	-0.00641287	0.483032	2200.017741935484	1849.1999609994475	0.8405386582803638	0.19107731656072746	0.5	0: Broadleaf	1595604070.3000007	290.77770967741935	299.9866774193548	19.675983870967745	17.288106451612904	500.06822580645166	99.74842903225806	0.1999931935483871	27.002951612903225	27.049974193548387	999.9000000000003	10003.95258064516	0.0	146.3042903225806	2200.017741935484	0.9820028387096776	0.01799741935483871	0.0	258.62893548387103	5.00054	7669.604838709677	20590.709677419352	50.06822580645159	51.36474193548386	50.36874193548387	50.30406451612901	51.27993548387095	2155.5158064516127	39.501935483870966	0.0	117.20000004768372	258.62884615384615	-2.461401711584211	-23.36957267262966	7669.386923076923	15	1595604102.8	10:21:42	2	-0.474	0.122	300.0	17.0	0.14	0.03	290.8378039215686	0.05730678733031635	0.018359182783133924	1	19.664490196078432	0.04950081447964209	0.006980905466916479	1	2	2	2/2	1.86676	1.86327	1.86899	1.8669	1.87155	1.86401	1.86569	1.86558	5	0	0	0	11111111	oooooooo	off	off	off	off	0.0	100.0	100.0	-0.474	0.122	2	340.74	516.762	20.8322	32.107	30.0008	31.973	31.9525	17.3884	36.3251	18.0425	20.8238	300	17.3469	101.188	101.243	
3	1595604196.8	236.5	20200724 10:23:16	10:23:16		1595604188.8000007	0.00628916196638076	13.20051309490509	194.19699498953358	134.9219195937752	13.485657843142791	19.41029475774069	0.4060461213525254	3.3910981019514987	0.3808400510045858	0.2401591913610739	353.34554071938305	27.299309529905575	26.965138709677415	3.5718379451985145	55.25273743501866	1.9669795331149487	3.559967567992922	1.6048584120835658	-277.3520427173915	-10.357097773810105	-0.6587160588017303	64.97768416937969	-0.041309833195105713	0.04637390670165628	3.4635896213286093	142.0	28.0	1	0	52761.0	0	0	0	0	0	-1	MPF-5213-20200724-10_23_18	255.59199999999996	315.829	0.19072662738380597	0.5	1849.2264480961749	13.20051309490509	176.34836185715906	0.41189694423248024	0.007679163960435931	-1.0	DARK-5214-20200724-10_23_26	185.74	130.089	0.46304453105181875	1.700382254764725	0.19072662738380594	0	5213	300	300	300	9888.45	299.448	-0.0064128	0.863312	2200.049032258064	1849.2264480961749	0.8405387429925526	0.19107748598510538	0.5	0: Broadleaf	1595604188.8000007	194.19699999999997	199.965	19.679325806451615	17.21348387096774	500.064129032258	99.75159032258065	0.19998080645161295	26.90848709677419	26.965138709677415	999.9000000000003	9986.875483870966	0.0	143.08090322580645	2200.049032258064	0.9820014193548386	0.01799895161290322	0.0	255.60074193548388	5.00054	7628.330322580645	20590.98709677419	50.61070967741935	51.872709677419344	50.91506451612902	50.8384516129032	51.66716129032258	2155.5403225806454	39.508709677419354	0.0	118.0	255.59199999999996	-1.0378119565386998	-25.69367522211489	7627.97923076923	15	1595604222.3	10:23:42	3	-0.443	0.12	200.0	17.0	0.3	0.04	194.18339215686277	-0.16278733031676212	0.024902223250122448	1	19.66223137254902	0.1944304072398189	0.024520999325476803	1	2	2	2/2	1.86677	1.86326	1.86898	1.86691	1.87158	1.86404	1.86569	1.86557	5	0	0	0	11111111	oooooooo	off	off	off	off	0.0	100.0	100.0	-0.443	0.12	2	340.362	514.73	21.0756	32.277	30.0008	32.1587	32.1423	12.7891	37.1773	15.0282	21.0993	200	17.1632	101.157	101.222	
4	1595604313.9	353.60000014305115	20200724 10:25:13	10:25:13		1595604305.9032264	0.006423792813190312	4.609766990956723	97.86963051076872	76.68222151086051	7.66468759045117	9.782451886213126	0.4129508305822781	3.3938857287324957	0.3869296598435198	0.24403217294063329	353.33618700170433	27.38737505331502	27.040022580645168	3.5875815924860226	55.072723778637965	1.9743195451298512	3.584931722399511	1.6132620473561714	-283.2892630616928	-2.3024855614747217	-0.14646071639186886	67.59797766214496	-0.04135300343440308	0.04642236907718825	3.4664530043157313	141.0	28.0	1	0	52780.0	0	0	0	0	0	-1	MPF-5215-20200724-10_25_15	256.7250384615385	304.05	0.15564861548581332	0.5	1849.174219063826	4.609766990956723	143.9107034946723	0.37260319026475913	0.0030336606108410692	-1.0	DARK-5216-20200724-10_25_23	190.76	113.29000000000002	0.41773291145256886	1.5938876074648776	0.1556486154858133	0	5215	300	300	300	9890.07	291.954	-0.00641404	0.627472	2199.9864516129032	1849.174219063826	0.8405389122774453	0.19107782455489047	0.5	0: Broadleaf	1595604305.9032264	97.8696322580645	99.9647387096774	19.752299999999995	17.233870967741936	500.0663548387097	99.75390967741936	0.19999670967741934	27.027438709677412	27.040022580645168	999.9000000000003	9997.079677419355	0.0	139.64658064516132	2199.9864516129032	0.9819958387096775	0.018003819354838708	0.0	256.72674193548386	5.00054	7650.610967741935	20590.38387096774	50.141	51.69332258064516	50.560064516129	50.39899999999999	51.290129032258065	2155.466451612903	39.519999999999996	0.0	116.5	256.7250384615385	-0.6434529846545781	-9.050598342282068	7650.348846153846	15	1595604337.9	10:25:37	4	-0.389	0.122	100.0	17.0	0.35	0.03	97.82422745098042	-0.09159605904630813	0.01365154704199292	1	19.74093921568627	0.11294759866478882	0.013898625668147254	1	2	2	2/2	1.86676	1.86326	1.8689	1.86685	1.8715	1.86401	1.86567	1.86554	5	0	0	0	11111111	oooooooo	off	off	off	off	0.0	100.0	100.0	-0.389	0.122	2	340.862	512.741	20.792	32.4633	30.0009	32.3542	32.3402	7.99418	37.7306	12.0188	20.7859	100	17.1484	101.118	101.185	
5	1595604429.4	469.10000014305115	20200724 10:27:09	10:27:09		1595604421.43871	0.007104442440401289	0.1890541175440492	49.683874121765164	47.72077251762931	4.770128218420449	4.966358200951757	0.4643225222806605	3.3949901548089376	0.4317085557311665	0.2725569421141506	353.338951872201	27.200028470296264	26.969745161290323	3.572804665565376	55.155620376263784	1.9734559209570544	3.5779779240890037	1.5993487446083214	-313.30591162169685	4.508459663386705	0.28654097400064377	44.82804088789146	-0.04137011142055139	0.04644157429038163	3.4675874519103798	143.0	29.0	1	0	52670.0	0	0	0	0	0	-1	MPF-5217-20200724-10_27_11	257.90596153846155	301.976	0.145938877465555	0.5	1849.188599708985	0.1890541175440492	134.9342542318154	0.3718706122340848	0.0006430139779853585	-1.0	DARK-5218-20200724-10_27_18	189.68	112.29599999999999	0.3924453093746745	1.5920286798819063	0.14593887746555503	0	5217	300	300	300	9891.09	287.909	-0.00641474	-0.0140076	2200.003548387097	1849.188599708985	0.8405389168870626	0.19107783377412532	0.5	0: Broadleaf	1595604421.43871	49.68387419354839	49.90065806451613	19.74262258064516	16.957312903225805	500.0651935483871	99.75917741935484	0.19998012903225806	26.994377419354834	26.969745161290323	999.9000000000003	10000.68741935484	0.0	136.25103225806453	2200.003548387097	0.9819943548387096	0.018005377419354835	0.0	257.92400000000004	5.00054	7686.954838709678	20590.538709677418	49.862806451612904	51.56632258064515	50.30806451612901	50.254	51.06025806451611	2155.4829032258067	39.52064516129032	0.0	114.70000004768372	257.90596153846155	-0.032376054610961304	16.0926495772367	7687.095	15	1595604458.4	10:27:38	5	-0.386	0.118	50.0	17.0	0.36	0.04	49.68185098039216	-0.023312788462797548	0.016219068571078275	1	19.73970392156863	0.06555664923087665	0.008262149954836451	1	2	2	2/2	1.86676	1.86327	1.86896	1.86691	1.87158	1.86402	1.86569	1.86555	5	0	0	0	11111111	oooooooo	off	off	off	off	0.0	100.0	100.0	-0.386	0.118	2	339.506	510.835	21.3303	32.6773	30.0006	32.5585	32.5417	5.60942	39.3259	8.23394	21.3441	50	16.845	101.079	101.151	
6	1595604551.4	591.1000001430511	20200724 10:29:11	10:29:11		1595604543.4354842	0.00756052393475652	29.324259984077095	387.0720211214145	278.0455900678777	27.792816863473618	38.69085567361747	0.4997958512255525	3.3942937757494094	0.4622172130297042	0.29202624066319566	353.3360843597976	27.302031024334475	26.98080322580645	3.5751262683176197	54.82993475595228	1.9855875638581226	3.6213567874847223	1.589538704459497	-333.41910552276255	40.058384646832835	2.549241349339241	62.524604833207135	-0.04135932394735846	0.046429464406688006	3.466872142725467	144.0	29.0	1	0	52672.0	0	0	0	0	0	-1	MPF-5219-20200724-10_29_13	254.4381923076923	328.812	0.22618945686990655	0.5	1849.1736773021848	29.324259984077095	209.13179486355452	0.45981290220551563	0.016398816593754497	-1.0	DARK-5220-20200724-10_29_20	177.62	151.192	0.49191628983218494	1.8512104492737305	0.22618945686990652	0	5219	300	300	300	9890.42	306.663	-0.00641453	0.742401	2199.985806451613	1849.1736773021848	0.840538912514505	0.19107782502900986	0.5	0: Broadleaf	1595604543.4354842	387.07203225806455	399.9705806451613	19.86426451612903	16.900529032258067	500.0675483870968	99.7577806451613	0.19998835483870966	27.19970967741935	26.98080322580645	999.9000000000003	9998.219677419354	0.0	142.71038709677418	2199.985806451613	0.9819953225806453	0.018004361290322575	0.0	254.4410322580645	5.00054	7657.940000000001	20590.383870967744	49.600612903225795	51.408999999999985	50.076225806451596	50.100612903225795	50.88093548387096	2155.465483870968	39.519999999999996	0.0	121.40000009536743	254.4381923076923	1.3145640938012062	93.51521365756075	7658.657692307693	15	1595604575.5	10:29:35	6	-0.392	0.112	400.0	17.0	0.1	0.03	387.05149019607836	0.29022227134255707	0.03803990296529348	1	19.856860784313728	0.149348744657878	0.018341703028156603	1	2	2	2/2	1.86681	1.8633	1.86901	1.86691	1.8716	1.86406	1.86569	1.86558	5	0	0	0	11111111	oooooooo	off	off	off	off	0.0	100.0	100.0	-0.392	0.112	2	338.269	510.184	21.9908	32.8481	30.0003	32.7472	32.7327	21.9367	40.3864	4.39943	21.9975	400	16.8776	101.046	101.124	
7	1595604667.0	706.7000000476837	20200724 10:31:07	10:31:07		1595604659.0	0.007569599599820753	29.913645543512686	386.83653704296484	276.12343155375993	27.601203623570512	38.668047720104326	0.5013112013339184	3.3943402346832983	0.46351405224784487	0.2928543658561501	353.33562822442303	27.3604192017087	27.057767741935475	3.5913212154867957	55.15863876784686	2.004583553526062	3.6342150537162574	1.5867376619607336	-333.8193423520952	37.037143138977946	2.358562127211516	58.91199113851733	-0.041360043602592635	0.04643027228273363	3.4669198645282013	143.0	29.0	1	0	52748.0	0	0	0	0	0	-1	MPF-5221-20200724-10_31_08	255.64023076923078	335.859	0.2388465672522374	0.5	1849.1736771284084	29.913645543512686	220.83439251765876	0.4688842639321858	0.01671754574806551	-1.0	DARK-5222-20200724-10_31_16	178.38	157.47899999999998	0.5093934380505922	1.882828792465523	0.2388465672522374	0	5221	300	300	300	9889.26	311.529	-0.00641402	0.894836	2199.986129032258	1849.1736771284084	0.8405387891885633	0.1910775783771267	0.5	0: Broadleaf	1595604659.0	386.8365483870968	399.9716129032258	20.053925806451613	17.08718387096774	500.0636774193548	99.75965483870966	0.20000258064516133	27.260161290322582	27.057767741935475	999.9000000000003	9998.205806451613	0.0	137.67161290322576	2199.986129032258	0.9819980645161289	0.018001854838709672	0.0	255.62077419354839	5.00054	7720.293225806451	20590.4	49.29006451612901	51.12274193548386	49.769999999999996	49.82825806451611	50.59038709677417	2155.4751612903224	39.51096774193548	0.0	114.79999995231628	255.64023076923078	0.3666324787383015	24.514187962510036	7720.570000000001	15	1595604693.5	10:31:33	7	-0.384	0.117	400.0	17.0	0.13	0.03	386.8255490196078	0.017311230997234073	0.017895463030560423	1	20.05003529411765	-0.01350410777921398	0.002838725447872049	1	2	2	2/2	1.86676	1.86328	1.86893	1.86687	1.87154	1.86402	1.86567	1.86556	5	0	0	0	11111111	oooooooo	off	off	off	off	0.0	100.0	100.0	-0.384	0.117	2	339.079	509.666	21.4141	32.9243	30.0004	32.8632	32.8529	21.9684	40.2022	0.625112	21.3724	400	17.0196	101.033	101.116	
8	1595604792.5	832.2000000476837	20200724 10:33:12	10:33:12		1595604784.5	0.006982164261271056	34.990678175173834	484.64524477260784	342.35831153117493	34.22150469468736	48.44424382474342	0.45281111952033964	3.3967379756337657	0.4217510310949276	0.2662072661885742	353.3384145256493	27.12317380612917	26.98887741935484	3.576822249291069	55.33877282566571	1.9678939046883503	3.556085189832139	1.6089283446027187	-307.91344392205355	-18.121098678016242	-1.1506261856776918	26.153245739901788	-0.04139719097840613	0.046471973466373134	3.4693827926146437	144.0	29.0	1	0	52611.0	0	0	0	0	0	-1	MPF-5223-20200724-10_33_14	261.51207692307696	347.161	0.24671239879169327	0.5	1849.1883126887146	34.990678175173834	228.10884222049827	0.46992893787032525	0.01946296000694677	-1.0	DARK-5224-20200724-10_33_21	184.02	163.141	0.5249993752454811	1.886539506575372	0.2467123987916933	0	5223	300	300	300	9889.54	322.972	-0.00641431	0.666107	2200.0035483870975	1849.1883126887146	0.8405387864235137	0.19107757284702725	0.5	0: Broadleaf	1595604784.5	484.6452580645162	499.99322580645156	19.687177419354835	16.949625806451614	500.0603548387096	99.75816129032259	0.19999232258064512	26.88992258064516	26.98887741935484	999.9000000000003	10007.33548387097	0.0	130.32709677419354	2200.0035483870975	0.9819978709677418	0.01800199032258064	0.0	261.5129032258065	5.00054	7861.9764516129035	20590.54516129032	49.13093548387097	50.97154838709676	49.58435483870967	49.731677419354824	50.41299999999998	2155.486451612903	39.51096774193548	0.0	124.79999995231628	261.51207692307696	-0.9422222330025163	-33.35726493836531	7861.728461538461	15	1595604818.0	10:33:38	8	-0.397	0.116	500.0	17.0	0.1	0.03	484.6290588235295	0.2526081447963848	0.04299585559813484	1	19.705080392156862	-0.14998045248868236	0.026427140087030735	1	2	2	2/2	1.86676	1.86329	1.86902	1.86691	1.87159	1.86404	1.86568	1.86558	5	0	0	0	11111111	oooooooo	off	off	off	off	0.0	100.0	100.0	-0.397	0.116	2	338.163	508.472	21.2917	33.0145	29.9994	32.9671	32.9616	26.2584	41.2334	0	21.2641	500	16.8977	101.021	101.114	
9	1595604919.0	958.7000000476837	20200724 10:35:19	10:35:19		1595604911.0	0.006524717065692957	38.29540096088799	583.1956628946477	414.51387275667247	41.43411207573473	58.29526113989455	0.41703979831156773	3.395715694537637	0.3905318309425638	0.24632348959443595	353.3373994495606	27.035761202214704	26.987554838709677	3.576544393691443	55.53245814450184	1.9527039201085634	3.5163289819215335	1.6238404735828798	-287.7400225970594	-52.863478748653336	-3.3544260795435212	9.379472024304334	-0.04138135167936991	0.04645419246560617	3.468332716323905	144.0	29.0	1	0	52713.0	0	0	0	0	0	-1	MPF-5225-20200724-10_35_20	263.97096153846155	355.151	0.25673597557528616	0.5	1849.1831445991374	38.29540096088799	237.3759193230175	0.48168525500420944	0.02125014013655547	-1.0	DARK-5226-20200724-10_35_28	184.08	171.071	0.5329952970494032	1.9293296392872663	0.25673597557528616	0	5225	300	300	300	9889.57	329.034	-0.00641438	0.920959	2199.9974193548387	1849.1831445991374	0.8405387789688501	0.19107755793770037	0.5	0: Broadleaf	1595604911.0	583.1956774193549	600.0338387096774	19.535180645161287	16.976593548387097	500.0615806451613	99.75833548387097	0.19998870967741936	26.698793548387098	26.987554838709677	999.9000000000003	10003.489032258063	0.0	126.3989677419355	2199.9974193548387	0.981998064516129	0.018001854838709672	0.0	263.9958709677419	5.00054	7936.994193548387	20590.490322580645	49.13699999999998	50.94532258064515	49.56199999999997	49.789999999999985	50.382999999999996	2155.481612903226	39.51032258064516	0.0	126.0	263.97096153846155	-1.045572640293636	-26.517606810275165	7936.549230769232	15	1595604949.5	10:35:49	9	-0.377	0.114	600.0	17.0	0.32	0.05	583.149843137255	0.2882714932126836	0.041212682489751885	1	19.535886274509807	-0.003062443438917675	0.013786239510693703	1	2	2	2/2	1.86677	1.86328	1.86899	1.86688	1.87161	1.86405	1.86569	1.86556	5	0	0	0	11111111	oooooooo	off	off	off	off	0.0	100.0	100.0	-0.377	0.114	2	337.775	507.302	21.2374	33.1172	30.001	33.0718	33.0664	30.4021	42.4401	0	21.193	600	16.8199	101.002	101.103	
10	1595605070.5	1110.2000000476837	20200724 10:37:50	10:37:50		1595605062.5	0.005486019220931418	39.78222527004816	682.5786300523991	472.57961398304093	47.23796175281781	68.22897616752277	0.3429013188689351	3.3970342623047434	0.3247670536960787	0.20452874608164967	353.34050105675476	27.153338266175094	26.98578387096774	3.5761723677728754	55.38875145110656	1.9342117370712404	3.4920659635713793	1.641960630701635	-241.93344764307554	-74.09231410257686	-4.69686223270345	32.61787707839892	-0.04140178206894966	0.04647712736770986	3.4696871358451222	145.0	29.0	1	0	52616.0	0	0	0	0	0	-1	MPF-5227-20200724-10_37_52	263.66130769230773	355.508	0.2583533768795421	0.5	1849.1994093864791	39.78222527004816	238.87345596932582	0.4916007516005265	0.022053989993204	-1.0	DARK-5228-20200724-10_37_59	180.74	174.76799999999997	0.5255349509503585	1.9669580613035298	0.25835337687954213	0	5227	300	300	300	9889.27	328.549	-0.0064142	1.01105	2200.0167741935484	1849.1994093864791	0.8405387772847018	0.1910775545694041	0.5	0: Broadleaf	1595605062.5	682.5786451612904	699.9873548387096	19.350306451612898	17.198612903225808	500.05848387096773	99.75769677419355	0.19998306451612902	26.581219354838705	26.98578387096774	999.9000000000003	10008.491935483873	0.0	180.04680645161292	2200.0167741935484	0.981999322580645	0.01800097419354838	0.0	263.65670967741937	5.00054	7864.607741935483	20590.693548387095	48.9756129032258	50.885	49.424999999999976	49.67506451612901	50.266064516129035	2155.5061290322587	39.51064516129032	0.0	150.79999995231628	263.66130769230773	-1.0519658272644299	-21.593504271570733	7864.418076923078	15	1595605099.0	10:38:19	10	-0.183	0.121	700	17.0	0.09	0.05	682.3530980392159	0.28529592760161593	0.047012411753707586	1	19.32946470588235	0.17874787330316813	0.025324891448420345	1	2	2	2/2	1.86678	1.86328	1.86899	1.86691	1.8716	1.86405	1.86569	1.86556	5	0	0	0	11111111	oooooooo	off	off	off	off	0.0	100.0	100.0	-0.183	0.121	2	337.413	506.371	21.202	33.1753	29.9994	33.153	33.1514	34.4364	41.8236	0	21.1591	700	17.0727	100.993	101.105	
11	1595605220.5	1260.2000000476837	20200724 10:40:20	10:40:20		1595605212.5	0.005016240643327743	40.72388625106485	782.1361458876714	541.1775050243087	54.09495909112418	78.18067532866624	0.30490534666902364	3.3946742802442658	0.2904668915975612	0.1827820573399865	353.339744049931	27.117655843551812	27.02477096774193	3.584370177636231	55.02834463657922	1.9055439260888054	3.4628407208566574	1.6788262515474255	-221.21621237075345	-107.26845029570653	-6.801169401041691	18.05391198242934	-0.04136521814495694	0.04643608115985237	3.467262990504389	144.0	29.0	1	0	52881.0	0	0	0	0	0	-1	MPF-5229-20200724-10_40_22	262.66434615384617	355.424	0.26098309018567634	0.5	1849.1955964832578	40.72388625106485	241.30439056397282	0.48270234986945165	0.022563262821095848	-1.0	DARK-5230-20200724-10_40_29	183.86	171.56399999999996	0.540670850797101	1.933123028391167	0.2609830901856763	0	5229	300	300	300	9888.74	327.486	-0.00641394	1.16232	2200.012258064516	1849.1955964832578	0.8405387695930872	0.1910775391861745	0.5	0: Broadleaf	1595605212.5	782.1361612903227	799.992870967742	19.063467741935483	17.09546451612903	500.06154838709676	99.75789354838707	0.1999919677419355	26.43864838709678	27.02477096774193	999.9000000000003	9999.633225806452	0.0	177.75387096774196	2200.012258064516	0.9820003225806451	0.018000145161290317	0.0	262.66593548387095	5.00054	7854.825483870966	20590.661290322572	49.004	51.060064516129	49.47358064516129	49.812258064516115	50.28199999999999	2155.502258064516	39.51	0.0	149.40000009536743	262.66434615384617	-0.6068034195590352	-22.92000002969983	7854.704230769231	15	1595605244.5	10:40:44	11	-0.32	0.118	800.0	17.0	0.15	0.05	782.2410588235294	0.36199819004547823	0.05111172374806365	0	19.12271764705882	-0.6428839819004444	0.07958014016190952	0	0	2	0/2	1.86677	1.86327	1.86896	1.86688	1.87159	1.86402	1.86568	1.86554	5	0	0	0	11111111	oooooooo	off	off	off	off	0.0	100.0	100.0	-0.32	0.118	2	338.033	504.868	20.7775	33.2807	30.0009	33.249	33.2488	38.3686	42.8094	0	20.7499	800	17.1681	100.974	101.088	
12	1595605366.0	1405.7000000476837	20200724 10:42:46	10:42:46		1595605358.0	0.004391365345839172	42.304019081274255	981.342758148309	691.826494286764	69.15490769954611	98.09492469832216	0.26344298572251196	3.3963421316126254	0.2525943142036043	0.15880892908902566	353.3369639310073	27.13842579737702	27.000361290322576	3.5792356413696242	54.93872550148057	1.8889599791414542	3.4383032403810456	1.69027566222817	-193.65921175150748	-124.91858978393809	-7.910618879367545	26.848543516194198	-0.04139105748610088	0.046465088083937046	3.4689761853891548	145.0	29.0	1	0	52701.0	0	0	0	0	0	-1	MPF-5231-20200724-10_42_47	261.20465384615386	351.265	0.2563886130239168	0.5	1849.180964225191	42.304019081274255	237.05447132396293	0.4850611361792379	0.02341794552239439	-1.0	DARK-5232-20200724-10_42_55	180.88	170.385	0.5285696872016089	1.9419781070322866	0.2563886130239168	0	5231	300	300	300	9888.55	323.14	-0.00641377	1.14453	2199.9948387096774	1849.180964225191	0.8405387738590138	0.19107754771802762	0.5	0: Broadleaf	1595605358.0	981.3427741935484	999.9857741935482	18.89717741935484	17.174045161290323	500.063870967742	99.75989354838708	0.2000071935483871	26.31813225806452	27.000361290322576	999.9000000000003	10005.679032258065	0.0	176.94583870967745	2199.9948387096774	0.9820003870967742	0.018000074193548384	0.0	261.209064516129	5.00054	7849.336774193549	20590.480645161293	49.06612903225804	51.181225806451614	49.55006451612902	49.868806451612905	50.314290322580646	2155.484838709677	39.51	0.0	144.70000004768372	261.20465384615386	-1.6896068404012348	-35.3801709357704	7849.199615384616	15	1595605393.5	10:43:13	12	0.023	0.118	1000.0	17.0	0.11	0.05	980.9833921568627	0.19649592760169923	0.03476818380576712	1	18.92488039215686	-0.2944615384615239	0.03673917084469919	0	1	2	1/2	1.86676	1.86328	1.86894	1.86685	1.87155	1.86401	1.86565	1.86554	5	0	0	0	11111111	oooooooo	off	off	off	off	0.0	100.0	100.0	0.023	0.118	2	337.733	503.887	20.5974	33.3884	30.0001	33.3492	33.3466	45.9449	43.3522	0	20.611	1000	17.2103	100.953	101.076	
13	1595605511.5	1551.2000000476837	20200724 10:45:11	10:45:11		1595605503.5032258	0.0037247386354753746	42.64436949429046	1181.1779839960996	835.7173105325971	83.536792597079	118.06841742506825	0.2215567988249527	3.396308582329884	0.2138291575514466	0.13431506672730556	353.33964772343023	27.225148583937127	27.00149032258064	3.5794729897895583	55.05797753348701	1.8858796361646184	3.425261371102127	1.69359335362494	-164.26097382446403	-136.90875101043704	-8.667254118846094	43.50266876968308	-0.04139053766421268	0.046464504538328656	3.4689417239100773	145.0	29.0	1	0	53262.0	0	0	0	0	0	-1	MPF-5233-20200724-10_45_13	258.68346153846153	341.019	0.24143973931522433	0.5	1849.196031967155	42.64436949429046	223.23470395044856	0.4721115245778094	0.023601807888297296	-1.0	DARK-5234-20200724-10_45_20	180.02	160.999	0.5114040364321423	1.894339517831352	0.2414397393152243	0	5233	300	300	300	9887.6	317.523	-0.00641313	1.06671	2200.0129032258064	1849.196031967155	0.8405387210482901	0.19107744209658037	0.5	0: Broadleaf	1595605503.5032258	1181.1779999999999	1199.9932258064514	18.86668387096774	17.405080645161288	500.0625483870968	99.75822258064515	0.19997087096774194	26.253770967741936	27.00149032258064	999.9000000000003	10005.720967741934	0.0	179.2401935483871	2200.0129032258064	0.9820023870967743	0.0179978935483871	0.0	258.67309677419354	5.00054	7794.392580645162	20590.658064516134	49.141	51.227645161290326	49.618903225806456	49.93106451612901	50.3404516129032	2155.506451612903	39.50645161290322	0.0	144.90000009536743	258.68346153846153	-1.8724786444693522	-32.69641028127821	7794.1111538461555	15	1595605535.0	10:45:35	13	0.001	0.124	1200.0	17.0	0.11	0.08	1181.1801960784314	0.27755503373194723	0.05403303985883962	1	18.858635294117647	0.021479484541444	0.0032848925448395274	1	2	2	2/2	1.86677	1.86327	1.86898	1.86688	1.87157	1.86402	1.86565	1.86553	5	0	0	0	11111111	oooooooo	off	off	off	off	0.0	100.0	100.0	0.001	0.124	2	337.602	503.244	20.205	33.439	29.9989	33.419	33.4181	53.2124	42.5576	0	20.6193	1200	17.4583	100.943	101.07	
14	1595605643.0	1682.7000000476837	20200724 10:47:23	10:47:23		1595605635.0064516	0.0033095380204067504	43.48321153489518	1580.4769835657369	1175.423485345767	117.49670858481753	157.98633078052578	0.19494820927470158	3.395857072806498	0.18893739369636167	0.11861048092951956	353.3397334757064	27.22799534906802	27.01996129032258	3.5833579614289683	55.19034161680225	1.8802312634199791	3.4068121492611994	1.7031266980089892	-145.9506266999377	-157.00780869865096	-9.937357843261612	40.443940233856125	-0.041383542076319016	0.046456651378070854	3.4684779383556323	143.0	29.0	1	0	52898.0	0	0	0	0	0	-1	MPF-5235-20200724-10_47_24	257.43442307692305	336.564	0.2351100442206444	0.5	1849.1980255155854	43.48321153489518	217.38251477584882	0.46060778930604585	0.024055407220377367	-1.0	DARK-5236-20200724-10_47_32	181.54	155.02400000000003	0.5104343645053473	1.8539385259446957	0.2351100442206444	0	5235	300	300	300	9886.99	312.769	-0.00641264	0.591278	2200.0154838709677	1849.1980255155854	0.840538641238055	0.19107728247611	0.5	0: Broadleaf	1595605635.0064516	1580.477	1599.96	18.809616129032257	17.510870967741933	500.06529032258067	99.76117741935485	0.19999406451612906	26.162358064516123	27.01996129032258	999.9000000000003	10003.733548387096	0.0	177.45093548387098	2200.0154838709677	0.9820034193548388	0.01799680967741936	0.0	257.45732258064515	5.00054	7724.1900000000005	20590.69677419355	49.276	51.34654838709676	49.745935483870966	50.018	50.45935483870966	2155.514838709677	39.50064516129032	0.0	131.0	257.43442307692305	-2.070119647751968	-25.265982916594037	7724.082692307692	15	1595605666.5	10:47:46	14	-0.172	0.125	1600.0	18.0	0.08	0.08	1580.6239215686278	0.2827269308586355	0.05114678727471159	1	18.803333333333335	0.055578690724345806	0.007718063016846953	1	2	2	2/2	1.86676	1.86325	1.8689	1.86681	1.87149	1.864	1.86557	1.86551	5	0	0	0	11111111	oooooooo	off	off	off	off	0.0	100.0	100.0	-0.172	0.125	2	339.501	502.955	19.7529	33.5322	30.0005	33.5016	33.5001	66.919	42.5859	0	19.7488	1600	17.4476	100.923	101.053	
