[Header]
File opened	2020-07-24 10:48:47
Console s/n	68C-571038
Console ver	Bluestem v.1.3.4
Scripts ver	2018.05  1.3.4, Mar 2018
Head s/n	68H-581038
Head ver	1.4.0
Head cal	{"co2bzero": "0.880288", "tbzero": "0.197721", "co2aspan2b": "0.163711", "h2obspanconc1": "20", "co2bspan2b": "0.162103", "h2obspan1": "0.998578", "h2oazero": "1.00263", "h2obspanconc2": "0", "co2bspan1": "0.992131", "flowmeterzero": "0.990908", "h2oaspan1": "1.00223", "h2oaspan2b": "0.0662632", "flowazero": "0.42932", "h2obspan2a": "0.0975941", "h2oaspanconc2": "0", "h2obzero": "1.01783", "co2aspan2": "0", "co2bspanconc2": "0", "co2aspan2a": "0.164928", "co2aspanconc1": "1002", "tazero": "0.00774765", "h2obspan2": "0", "flowbzero": "0.22736", "ssa_ref": "36614.9", "co2aspan1": "0.992625", "co2bspan2": "0", "h2oaspanconc1": "12.19", "ssb_ref": "36526.8", "co2bspanconc1": "1002", "h2oaspan2a": "0.0661155", "co2azero": "0.869071", "oxygen": "21", "chamberpressurezero": "2.59209", "co2bspan2a": "0.163389", "co2aspanconc2": "0", "h2obspan2b": "0.0963575", "h2oaspan2": "0"}
Chamber type	6800-01A
Chamber s/n	MPF-551037
Chamber rev	0
Chamber cal	0
Fluorometer	MPF-551037
Flr. Version	1.4.0
10:48:47	Stability Definition:	CO2_s (Meas): Slp<0.3	H2O_s (Meas): Slp<0.2
SysConst:AvgTime	4
SysConst:Oxygen	21
SysConst:Chamber	6800-01A 2 cm²
Const:S	2.0
Const:CustomBLC	2.0
LTConst:deltaTw	0
LTConst:fT1	1
LTConst:fT2	0
LTConst:fTeb	0
LQConst:Leaf	standard
LQConst:Ambient	Sun+Sky
LQConst:abs_ambient	0.49
LQConst:abs_redLED	0.84
LQConst:abs_greenLED	0.7
LQConst:abs_blueLED	0.87
LQConst:abs_whiteLED	0.75
LQConst:abs_redFlr	0.84
LQConst:abs_blueFlr	0.87
LQConst:k_ambient	0.39
LQConst:k_redLED	0.18
LQConst:k_greenLED	0.23
LQConst:k_blueLED	0.26
LQConst:k_whiteLED	0.21
LQConst:k_redFlr	0.19
LQConst:k_blueFlr	0.25
QConst:fQ_Amb_in	0.0
QConst:fQ_Amb_out	0.0
QConst:fQ_HeadLS	0.0
QConst:fQ_ConsoleLS	0.0
QConst:fQ_Flr	1.0
LeakConst:fan_a	-6276.0
LeakConst:fan_b	6.6
LeakConst:fan_c	1.709e-05
LeakConst:fan_d	3.11
LeakConst:Fs_meas	3.46935 75.7742 386.148 617.459 845.313 1047.31 1232.25 1386.61
LeakConst:Fs_true	0.0901397 100.218 402.746 600.792 800.086 1000.08 1200.42 1401.29
LeakConst:leak_wt	0.0
[Data]
Sys	Sys	Sys	Sys	Sys	UserDefVar	GasEx	GasEx	GasEx	GasEx	GasEx	GasEx	GasEx	GasEx	GasEx	GasEx	GasEx	GasEx	GasEx	GasEx	GasEx	GasEx	GasEx	GasEx	GasEx	GasEx	GasEx	GasEx	GasEx	GasEx	GasEx	GasEx	Leak	Leak	Leak	Leak	Leak	FLR	FLR	FLR	FLR	FLR	FLR	FLR	FLR	FLR	FLR	FLR	FLR	FLR	FLR	FLR	FLR	FLR	FLR	FLR	FLR	FLR	FLR	FLR	FLR	MPF	MPF	MPF	MPF	MPF	MPF	MPF	MPF	LeafQ	LeafQ	LeafQ	LeafQ	Const	Const	Meas	Meas	Meas	Meas	Meas	Meas	Meas	Meas	Meas	Meas	Meas	Meas	Meas	Meas	FlrLS	FlrLS	FlrLS	FlrLS	FlrLS	FlrLS	FlrLS	FlrLS	FlrLS	FlrLS	FlrLS	FlrLS	FlrLS	FlrLS	FlrLS	FlrLS	FlrLS	FlrStats	FlrStats	FlrStats	FlrStats	FlrStats	Match	Match	Match	Match	Match	Match	Match	Match	Match	Stability	Stability	Stability	Stability	Stability	Stability	Stability	Stability	Stability	Stability	Stability	Auxiliary	Auxiliary	Auxiliary	Auxiliary	Auxiliary	Auxiliary	Auxiliary	Auxiliary	Auxiliary	Auxiliary	Auxiliary	Auxiliary	Auxiliary	Auxiliary	Auxiliary	Auxiliary	Auxiliary	Auxiliary	Auxiliary	Status	Status	Status	Status	Status	Status	Status	Status	Status	Status	Status	Status	Status	Status	Status	Status	Status	Status	Status	Status	
obs	time	elapsed	date	hhmmss	plant	TIME	E	A	Ca	Ci	Pci	Pca	gsw	gbw	gtw	gtc	Rabs	TleafEB	TleafCnd	SVPleaf	RHcham	VPcham	SVPcham	VPDleaf	LatHFlux	SenHFlux	NetTherm	EBSum	blfa_1	blfa_2	blfa_3	Leak	LeakPct	CorrFact	CorrFactPct	Fan	DarkAdaptedID	Fo	Fm	Fv	Fv/Fm	Adark	LightAdaptedID	Fs	Fm'	PhiPS2	PS2/1	Qabs_fs	Afs	ETR	Fv'/Fm'	PhiCO2	NPQ	DarkPulseID	Fo'	Fv'	qP	qN	qP_Fo	qN_Fo	ID	P1_dur	P2_dur	P3_dur	P1_Qmax	P1_Fmax	P2_dQdt	P3_ΔF	Qin	Qabs	alpha	convert	K	Geometry	TIME	CO2_s	CO2_r	H2O_s	H2O_r	Flow	Pa	ΔPcham	Tair	Tleaf	Tleaf2	Fan_speed	Qamb_in	Qamb_out	Q	f_red	f_blue	f_farred	F	Q_modavg	F_dc	Pc	Tled	TDigital	TPreamp	TPwrSpy	TDrive	Q_red	Q_blue	Q_farred	TSPF	F_avg	dF/dt	dF_dc/dt	F_dc_avg	period	time	hhmmss	count	co2_adj	h2o_adj	co2_at	h2o_at	co2_cv	h2o_cv	CO2_s:MN	CO2_s:SLP	CO2_s:SD	CO2_s:OK	H2O_s:MN	H2O_s:SLP	H2O_s:SD	H2O_s:OK	Stable	Total	State	ADC_CH1	ADC_CH2	ADC_CH3	ADC_CH4	ADC_CH5	ADC_CH6	ADC_CH7	ADC_CH8	DAC_1	DAC_2	DAC_3	DAC_4	GPIO	GPIO_dir	excit_5v	power_12v	power_5v	ch1_pullup	AuxPower	MatchValveR	MatchValveS	MatchCO2	MatchH2O	DIAG	Flow_s	Flow_r	Txchg	Tirga	Tchopper	Ts	Tr	CO2_%	Desiccant_%	Humidifier_%	Txchg_sp	CO2_r_sp	H2O_r_sp	SS_s	SS_r	
	s	s				s	mol m⁻² s⁻¹	µmol m⁻² s⁻¹	µmol mol⁻¹	µmol mol⁻¹	Pa	Pa	mol m⁻² s⁻¹	mol m⁻² s⁻¹	mol m⁻² s⁻¹	mol m⁻² s⁻¹	W m⁻²	°C	°C	kPa	%	kPa	kPa	kPa	W m⁻²	W m⁻²	W m⁻²	W m⁻²				µmol s⁻¹	%		%	µmol s⁻¹						µmol m⁻² s⁻¹						µmol m⁻² s⁻¹	µmol m⁻² s⁻¹	µmol m⁻² s⁻¹		µmol µmol⁻¹										ms	ms	ms	µmol m⁻² s⁻¹		mol m⁻² s⁻²		µmol m⁻² s⁻¹	µmol m⁻² s⁻¹		J/µmol			s	µmol mol⁻¹	µmol mol⁻¹	mmol mol⁻¹	mmol mol⁻¹	µmol s⁻¹	kPa	kPa	°C	°C	°C	rpm	µmol m⁻² s⁻¹	µmol m⁻² s⁻¹	µmol m⁻² s⁻¹					µmol m⁻² s⁻¹			°C	°C	°C	°C	°C	µmol m⁻² s⁻¹	µmol m⁻² s⁻¹	µmol m⁻² s⁻¹	s		min⁻¹	min⁻¹		s	secs			µmol/mol	mmol/mol	µmol/mol	mmol/mol	%	%	µmol mol⁻¹	µmol mol⁻¹ min⁻¹	µmol mol⁻¹		mmol mol⁻¹	mmol mol⁻¹ min⁻¹	mmol mol⁻¹					V	V	V	V	V	V	V	V	V	V	V	V							V	%	%	µmol/mol	mmol/mol		µmol s⁻¹	µmol s⁻¹	°C	°C	°C	°C	°C	%	%	%	°C	µmol mol⁻¹	mmol mol⁻¹	%	%	
1	1595606372.1	0	20200724 10:59:32	10:59:32		1595606364.0999994	0.012144122730205082	36.459488793338366	383.5780506737821	303.1318237453098	30.30143065777248	38.34293463724455	0.9101771108292078	3.3950236272603136	0.7932835717597091	0.5050483390222626	353.3374816370385	26.91306805092208	26.998854838709683	3.5789189721581813	55.61773581401317	2.092052193797831	3.7614839280651333	1.4868667783603504	-535.5558124020441	155.538668511314	9.929112555768706	-16.750549697922935	-0.04137062996099337	0.04644215639745439	3.4676218343093783	148.0	30.0	1	0	52675.0	0	0	0	0	0	-1	MPF-5237-20200724-10_59_33	310.03165384615386	430.783	0.280306665197666	0.5	1849.1834319671195	36.459488793338366	259.1692205767392	0.5468251996945098	0.020257313658434528	-1.0	DARK-5238-20200724-10_59_41	195.22	235.56300000000002	0.5126074390029255	2.206654031349247	0.280306665197666	0	5237	300	300	300	9877.24	397.518	-0.00640698	1.21301	2199.9977419354836	1849.1834319671195	0.8405387863445125	0.19107757268902525	0.5	0: Broadleaf	1595606364.0999994	383.5780645161291	400.023258064516	20.92863548387097	16.173196774193546	500.05745161290326	99.76124516129032	0.1999871612903226	27.84864193548387	26.998854838709683	999.9000000000003	10000.605483870968	0.0	249.82396774193546	2199.9977419354836	0.9819981290322584	0.018002364516129032	0.0	310.1687096774193	5.00054	8962.009354838709	20590.49032258064	48.3022258064516	49.578419354838694	48.3888064516129	49.00987096774194	49.85261290322579	2155.486774193548	39.51096774193548	0.0	728.6000001430511	310.03165384615386	-11.539999992270003	-208.3846153767226	8959.441153846154	15	1595606402.6	11:00:02	15	-0.376	0.098	400.0	16.0	0.12	0.02	383.754862745098	0.29986968325793995	0.04392016804489162	1	20.996298039215688	-0.45049628959275806	0.05615625780153976	0	1	2	1/2	1.86679	1.86328	1.86894	1.86685	1.87162	1.86403	1.86563	1.86556	5	0	0	0	11111111	oooooooo	off	off	off	off	0.0	100.0	100.0	-0.376	0.098	2	334.596	494.342	21.9556	33.5292	30.0004	33.4611	33.4583	22.0053	48.0258	0	23.0485	400	15.9326	100.912	101.087	
2	1595606494.6	122.5	20200724 11:01:34	11:01:34		1595606486.5999994	0.010850270261832691	27.64160745332755	287.6872153272744	217.5079289051881	21.74269250934521	28.758007550415844	0.7664411831673567	3.396741459440572	0.6817579281775886	0.4329248832132574	353.3339491854933	26.880067793776757	27.023274193548385	3.584055148662445	55.219640145822325	2.037871100479268	3.6904823991929696	1.5461840481831768	-478.4969185468217	91.42433284719296	5.824507606070975	-27.914128908064455	-0.04139724496045226	0.046472034065949	3.469386371150483	148.0	30.0	1	0	52719.0	0	0	0	0	0	-1	MPF-5239-20200724-11_01_36	274.48269230769233	369.78	0.25771352612988163	0.5	1849.167667451067	27.64160745332755	238.2777599920914	0.4958624046730488	0.015488918586170049	-1.0	DARK-5240-20200724-11_01_43	186.42	183.35999999999999	0.5197278997180828	1.983585452204699	0.2577135261298817	0	5239	300	300	300	9874.09	343.783	-0.00640438	1.09839	2199.97935483871	1849.167667451067	0.8405386456849898	0.19107729136997972	0.5	0: Broadleaf	1595606486.5999994	287.6872258064515	299.99096774193555	20.38630322580645	16.135190322580648	500.0607419354839	99.76277419354838	0.19998403225806452	27.522519354838714	27.023274193548385	999.9000000000003	10006.885806451612	0.0	246.0165483870968	2199.97935483871	0.9820025806451614	0.01799769032258065	0.0	274.54429032258065	5.00054	8213.166129032257	20590.34838709677	49.28996774193547	50.7094193548387	49.4514193548387	50.00587096774193	50.699322580645145	2155.479032258065	39.50032258064516	0.0	122.0	274.48269230769233	-6.108923094309334	-152.08512821241774	8211.300384615384	15	1595606521.1	11:02:01	16	-0.494	0.1	300.0	16.0	0.09	0.02	287.77798039215685	0.2961339366515357	0.03856621003818003	1	20.379660784313728	0.04809122171945284	0.009879550645321516	1	2	2	2/2	1.86676	1.86327	1.86893	1.86689	1.87157	1.86401	1.86557	1.86554	5	0	0	0	11111111	oooooooo	off	off	off	off	0.0	100.0	100.0	-0.494	0.1	2	333.743	492.503	22.1296	33.7615	30.0009	33.6575	33.6493	17.5509	47.6022	0	22.1306	300	16.0847	100.868	101.036	
3	1595606612.6	240.5	20200724 11:03:32	11:03:32		1595606604.5999994	0.010315883949552664	17.201493942839623	192.3111870087736	145.62476605154197	14.556406457567276	19.223102500615475	0.7136931842057331	3.3951933824772715	0.6396339283623893	0.40578282917146574	353.33423665640964	26.887226522513657	26.99427419354838	3.5779562310038218	54.852612526368695	2.010917236544508	3.6660373023761115	1.5670389944593137	-454.93048217527246	75.90678828231135	4.8346676118317715	-20.854789624719686	-0.04137325976944406	0.04644510858782416	3.4677962043793995	148.0	30.0	1	0	52599.0	0	0	0	0	0	-1	MPF-5241-20200724-11_03_34	260.8294230769231	336.711	0.22536114627403592	0.5	1849.1668471296973	17.201493942839623	208.36518016054677	0.44753809646848486	0.00984307823336344	-1.0	DARK-5242-20200724-11_03_42	186.02	150.691	0.5035574581300604	1.8100795613374905	0.22536114627403595	0	5241	300	300	300	9871.43	315.304	-0.00640215	1.05795	2199.978064516129	1849.1668471296973	0.8405387657973806	0.19107753159476118	0.5	0: Broadleaf	1595606604.5999994	192.31119354838705	199.98438709677419	20.117558064516132	16.074716129032257	500.0617741935484	99.75832903225808	0.19998748387096774	27.408970967741933	26.99427419354838	999.9000000000003	10001.533548387097	0.0	250.6956129032258	2199.978064516129	0.9820002258064514	0.017999664516129034	0.0	260.84441935483875	5.00054	7929.620967741935	20590.332258064525	50.07635483870966	51.68116129032256	50.34648387096773	50.81029032258064	51.419032258064505	2155.464838709677	39.509032258064515	0.0	117.10000014305115	260.8294230769231	-3.5854700801655253	-77.87076925147527	7929.345384615385	15	1595606641.1	11:04:01	17	-0.424	0.104	200.0	16.0	0.17	0.02	192.22380392156862	0.21760723981910374	0.028387389915061505	1	20.110345098039215	0.03341647058824234	0.004809317497765248	1	2	2	2/2	1.86676	1.86327	1.86895	1.8669	1.87164	1.86401	1.86565	1.86554	5	0	0	0	11111111	oooooooo	off	off	off	off	0.0	100.0	100.0	-0.424	0.104	2	333.864	491.467	22.4395	33.9149	30.0007	33.8251	33.816	12.9185	47.3089	0	22.434	200	16.1991	100.837	101.011	
4	1595606732.6	360.5	20200724 11:05:32	11:05:32		1595606724.5999994	0.009621202384417347	6.134463421574578	97.16970091676068	78.82135208734354	7.878789443205565	9.712845485498164	0.6649545643592065	3.4029381026635903	0.6003066796727248	0.38047490026904746	353.3409843325627	26.944543153022163	26.985612903225807	3.576136454490448	55.39755657343479	2.0189387770477083	3.644454560683395	1.5571976774427396	-424.295025152805	59.175652340284046	3.7583903329812074	-8.01999814697706	-0.04149330242505612	0.04657986698506292	3.4757515783936888	150.0	30.0	1	0	52972.0	0	0	0	0	0	-1	MPF-5243-20200724-11_05_34	258.63234615384613	316.81	0.18363578752613197	0.5	1849.2047803543007	6.134463421574578	169.79008806872494	0.3967362141346548	0.0038581251234964045	-1.0	DARK-5244-20200724-11_05_42	191.12	125.69	0.4628662092939285	1.6576496442025952	0.183635787526132	0	5243	300	300	300	9872.19	300.874	-0.00640231	1.09174	2200.023548387097	1849.2047803543007	0.8405386304660275	0.1910772609320553	0.5	0: Broadleaf	1595606724.5999994	97.16970322580644	99.99722580645161	20.19796129032258	16.427503225806454	500.0386451612904	99.75768387096775	0.19986867741935488	27.308167741935485	26.985612903225807	999.9000000000003	10030.617419354838	0.0	255.70545161290323	2200.023548387097	0.9820038709677419	0.01799633548387097	0.0	258.63287096774195	5.00054	7880.256774193548	20590.783870967734	50.084419354838694	51.816064516129	50.409	50.68319354838709	51.328258064516106	2155.523548387097	39.5	0.0	119.20000004768372	258.63234615384613	-0.6499487242196237	-38.62700838016775	7880.093076923076	15	1595606760.6	11:06:00	18	-0.397	0.105	100.0	16.0	0.24	0.02	97.14202352941179	0.04552398190046046	0.01851844431101393	1	20.183500000000002	0.1768148416289517	0.023272975154651158	1	2	2	2/2	1.86681	1.86332	1.86902	1.86691	1.87164	1.86403	1.86566	1.86554	5	0	0	0	11111111	oooooooo	off	off	off	off	0.0	100.0	100.0	-0.397	0.105	2	332.493	490.21	21.8981	34.0642	29.9938	33.986	33.9795	8.10024	47.4103	0	22.0861	100	16.1882	100.809	100.984	
5	1595606852.1	480.0	20200724 11:07:32	11:07:32		1595606844.0999994	0.010044800939139538	0.42368147905139586	49.631422419697074	47.30925154474661	4.728937895789216	4.961057438848668	0.6873706615521197	3.3952434070613466	0.6183924759815542	0.39211428207678656	353.33858558621876	26.950820110452167	27.01355806451613	3.5820107636987273	54.6492879019393	2.00371797034609	3.666503347566923	1.5782927933526372	-442.97572141605366	72.77548622602013	4.635656651336783	-12.225992952477995	-0.041374034750031395	0.04644597857142547	3.4678475889186213	149.0	30.0	1	0	52639.0	0	0	0	0	0	-1	MPF-5245-20200724-11_07_33	258.8762692307692	304.034	0.148528555257737	0.5	1849.191812612354	0.42368147905139586	137.32889416087443	0.35632199030371603	0.0007698938905857259	-1.0	DARK-5246-20200724-11_07_41	195.7	108.334	0.41683802655889	1.5535717935615738	0.14852855525773695	0	5245	300	300	300	9872.4	293.604	-0.00640264	2.16547	2200.0080645161293	1849.191812612354	0.8405386518521994	0.19107730370439896	0.5	0: Broadleaf	1595606844.0999994	49.631422580645165	50.00026451612903	20.0456	16.108709677419355	500.0620322580645	99.75803548387096	0.19995880645161287	27.41114193548387	27.01355806451613	999.9000000000003	10001.750322580645	0.0	259.1561290322581	2200.0080645161293	0.9820028387096776	0.01799741935483871	0.0	258.8696129032258	5.00054	7881.456774193549	20590.622580645155	49.81619354838707	51.70122580645158	50.174999999999976	50.56225806451611	51.08232258064514	2155.5067741935486	39.501290322580644	0.0	119.10000014305115	258.8762692307692	-0.9575042827397804	-6.366153871557494	7881.377307692308	15	1595606881.1	11:08:01	19	-0.358	0.101	50.0	16.0	0.27	0.02	49.59328627450981	-0.028229864253413575	0.007228077595638204	1	20.047107843137255	0.03533212669682991	0.005712038993703738	1	2	2	2/2	1.86677	1.86329	1.86899	1.8669	1.87162	1.86401	1.86561	1.86553	5	0	0	0	11111111	oooooooo	off	off	off	off	0.0	100.0	100.0	-0.358	0.101	2	332.974	488.99	22.3282	34.1992	30.0006	34.1351	34.129	5.66187	47.8804	0	22.3131	50	16.2146	100.779	100.958	
6	1595606975.1	603.0	20200724 11:09:35	11:09:35		1595606967.0999994	0.009952160679342804	34.70497322926148	384.5929545068893	288.6308809371808	28.851230178129804	38.443495094276685	0.6961145567602943	3.38530291733121	0.6252817518631613	0.3965628055480592	353.33655673575	27.05705201999341	27.007941935483874	3.5808295300592627	55.20992297709931	2.034543153372621	3.685104132850421	1.5462863766866417	-438.89028595901766	89.36555734145084	5.711434329900233	9.523262448083372	-0.04122013794769915	0.04627321592870717	3.4576370372645924	150.0	30.0	1	0	52631.0	0	0	0	0	0	-1	MPF-5247-20200724-11_09_36	256.0768076923077	347.211	0.2624749570367654	0.5	1849.1814771284905	34.70497322926148	242.68191438124146	0.48515456019538555	0.01930852848726676	-1.0	DARK-5248-20200724-11_09_44	178.76	168.45100000000002	0.54101306794078	1.9423304989930634	0.2624749570367653	0	5247	300	300	300	9871.97	320.65	-0.00640246	0.704681	2199.9958064516127	1849.1814771284905	0.8405386372581534	0.19107727451630663	0.5	0: Broadleaf	1595606967.0999994	384.5929677419355	400.0034838709677	20.35379354838709	16.45458387096774	500.08064516129036	99.75871290322581	0.20020377419354837	27.497593548387105	27.007941935483874	999.9000000000003	9964.479677419355	0.0	262.35919354838705	2199.9958064516127	0.9820041290322581	0.01799605806451613	0.0	256.0612258064516	5.00054	7841.47129032258	20590.519354838718	49.767935483870964	51.74587096774193	50.136999999999986	50.64287096774191	51.07419354838707	2155.4958064516127	39.5	0.0	122.60000014305115	256.0768076923077	0.8736068413690495	18.454700850774923	7841.621538461539	15	1595607000.7	11:10:00	20	-0.377	0.104	400.0	16.0	0.18	0.02	384.58888235294114	0.24917647058808443	0.03677522986629137	1	20.33616470588235	0.15693502262441994	0.019455820476240275	1	2	2	2/2	1.86677	1.86329	1.86892	1.86688	1.87159	1.86401	1.8656	1.86554	5	0	0	0	11111111	oooooooo	off	off	off	off	0.0	100.0	100.0	-0.377	0.104	2	332.231	488.849	22.4758	34.3401	30.0013	34.2874	34.2846	22.032	47.3741	0	22.4286	400	16.4524	100.755	100.933	
7	1595607092.1	720.0	20200724 11:11:32	11:11:32		1595607084.1322577	0.009573141750707989	35.34587420266869	384.3951801374699	282.3349600328964	28.220745865785506	38.42215887621012	0.6595984534097135	3.3951007185593784	0.5958027732234653	0.3775930057160628	353.3376560107315	27.052094646986077	27.02218387096774	3.583825681565321	55.18840798780246	2.0228306009393986	3.665317907678144	1.5609950806259225	-422.17555120622234	70.18275410418096	4.470761735172135	5.815620643862246	-0.04137182423415581	0.046443497073703294	3.4677010213485953	148.0	30.0	1	0	52704.0	0	0	0	0	0	-1	MPF-5249-20200724-11_11_33	258.0316538461538	355.27	0.27370266601133275	0.5	1849.1871771284893	35.34587420266869	253.06373016701906	0.4950319475328623	0.01965505420555013	-1.0	DARK-5250-20200724-11_11_41	179.4	175.86999999999998	0.5528989944495718	1.9803232998885172	0.27370266601133275	0	5249	300	300	300	9871.91	326.95	-0.00640245	0.451385	2200.0025806451613	1849.1871771284893	0.8405386399984159	0.19107727999683188	0.5	0: Broadleaf	1595607084.1322577	384.39519354838706	400.00374193548384	20.237445161290324	16.48610322580645	500.0560322580646	99.75485161290324	0.19998877419354838	27.40561935483871	27.02218387096774	999.9000000000003	10001.535161290321	0.0	264.5491935483871	2200.0025806451613	0.9820043870967742	0.017995774193548388	0.0	257.99474193548383	5.00054	7896.327096774193	20590.58387096774	49.80606451612901	51.906870967741916	50.23170967741934	50.751903225806444	51.158903225806434	2155.5022580645164	39.50032258064516	0.0	116.29999995231628	258.0316538461538	2.3655726418795373	40.408205103013096	7896.576923076923	15	1595607118.6	11:11:58	21	-0.379	0.104	400.0	17.0	0.13	0.02	384.41066666666666	-0.14598909491921316	0.019851079554453428	1	20.246098039215685	-0.10242320308187484	0.01260848594098239	1	2	2	2/2	1.86676	1.86325	1.8689	1.86681	1.87151	1.86401	1.86554	1.86551	5	0	0	0	11111111	oooooooo	off	off	off	off	0.0	100.0	100.0	-0.379	0.104	2	333.717	487.567	21.2157	34.5059	30.0005	34.4448	34.4416	22.0259	47.6534	0	21.2264	400	16.5332	100.726	100.901	
8	1595607228.7	856.6000001430511	20200724 11:13:48	11:13:48		1595607220.677419	0.008284555768212801	40.5525400902412	482.13833951527414	342.53065294623855	34.2372784104096	48.19161269315036	0.5419292098423459	3.3972303464139935	0.49808022168591576	0.3149436059000986	353.3348062904986	26.991336485435557	27.057916129032257	3.591352500988122	55.0122471497694	1.975115076555106	3.590318845143531	1.6162374244330162	-365.34890937818454	-0.8980330751687465	-0.05707989513065634	-12.96921605798534	-0.04140482057690619	0.046480538359079	3.4698885520034604	148.0	30.0	1	0	52878.0	0	0	0	0	0	-1	MPF-5251-20200724-11_13_50	265.83834615384615	375.398	0.2918493275034866	0.5	1849.1722642252637	40.5525400902412	269.8398408761214	0.5163533103532784	0.022470886511836263	-1.0	DARK-5252-20200724-11_13_57	181.56	193.83800000000002	0.5652124652862384	2.0676250275391057	0.29184932750348663	0	5251	300	300	300	9872.5	343.422	-0.00640293	0.786407	2199.9848387096777	1849.1722642252637	0.8405386399434596	0.19107727988691908	0.5	0: Broadleaf	1595607220.677419	482.13835483870974	499.9548709677419	19.760258064516133	16.512322580645165	500.0623225806451	99.75393548387099	0.19997554838709686	27.05301290322581	27.057916129032257	999.9000000000003	10009.603870967741	0.0	268.0624193548387	2199.9848387096777	0.9820035483870969	0.017996674193548393	0.0	265.83167741935483	5.00054	8078.947741935485	20590.42258064516	49.84654838709676	51.925129032258056	50.25393548387096	50.83232258064513	51.126741935483864	2155.4848387096777	39.5	0.0	136.10000014305115	265.83834615384615	-0.387179501268654	-27.42051280153309	8078.748846153845	15	1595607255.2	11:14:15	22	-0.326	0.104	500.0	16.0	0.13	0.03	482.0570588235294	0.26896124081687794	0.03913997593590643	1	19.764400000000002	-0.028879743520110156	0.014170211782495777	1	2	2	2/2	1.86674	1.86325	1.8689	1.86677	1.8715	1.86398	1.86554	1.86546	5	0	0	0	11111111	oooooooo	off	off	off	off	0.0	100.0	100.0	-0.326	0.104	2	333.963	486.152	20.9592	34.7515	30.0013	34.6551	34.6478	26.3135	48.0039	0	20.9273	500	16.4843	100.681	100.856	
9	1595607376.7	1004.6000001430511	20200724 11:16:16	11:16:16		1595607368.6999993	0.007003724011979069	43.99736081655272	580.783305910755	398.1139329449338	39.7932137171203	58.051809552314815	0.44094818850928247	3.394202252443082	0.41141690661894365	0.25962383893408963	353.3391777294096	26.872363766767467	27.03201935483871	3.5858961017321795	55.10165909320983	1.9312918805383887	3.5049613973899043	1.6546042211937908	-308.86422892827693	-71.04016359017815	-4.509591912405103	-31.074806701450584	-0.04135790625185025	0.046427872919283096	3.4667781316119166	151.0	30.0	1	0	52796.0	0	0	0	0	0	-1	MPF-5253-20200724-11_16_18	269.4121923076923	383.233	0.29700158308994196	0.5	1849.1926158380961	43.99736081655272	274.6065671710727	0.521492147075017	0.024333517466572238	-1.0	DARK-5254-20200724-11_16_25	183.38	199.853	0.5695226376001746	2.0898298614898025	0.2970015830899419	0	5253	300	300	300	9873.69	351.597	-0.00640362	1.46732	2200.0087096774196	1849.1926158380961	0.8405387704620667	0.19107754092413365	0.5	0: Broadleaf	1595607368.6999993	580.7833225806454	600.006806451613	19.32174193548387	16.57474193548387	500.0655161290323	99.75431935483869	0.2000163870967742	26.64379677419355	27.03201935483871	999.9000000000003	9998.223870967742	0.0	272.8811612903226	2200.0087096774196	0.9820020000000004	0.017998300000000005	0.0	269.4126129032258	5.00054	8171.19193548387	20590.619354838713	50.02393548387096	52.16122580645161	50.43306451612901	51.05412903225805	51.255741935483854	2155.4987096774194	39.51	0.0	147.20000004768372	269.4121923076923	-2.256717938651792	-36.166837600780134	8171.064615384616	15	1595607404.7	11:16:44	23	-0.343	0.105	600.0	17.0	0.2	0.03	580.7672941176471	0.398356561086299	0.0510491090424294	0	19.33533725490196	-0.17388488687781986	0.02134139823767272	1	1	2	1/2	1.86666	1.86319	1.86889	1.86676	1.87149	1.8639	1.86553	1.86539	5	0	0	0	11111111	oooooooo	off	off	off	off	0.0	100.0	100.0	-0.343	0.105	2	331.473	484.082	20.1303	35.059	30.0013	34.9205	34.9069	30.4654	48.3159	0	20.1105	600	16.6009	100.631	100.799	
10	1595607524.2	1152.1000001430511	20200724 11:18:44	11:18:44		1595607516.1999993	0.006212419977280916	46.297358267031996	679.7976599035965	461.3944714792616	46.11996187893157	67.9510572799526	0.3847402911914048	3.3951563060090586	0.3620560741306897	0.22821159811849068	353.3377056893997	26.782493708459207	26.94794516129032	3.568231684576733	55.07577947057126	1.8999979131355398	3.4497885121185967	1.6682337714411932	-273.9677209980884	-104.93841231060246	-6.647804772887797	-32.21623239217898	-0.04137268538432685	0.04644446379021119	3.4677581199659433	150.0	30.0	1	0	52856.0	0	0	0	0	0	-1	MPF-5255-20200724-11_18_45	270.8367692307692	391.365	0.3079688545711312	0.5	1849.184525515505	46.297358267031996	284.7456201068354	0.5307194051588671	0.025577414051659725	-1.0	DARK-5256-20200724-11_18_53	183.66	207.705	0.5802856492103261	2.130921267559621	0.30796885457113127	0	5255	300	300	300	9874.9	354.338	-0.00640434	0.490387	2199.9990322580647	1849.184525515505	0.8405387904273366	0.19107758085467336	0.5	0: Broadleaf	1595607516.1999993	679.7976774193548	700.0032903225807	19.008006451612903	16.570587096774194	500.0644838709676	99.75777741935482	0.19999132258064514	26.374635483870968	26.94794516129032	999.9000000000003	10001.45	0.0	286.95787096774194	2199.9990322580647	0.9819987741935483	0.0180016870967742	0.0	270.8324838709678	5.00054	8234.819032258065	20590.535483870965	50.03999999999998	52.18106451612901	50.485774193548394	51.06219354838708	51.27399999999999	2155.487741935484	39.51129032258064	0.0	147.10000014305115	270.8367692307692	-1.6027350511117409	-27.85333339502232	8234.44576923077	15	1595607552.2	11:19:12	24	-0.293	0.105	700.0	17.0	0.07	0.04	679.7157843137254	0.2728615384614877	0.050386861703940945	1	19.01486470588235	-0.07452923076923433	0.00918053831412002	1	2	2	2/2	1.86676	1.86325	1.8689	1.86683	1.87153	1.86401	1.86554	1.8655	5	0	0	0	11111111	oooooooo	off	off	off	off	0.0	100.0	100.0	-0.293	0.105	2	331.7	481.902	20.6343	35.3555	30.0003	35.1978	35.1772	34.4977	48.9472	0	20.6626	700	16.6312	100.579	100.746	
11	1595607673.8	1301.7000000476837	20200724 11:21:13	11:21:13		1595607665.8000007	0.005150069380211533	47.19400958554886	779.4967885969735	509.3823620808009	50.917356756511914	77.91772748749322	0.31226872007558476	3.3917586297729736	0.2971307362197347	0.18700562854562602	353.33509526995937	26.970645227099208	27.00878709677419	3.5810072700751605	55.130310109047244	1.8959154536994653	3.438971139377526	1.6850918163756952	-227.1180596673286	-125.68906362795275	-7.970633712202465	-7.442661737524446	-0.04132006093140376	0.04638538823164974	3.464268097035289	150.0	30.0	1	0	52925.0	0	0	0	0	0	-1	MPF-5257-20200724-11_21_15	268.86115384615385	387.128	0.30549804238868317	0.5	1849.170957773572	47.19400958554886	282.45905382091627	0.5311628195325577	0.026062495402574964	-1.0	DARK-5258-20200724-11_21_23	181.5	205.628	0.5751495231867554	2.132936639118457	0.30549804238868317	0	5257	300	300	300	9874.89	351.741	-0.00640435	1.44107	2199.9829032258067	1849.170957773572	0.8405387855797226	0.19107757115944535	0.5	0: Broadleaf	1595607665.8000007	779.4968064516125	799.9780322580647	18.96692903225806	16.946187096774196	500.05280645161287	99.75899032258066	0.20001993548387098	26.321422580645166	27.00878709677419	999.9000000000003	9988.607096774194	0.0	298.6791612903226	2199.9829032258067	0.9819989677419356	0.018001483870967748	0.0	268.8685806451613	5.00054	8214.950322580646	20590.377419354834	49.85461290322581	52.0	50.320129032258045	50.83035483870967	51.07629032258064	2155.4722580645157	39.51064516129032	0.0	148.90000009536743	268.86115384615385	-1.9150085332110383	-48.96854706861021	8214.670384615383	15	1595607699.8	11:21:39	25	-0.277	0.112	800.0	17.0	0.18	0.04	779.4402352941178	0.4536760180994497	0.05869147923436051	0	18.9675137254902	-0.08271638009049789	0.010362943400628983	1	1	2	1/2	1.86675	1.86327	1.86893	1.86681	1.87155	1.86399	1.86553	1.86544	5	0	0	0	11111111	oooooooo	off	off	off	off	0.0	100.0	100.0	-0.277	0.112	2	331.715	482.23	20.0578	35.4536	29.9998	35.3645	35.3498	38.445	47.6923	0	20.643	800	16.9578	100.557	100.728	
12	1595607821.3	1449.2000000476837	20200724 11:23:41	11:23:41		1595607813.3000007	0.004655473438868907	49.348786693027094	978.4416265081722	661.2892928721176	66.0993536782178	97.80040266970013	0.2786547513278399	3.3952631976725245	0.26654434047906467	0.16763442335275505	353.335643472855	26.967530841982743	27.026158064516128	3.584662144169377	55.23264113240833	1.8866203634545415	3.415770683375029	1.6980417807148356	-205.3063786541188	-149.97974884422956	-9.496603021502802	-11.447087046996131	-0.041374341347497526	0.046446322753940616	3.467867917554633	143.0	29.0	1	0	52901.0	0	0	0	0	0	-1	MPF-5259-20200724-11_23_42	265.95976923076927	381.045	0.3020253008679572	0.5	1849.1739287413168	49.348786693027094	279.24865609263935	0.5222611502578436	0.027227718231620412	-1.0	DARK-5260-20200724-11_23_50	182.04	199.00500000000002	0.5783032123274829	2.0931938035596573	0.3020253008679572	0	5259	300	300	300	9875.26	345.156	-0.00640461	0.624542	2199.9864516129032	1849.1739287413168	0.8405387803118556	0.19107756062371112	0.5	0: Broadleaf	1595607813.3000007	978.4416451612905	999.9997096774194	18.87464516129032	17.0479	500.08103225806445	99.75529677419358	0.19997906451612907	26.206800000000005	27.026158064516128	999.9000000000003	10002.099032258066	0.0	308.077064516129	2199.9864516129032	0.9819986451612904	0.018001822580645168	0.0	265.97983870967744	5.00054	8172.311935483872	20590.41612903226	49.838354838709655	51.96341935483869	50.28799999999998	50.77180645161289	51.038129032258055	2155.4761290322585	39.51032258064516	0.0	146.89999985694885	265.95976923076927	-4.218529916388498	-78.85948710611116	8171.510769230769	15	1595607852.8	11:24:12	26	-0.025	0.112	1000.0	17.0	0.09	0.05	978.1046274509805	0.9046045248869128	0.11545153652358948	0	18.865894117647063	0.09957285067873879	0.023771612760624204	1	1	2	1/2	1.86676	1.86325	1.8689	1.86678	1.87151	1.864	1.86554	1.86544	5	0	0	0	11111111	oooooooo	off	off	off	off	0.0	100.0	100.0	-0.025	0.112	2	338.893	482.329	20.4062	35.5338	30.001	35.4827	35.4751	46.0291	47.8392	0	20.3798	1000	17.0013	100.536	100.712	
13	1595607974.3	1602.2000000476837	20200724 11:26:14	11:26:14		1595607966.3000007	0.004350167154090913	49.28641515018305	1178.2212716828965	837.565043664047	83.71047700612276	117.75737946257554	0.2612850343177506	3.3950004491252326	0.25060545956029595	0.15755155621742337	353.33799647387616	26.775976003529596	26.911403225806453	3.560577751197258	55.68152811502309	1.8728270191731475	3.363461964090478	1.6877507320241105	-191.84237149540925	-176.72613237281135	-11.170001523015241	-26.400508917359673	-0.041370270895309584	0.04644175331476846	3.4675980260769337	151.0	30.0	1	0	52872.0	0	0	0	0	0	-1	MPF-5261-20200724-11_26_15	261.9497692307692	367.905	0.2879961695797305	0.5	1849.1861416445397	49.28641515018305	266.27926281677424	0.5127002894769029	0.027193809221099697	-1.0	DARK-5262-20200724-11_26_23	179.28	188.62499999999997	0.5617242187898251	2.0521251673360106	0.2879961695797305	0	5261	300	300	300	9875.46	335.628	-0.0064048	1.14301	2200.0009677419357	1849.1861416445397	0.8405387855545038	0.19107757110900772	0.5	0: Broadleaf	1595607966.3000007	1178.2212903225811	1199.983870967742	18.738567741935487	17.031277419354836	500.04983870967743	99.74507419354838	0.19997203225806454	25.94585161290322	26.911403225806453	999.9000000000003	10002.140000000001	0.0	322.6616774193549	2200.0009677419357	0.9819983225806452	0.018002161290322585	0.0	261.9895483870967	5.00054	8079.481935483871	20590.538709677425	49.854741935483865	52.01774193548385	50.295999999999985	50.78387096774191	51.035967741935465	2155.4900000000002	39.51096774193548	0.0	152.59999990463257	261.9497692307692	-3.851213654300058	-147.9193158132876	8078.372307692307	15	1595608001.3	11:26:41	27	0.045	0.112	1200.0	17.0	0.26	0.04	1178.1454901960785	0.07829864253394896	0.022864796598545595	1	18.759103921568627	-0.18305809954749858	0.034227766281504306	1	2	2	2/2	1.86677	1.86325	1.86891	1.86683	1.87153	1.86401	1.86554	1.86549	5	0	0	0	11111111	oooooooo	off	off	off	off	0.0	100.0	100.0	0.045	0.112	2	330.596	480.913	20.4213	35.6303	29.9992	35.5913	35.5861	53.3014	48.5216	0	20.4734	1200	16.8522	100.525	100.704	
14	1595608122.8	1750.7000000476837	20200724 11:28:42	11:28:42		1595608114.8032262	0.003861979670223854	49.6983796773636	1577.7733360991863	1181.472483064669	118.07847189671452	157.68548755593483	0.22927852408360935	3.395461125153138	0.22101167355002618	0.13885020656756275	353.336897198891	26.827966661489068	26.92531290322581	3.5634895276353413	55.627214251946114	1.8645217259314235	3.3518157452333566	1.6989678017039178	-170.31330345687195	-190.01990853220502	-12.00592491723815	-19.00223970742411	-0.041377407697627974	0.04644976500058907	3.468071225942472	151.0	30.0	1	0	53019.0	0	0	0	0	0	-1	MPF-5263-20200724-11_28_44	258.8249230769231	353.221	0.2672436715910914	0.5	1849.1804416445405	49.6983796773636	247.09088532976148	0.5027475716336232	0.02741667526630109	-1.0	DARK-5264-20200724-11_28_52	175.64	177.58100000000002	0.531566310151857	2.011051013436575	0.26724367159109147	0	5263	300	300	300	9875.34	325.643	-0.00640473	0.961029	2199.9941935483866	1849.1804416445405	0.8405387828146873	0.19107756562937483	0.5	0: Broadleaf	1595608114.8032262	1577.7733548387096	1600.087741935484	18.656077419354844	17.140261290322577	500.0514516129032	99.74178709677419	0.2000004516129032	25.887270967741934	26.92531290322581	999.9000000000003	10004.195161290323	0.0	322.3184516129033	2199.9941935483866	0.9819983870967743	0.018002093548387096	0.0	258.83809677419356	5.00054	8032.663870967742	20590.467741935485	49.84658064516128	51.93712903225805	50.27599999999999	50.72961290322581	50.98774193548387	2155.483548387097	39.51064516129032	0.0	147.69999980926514	258.8249230769231	-1.5385299189811728	-36.36991456623366	8032.613076923077	15	1595608145.8	11:29:05	28	-0.091	0.113	1600.0	17.0	0.31	0.04	1577.8705882352942	0.3969478244162068	0.10049703467883242	0	18.672700000000003	-0.17437960880686543	0.02409240381466	1	1	2	1/2	1.86676	1.86327	1.8689	1.86685	1.8716	1.86401	1.86554	1.86553	5	0	0	0	11111111	oooooooo	off	off	off	off	0.0	100.0	100.0	-0.091	0.113	2	330.927	480.733	20.2585	35.7204	29.9965	35.6878	35.6822	67.0458	48.2521	0	20.447	1600	16.9396	100.507	100.689	
