[Header]
File opened	2020-07-24 12:06:35
Console s/n	68C-571038
Console ver	Bluestem v.1.3.4
Scripts ver	2018.05  1.3.4, Mar 2018
Head s/n	68H-581038
Head ver	1.4.0
Head cal	{"co2bzero": "0.880288", "tbzero": "0.197721", "co2aspan2b": "0.163711", "h2obspanconc1": "20", "co2bspan2b": "0.162103", "h2obspan1": "0.998578", "h2oazero": "1.00263", "h2obspanconc2": "0", "co2bspan1": "0.992131", "flowmeterzero": "0.990908", "h2oaspan1": "1.00223", "h2oaspan2b": "0.0662632", "flowazero": "0.42932", "h2obspan2a": "0.0975941", "h2oaspanconc2": "0", "h2obzero": "1.01783", "co2aspan2": "0", "co2bspanconc2": "0", "co2aspan2a": "0.164928", "co2aspanconc1": "1002", "tazero": "0.00774765", "h2obspan2": "0", "flowbzero": "0.22736", "ssa_ref": "36614.9", "co2aspan1": "0.992625", "co2bspan2": "0", "h2oaspanconc1": "12.19", "ssb_ref": "36526.8", "co2bspanconc1": "1002", "h2oaspan2a": "0.0661155", "co2azero": "0.869071", "oxygen": "21", "chamberpressurezero": "2.59209", "co2bspan2a": "0.163389", "co2aspanconc2": "0", "h2obspan2b": "0.0963575", "h2oaspan2": "0"}
Chamber type	6800-01A
Chamber s/n	MPF-551037
Chamber rev	0
Chamber cal	0
Fluorometer	MPF-551037
Flr. Version	1.4.0
12:06:35	Stability Definition:	CO2_s (Meas): Slp<0.3	H2O_s (Meas): Slp<0.2
SysConst:AvgTime	4
SysConst:Oxygen	21
SysConst:Chamber	6800-01A 2 cm²
Const:S	2.0
Const:CustomBLC	2.0
LTConst:deltaTw	0
LTConst:fT1	1
LTConst:fT2	0
LTConst:fTeb	0
LQConst:Leaf	standard
LQConst:Ambient	Sun+Sky
LQConst:abs_ambient	0.49
LQConst:abs_redLED	0.84
LQConst:abs_greenLED	0.7
LQConst:abs_blueLED	0.87
LQConst:abs_whiteLED	0.75
LQConst:abs_redFlr	0.84
LQConst:abs_blueFlr	0.87
LQConst:k_ambient	0.39
LQConst:k_redLED	0.18
LQConst:k_greenLED	0.23
LQConst:k_blueLED	0.26
LQConst:k_whiteLED	0.21
LQConst:k_redFlr	0.19
LQConst:k_blueFlr	0.25
QConst:fQ_Amb_in	0.0
QConst:fQ_Amb_out	0.0
QConst:fQ_HeadLS	0.0
QConst:fQ_ConsoleLS	0.0
QConst:fQ_Flr	1.0
LeakConst:fan_a	-6276.0
LeakConst:fan_b	6.6
LeakConst:fan_c	1.709e-05
LeakConst:fan_d	3.11
LeakConst:Fs_meas	3.46935 75.7742 386.148 617.459 845.313 1047.31 1232.25 1386.61
LeakConst:Fs_true	0.0901397 100.218 402.746 600.792 800.086 1000.08 1200.42 1401.29
LeakConst:leak_wt	0.0
[Data]
Sys	Sys	Sys	Sys	Sys	UserDefVar	GasEx	GasEx	GasEx	GasEx	GasEx	GasEx	GasEx	GasEx	GasEx	GasEx	GasEx	GasEx	GasEx	GasEx	GasEx	GasEx	GasEx	GasEx	GasEx	GasEx	GasEx	GasEx	GasEx	GasEx	GasEx	GasEx	Leak	Leak	Leak	Leak	Leak	FLR	FLR	FLR	FLR	FLR	FLR	FLR	FLR	FLR	FLR	FLR	FLR	FLR	FLR	FLR	FLR	FLR	FLR	FLR	FLR	FLR	FLR	FLR	FLR	MPF	MPF	MPF	MPF	MPF	MPF	MPF	MPF	LeafQ	LeafQ	LeafQ	LeafQ	Const	Const	Meas	Meas	Meas	Meas	Meas	Meas	Meas	Meas	Meas	Meas	Meas	Meas	Meas	Meas	FlrLS	FlrLS	FlrLS	FlrLS	FlrLS	FlrLS	FlrLS	FlrLS	FlrLS	FlrLS	FlrLS	FlrLS	FlrLS	FlrLS	FlrLS	FlrLS	FlrLS	FlrStats	FlrStats	FlrStats	FlrStats	FlrStats	Match	Match	Match	Match	Match	Match	Match	Match	Match	Stability	Stability	Stability	Stability	Stability	Stability	Stability	Stability	Stability	Stability	Stability	Auxiliary	Auxiliary	Auxiliary	Auxiliary	Auxiliary	Auxiliary	Auxiliary	Auxiliary	Auxiliary	Auxiliary	Auxiliary	Auxiliary	Auxiliary	Auxiliary	Auxiliary	Auxiliary	Auxiliary	Auxiliary	Auxiliary	Status	Status	Status	Status	Status	Status	Status	Status	Status	Status	Status	Status	Status	Status	Status	Status	Status	Status	Status	Status	
obs	time	elapsed	date	hhmmss	plant	TIME	E	A	Ca	Ci	Pci	Pca	gsw	gbw	gtw	gtc	Rabs	TleafEB	TleafCnd	SVPleaf	RHcham	VPcham	SVPcham	VPDleaf	LatHFlux	SenHFlux	NetTherm	EBSum	blfa_1	blfa_2	blfa_3	Leak	LeakPct	CorrFact	CorrFactPct	Fan	DarkAdaptedID	Fo	Fm	Fv	Fv/Fm	Adark	LightAdaptedID	Fs	Fm'	PhiPS2	PS2/1	Qabs_fs	Afs	ETR	Fv'/Fm'	PhiCO2	NPQ	DarkPulseID	Fo'	Fv'	qP	qN	qP_Fo	qN_Fo	ID	P1_dur	P2_dur	P3_dur	P1_Qmax	P1_Fmax	P2_dQdt	P3_ΔF	Qin	Qabs	alpha	convert	K	Geometry	TIME	CO2_s	CO2_r	H2O_s	H2O_r	Flow	Pa	ΔPcham	Tair	Tleaf	Tleaf2	Fan_speed	Qamb_in	Qamb_out	Q	f_red	f_blue	f_farred	F	Q_modavg	F_dc	Pc	Tled	TDigital	TPreamp	TPwrSpy	TDrive	Q_red	Q_blue	Q_farred	TSPF	F_avg	dF/dt	dF_dc/dt	F_dc_avg	period	time	hhmmss	count	co2_adj	h2o_adj	co2_at	h2o_at	co2_cv	h2o_cv	CO2_s:MN	CO2_s:SLP	CO2_s:SD	CO2_s:OK	H2O_s:MN	H2O_s:SLP	H2O_s:SD	H2O_s:OK	Stable	Total	State	ADC_CH1	ADC_CH2	ADC_CH3	ADC_CH4	ADC_CH5	ADC_CH6	ADC_CH7	ADC_CH8	DAC_1	DAC_2	DAC_3	DAC_4	GPIO	GPIO_dir	excit_5v	power_12v	power_5v	ch1_pullup	AuxPower	MatchValveR	MatchValveS	MatchCO2	MatchH2O	DIAG	Flow_s	Flow_r	Txchg	Tirga	Tchopper	Ts	Tr	CO2_%	Desiccant_%	Humidifier_%	Txchg_sp	CO2_r_sp	H2O_r_sp	SS_s	SS_r	
	s	s				s	mol m⁻² s⁻¹	µmol m⁻² s⁻¹	µmol mol⁻¹	µmol mol⁻¹	Pa	Pa	mol m⁻² s⁻¹	mol m⁻² s⁻¹	mol m⁻² s⁻¹	mol m⁻² s⁻¹	W m⁻²	°C	°C	kPa	%	kPa	kPa	kPa	W m⁻²	W m⁻²	W m⁻²	W m⁻²				µmol s⁻¹	%		%	µmol s⁻¹						µmol m⁻² s⁻¹						µmol m⁻² s⁻¹	µmol m⁻² s⁻¹	µmol m⁻² s⁻¹		µmol µmol⁻¹										ms	ms	ms	µmol m⁻² s⁻¹		mol m⁻² s⁻²		µmol m⁻² s⁻¹	µmol m⁻² s⁻¹		J/µmol			s	µmol mol⁻¹	µmol mol⁻¹	mmol mol⁻¹	mmol mol⁻¹	µmol s⁻¹	kPa	kPa	°C	°C	°C	rpm	µmol m⁻² s⁻¹	µmol m⁻² s⁻¹	µmol m⁻² s⁻¹					µmol m⁻² s⁻¹			°C	°C	°C	°C	°C	µmol m⁻² s⁻¹	µmol m⁻² s⁻¹	µmol m⁻² s⁻¹	s		min⁻¹	min⁻¹		s	secs			µmol/mol	mmol/mol	µmol/mol	mmol/mol	%	%	µmol mol⁻¹	µmol mol⁻¹ min⁻¹	µmol mol⁻¹		mmol mol⁻¹	mmol mol⁻¹ min⁻¹	mmol mol⁻¹					V	V	V	V	V	V	V	V	V	V	V	V							V	%	%	µmol/mol	mmol/mol		µmol s⁻¹	µmol s⁻¹	°C	°C	°C	°C	°C	%	%	%	°C	µmol mol⁻¹	mmol mol⁻¹	%	%	
1	1595610878.1	0	20200724 12:14:38	12:14:38		1595610870.0999994	0.008724707524617766	27.379000903189272	387.6920541297939	296.206135782167	29.604732161375495	38.748418878286586	0.5734106772885059	3.3953356633595684	0.5245402047813268	0.3318806576288308	353.3397915104762	27.05696470994496	27.18689677419355	3.6186365447421043	55.24969873157139	2.0029748617972163	3.6253136356970836	1.615661682944888	-384.7596018356435	5.754244458316987	0.3664883829342154	-25.299077483916097	-0.041375463997637904	0.04644758302707275	3.4679423532959746	154.0	31.0	1	0	52704.0	0	0	0	0	0	-1	MPF-5293-20200724-12_14_39	309.76784615384616	393.322	0.21243193578328656	0.5	1849.1931871534464	27.379000903189272	196.41384419213597	0.4910022831166322	0.015346693412208845	-1.0	DARK-5294-20200724-12_14_47	200.2	193.122	0.43264958858210784	1.9646453546453548	0.21243193578328656	0	5293	300	300	300	9862.58	368.269	-0.00639573	-0.130676	2200.0090322580645	1849.1931871534464	0.8405389069041481	0.19107781380829628	0.5	0: Broadleaf	1595610870.0999994	387.69206451612905	399.9953225806452	20.040493548387094	16.62092258064516	500.0545483870968	99.74639677419356	0.19998712903225804	27.218332258064518	27.18689677419355	999.9000000000003	10003.262903225806	0.0	261.4914838709677	2200.0090322580645	0.9819950967741939	0.01800443225806451	0.0	309.80667741935474	5.00054	8784.066451612904	20590.58387096775	50.84654838709676	52.67299999999998	51.144999999999996	51.67719354838708	52.017838709677406	2155.4883870967737	39.519999999999996	0.0	541.2999999523163	309.76784615384616	-9.415247860728261	-203.22290614066594	8782.761923076923	15	1595610908.1	12:15:08	43	-0.396	0.105	400.0	16.0	0.16	0.03	387.89625490196084	0.2864579185519641	0.041087111254803944	1	20.0284568627451	0.17778461538459028	0.02404005036455146	1	2	2	2/2	1.86666	1.8632	1.86882	1.86676	1.87148	1.86387	1.8654	1.86539	5	0	0	0	11111111	oooooooo	off	off	off	off	0.0	100.0	100.0	-0.396	0.105	2	328.143	470.822	20.8558	36.138	30.0003	36.1677	36.1736	22.0777	50.5625	0	19.8227	400	16.4611	100.412	100.677	
2	1595611000.1	122.0	20200724 12:16:40	12:16:40		1595610992.0999994	0.008605001661059356	21.168660329307375	290.51695973442054	218.07159359406046	21.796379370043372	29.037334773599383	0.555779902578107	3.395535707529392	0.5097418255107711	0.32240658370264896	353.3372931711495	26.749299603744827	27.029145161290316	3.585290961194364	54.70667907653027	1.9446917484474813	3.55476110280248	1.640599212746883	-379.4805732527176	-26.645876912210976	-1.6928060393354678	-54.48196303311457	-0.041378563170458016	0.04645106212006577	3.468147835971093	153.0	31.0	1	0	52853.0	0	0	0	0	0	-1	MPF-5295-20200724-12_16_41	288.14023076923075	360.278	0.20022807174118118	0.5	1849.180166214515	21.168660329307375	185.12888949158463	0.44887003924747004	0.01198837232539065	-1.0	DARK-5296-20200724-12_16_49	198.56	161.71800000000002	0.4460713663956347	1.8144540692989526	0.20022807174118115	0	5295	300	300	300	9863.32	337.371	-0.00639625	0.47229	2199.993548387097	1849.180166214515	0.8405389041118885	0.19107780822377715	0.5	0: Broadleaf	1595610992.0999994	290.5169677419355	299.98329032258073	19.45653548387097	16.08189677419355	500.0581612903225	99.7505870967742	0.19997964516129033	26.88358709677419	27.029145161290316	999.9000000000003	10003.591935483872	0.0	99.74648709677422	2199.993548387097	0.9819934193548385	0.018006193548387093	0.0	288.19300000000004	5.00054	8341.332903225808	20590.435483870966	50.69329032258062	52.636870967741935	51.066193548387076	51.515870967741925	51.880774193548376	2155.4645161290327	39.519354838709674	0.0	121.30000019073486	288.14023076923075	-5.279384620282842	-117.43726496307696	8340.19076923077	15	1595611028.1	12:17:08	44	-0.491	0.099	300.0	16.0	0.27	0.03	290.610294117647	-0.012575565610676397	0.011716075963656676	1	19.461007843137253	0.016449230769229682	0.003837168233714255	1	2	2	2/2	1.86668	1.86323	1.86887	1.86676	1.87149	1.86389	1.86543	1.86539	5	0	0	0	11111111	oooooooo	off	off	off	off	0.0	100.0	100.0	-0.491	0.099	2	329.483	470.625	21.4836	36.1164	30.0048	36.1643	36.1669	17.5845	51.392	0	21.3853	300	16.1703	100.412	100.679	
3	1595611119.6	241.5	20200724 12:18:39	12:18:39		1595611111.5999994	0.008239680503136467	13.457580295867174	193.94922071602969	146.16397115324276	14.609703493830617	19.38604011073245	0.5345874087370567	3.3938211342261853	0.4918290858019229	0.3109493504746899	353.3354692787696	26.742297615211616	26.98585161290323	3.5761865976511142	55.08716056056997	1.947913022741808	3.536056320419746	1.6282735749093062	-363.3699101883182	-35.126844426080005	-2.2312425468432364	-47.39252788247186	-0.04135200291837953	0.0464212459103018	3.4663866540790997	153.0	31.0	1	0	52891.0	0	0	0	0	0	-1	MPF-5297-20200724-12_18_41	281.6745	339.065	0.16926105613967812	0.5	1849.170914079968	13.457580295867174	156.49631094997468	0.4071343252768643	0.007818412125014612	-1.0	DARK-5298-20200724-12_18_48	201.02	138.045	0.41573762178999585	1.6867227141577952	0.16926105613967815	0	5297	300	300	300	9863.32	321.849	-0.00639634	0.63324	2199.982580645161	1849.170914079968	0.8405388889659686	0.19107777793193728	0.5	0: Broadleaf	1595611111.5999994	193.9492258064517	199.97077419354832	19.488054838709683	16.256796774193546	500.0594193548387	99.75419354838714	0.20001116129032256	26.793867741935486	26.98585161290323	999.9000000000003	9996.80935483871	0.0	241.48354838709676	2199.982580645161	0.9819943548387093	0.018005312903225802	0.0	281.6827096774194	5.00054	8172.758387096774	20590.338709677417	50.58848387096774	52.58232258064513	50.98570967741935	51.49970967741935	51.78206451612902	2155.4558064516136	39.51806451612903	0.0	119	281.6745	-3.141982899005505	-62.5702563069282	8172.106923076923	15	1595611150.6	12:19:10	45	-0.402	0.105	200.0	16.0	0.41	0.03	193.87054901960786	-0.12410497737558636	0.02037810601898839	1	19.478625490196077	0.07691185520361787	0.015221705904466037	1	2	2	2/2	1.86676	1.86325	1.8689	1.86685	1.87155	1.86401	1.86554	1.86543	5	0	0	0	11111111	oooooooo	off	off	off	off	0.0	100.0	100.0	-0.402	0.105	2	328.601	471.116	21.5368	36.0365	29.9998	36.1279	36.1403	12.9294	50.5719	0	21.544	200	16.2635	100.424	100.695	
4	1595611250.1	372.0	20200724 12:20:50	12:20:50		1595611242.0999994	0.008561659421276091	4.839842461333882	97.71029493475176	80.4875170359552	8.044836001469951	9.766275906538272	0.5611794960108124	3.3945436984613497	0.5142704423116272	0.3253062300466788	353.3379508622156	26.66731872197526	26.980067741935486	3.5749718151286403	55.351182373611444	1.9570139047238067	3.535631617612579	1.6179579104048336	-377.56918047827565	-34.44952409580158	-2.1876680120825633	-60.86842172394417	-0.04136319533671566	0.046433810380393806	3.4671288590474245	154.0	31.0	1	0	52624.0	0	0	0	0	0	-1	MPF-5299-20200724-12_20_51	281.9611538461538	328.814	0.14249042362504694	0.5	1849.1841695369108	4.839842461333882	131.7455178390225	0.36730187887377064	0.0031580642737150124	-1.0	DARK-5300-20200724-12_20_59	208.04	120.77400000000003	0.38793818333288776	1.5805325898865605	0.142490423625047	0	5299	300	300	300	9863.17	314.275	-0.00639609	-0.0174866	2199.998387096774	1849.1841695369108	0.8405388751112609	0.191077750222522	0.5	0: Broadleaf	1595611242.0999994	97.71029677419355	99.98060322580643	19.579664516129036	16.222432258064515	500.05625806451616	99.75135161290325	0.19999858064516127	26.791825806451612	26.980067741935486	999.9000000000003	9999.8	0.0	259.24741935483866	2199.998387096774	0.9819953548387095	0.018004309677419353	0.0	281.9769677419355	5.00054	8168.698709677417	20590.503225806457	50.622741935483866	52.63699999999999	51.028	51.56019354838708	51.812064516129006	2155.4770967741933	39.51741935483871	0.0	129.79999995231628	281.9611538461538	-1.2406837470120053	-30.572307694122603	8168.469230769231	15	1595611277.6	12:21:17	46	-0.381	0.103	100.0	16.0	0.3	0.03	97.70467254901962	-0.16385701357467067	0.024198169420565883	1	19.5633568627451	0.18888868778280538	0.02704969468061503	1	2	2	2/2	1.86675	1.86325	1.8689	1.86684	1.87151	1.864	1.86554	1.86542	5	0	0	0	11111111	oooooooo	off	off	off	off	0.0	100.0	100.0	-0.381	0.103	2	328.032	470.871	21.5861	36.0226	30.0009	36.1207	36.137	8.08138	50.6906	0	21.5687	100	16.2738	100.421	100.695	
5	1595611369.1	491.0	20200724 12:22:49	12:22:49		1595611361.1290317	0.008701367197735992	0.39468533730903915	49.66304501215874	47.21481542472883	4.718886605555731	4.96357500904777	0.576149651872129	3.3984768457203782	0.5268740884466956	0.333371616777993	353.33912494566465	26.675402097038173	26.95372580645161	3.569443791102659	55.43492888185932	1.9645406580195661	3.54386791440883	1.604903133083093	-383.73029342015724	-22.414737353446714	-1.4218625775857001	-54.227768405525026	-0.04142413811300552	0.0465022239856596	3.471168950201081	154.0	31.0	1	0	52851.0	0	0	0	0	0	-1	MPF-5301-20200724-12_22_50	282.78673076923076	320.782	0.11844576450913469	0.5	1849.1901529634333	0.39468533730903915	109.51437069525879	0.3402996427480344	0.0007542141272350903	-1.0	DARK-5302-20200724-12_22_58	211.62	109.16199999999998	0.34806314679805456	1.515839712692562	0.11844576450913463	0	5301	300	300	300	9863.23	310.035	-0.00639609	0.467651	2200.005483870967	1849.1901529634333	0.8405388834348426	0.19107776686968533	0.5	0: Broadleaf	1595611361.1290317	49.663045161290334	49.993741935483875	19.65620967741936	16.244406451612903	500.0482580645161	99.74505806451614	0.19998170967741935	26.831387096774186	26.95372580645161	999.9000000000003	10015.165161290322	0.0	259.28506451612907	2200.005483870967	0.9819943225806449	0.018005325806451613	0.0	282.78851612903225	5.00054	8174.100322580645	20590.554838709675	50.564225806451596	52.66499999999999	51.004	51.58445161290322	51.80799999999997	2155.4783870967744	39.51806451612903	0.0	118.20000004768372	282.78673076923076	0.34348716979955235	-2.844786297521858	8174.132692307693	15	1595611397.2	12:23:17	47	-0.424	0.099	50.0	16.0	0.38	0.02	49.71147647058824	-0.05420788724251824	0.010006401641837689	1	19.65767843137255	0.02598450308437588	0.008604588692030266	1	2	2	2/2	1.86676	1.86326	1.86891	1.86688	1.87158	1.86401	1.86555	1.86543	5	0	0	0	11111111	oooooooo	off	off	off	off	0.0	100.0	100.0	-0.424	0.099	2	327.943	470.34	21.6616	36.0367	29.9978	36.1341	36.1478	5.63103	51.3389	0	21.7278	50	16.0198	100.417	100.692	
6	1595611508.7	630.6000001430511	20200724 12:25:08	12:25:08		1595611500.6612897	0.009196080892474694	26.933814626000235	387.8257962366505	301.84758813035654	30.167539235779426	38.760455225383055	0.6076491725032612	3.3935650522386283	0.5530397831257285	0.3501464080851125	353.33788661418356	26.92578341904951	27.081316129032263	3.5962890663145104	54.7153561135238	1.9807816314640458	3.620156702177551	1.6155074348504646	-405.547167358134	20.626574433597174	1.3135413450108424	-30.269164965342437	-0.04134803650262917	0.046416793261144916	3.466123611726855	153.0	31.0	1	0	52750.0	0	0	0	0	0	-1	MPF-5303-20200724-12_25_10	279.62865384615384	344.662	0.18868731149313278	0.5	1849.1831613469947	26.933814626000235	174.45869958646819	0.4544220134508591	0.015106029088893766	-1.0	DARK-5304-20200724-12_25_17	188.04	156.62199999999999	0.41522484806633897	1.8329185279727718	0.1886873114931328	0	5303	300	300	300	9862.39	326.046	-0.00639571	0.108887	2199.9970967741933	1849.1831613469947	0.8405389098278405	0.19107781965568124	0.5	0: Broadleaf	1595611500.6612897	387.8258064516129	400.0245806451613	19.819122580645164	16.213990322580646	500.0550322580645	99.74296774193547	0.19998499999999997	27.19405806451613	27.081316129032263	999.9000000000003	9996.975483870967	0.0	260.12019354838714	2199.9970967741933	0.9819951935483874	0.01800436451612903	0.0	279.62538709677426	5.00054	8126.045483870966	20590.474193548387	50.67912903225805	52.7316129032258	51.08035483870966	51.72154838709676	51.86867741935484	2155.4764516129035	39.519999999999996	0.0	139	279.62865384615384	-0.23470085129175053	4.751111126905866	8126.191923076923	15	1595611537.2	12:25:37	48	-0.392	0.101	400.0	16.0	0.31	0.03	387.7662549019608	0.23682166704430688	0.041809016354367914	1	19.813123529411765	0.06056197177508337	0.011798962869598147	1	2	2	2/2	1.86672	1.86323	1.8689	1.86677	1.87149	1.86398	1.86551	1.86539	5	0	0	0	11111111	oooooooo	off	off	off	off	0.0	100.0	100.0	-0.392	0.101	2	329.493	471.157	21.7439	36.0271	30.0009	36.1374	36.1536	22.0814	50.7978	0	21.6312	400	16.2296	100.414	100.691	
7	1595611634.1	756.0	20200724 12:27:14	12:27:14		1595611626.1645155	0.008975616247767645	27.489603606605243	387.597989574414	298.95723916009814	29.879733349064306	38.739067191194	0.5977310160099566	3.3955760414323386	0.5448350950911001	0.34488349429268395	353.33757993037295	26.760891928237353	26.984490322580644	3.5759006543428202	55.25121432058631	1.9751049298126488	3.5747719830236115	1.6007957245301714	-395.82467652655316	-0.9838122076747541	-0.06251650470224249	-43.53342530855718	-0.041379188051129674	0.04645176360336226	3.468189266430133	154.0	31.0	1	0	52713.0	0	0	0	0	0	-1	MPF-5305-20200724-12_27_15	277.8098461538462	347.522	0.2005978149474099	0.5	1849.1812932573682	27.489603606605243	185.47086343452685	0.4546532305868405	0.015406603836241638	-1.0	DARK-5306-20200724-12_27_23	189.52	158.00199999999998	0.44121057863921853	1.833695652173913	0.20059781494740994	0	5305	300	300	300	9862.9	326.228	-0.00639595	0.116669	2199.9948387096774	1849.1812932573682	0.8405389234194451	0.19107784683889056	0.5	0: Broadleaf	1595611626.1645155	387.59799999999996	399.983935483871	19.76161935483871	16.242741935483874	500.0596774193548	99.74651290322579	0.1999992903225806	26.979116129032256	26.984490322580644	999.9000000000003	10004.151612903228	0.0	260.2323548387097	2199.9948387096774	0.9819939677419355	0.018005583870967738	0.0	277.8064193548387	5.00054	8075.946774193549	20590.448387096774	50.61874193548387	52.71748387096773	51.05412903225805	51.648838709677406	51.86054838709676	2155.473870967742	39.52096774193548	0.0	124.90000009536743	277.8098461538462	-0.4025299205824644	-10.68991464842997	8075.499230769231	15	1595611661.2	12:27:41	49	-0.374	0.101	400.0	16.0	0.17	0.03	387.61031372549013	-0.26823517484186127	0.04206367264884188	1	19.76379411764706	-0.04350455115644044	0.010483215562754519	1	2	2	2/2	1.86676	1.86325	1.8689	1.86685	1.87153	1.864	1.86553	1.86539	5	0	0	0	11111111	oooooooo	off	off	off	off	0.0	100.0	100.0	-0.374	0.101	2	327.91	470.829	21.857	36.0828	30.0008	36.1744	36.1876	22.082	50.7494	0	21.8442	400	16.172	100.405	100.684	
8	1595611782.7	904.6000001430511	20200724 12:29:42	12:29:42		1595611774.6999993	0.007678384495624704	31.753841584080373	485.83589116113836	365.45570651101576	36.525454919803664	48.556847313845154	0.49780518271740126	3.3926710367330672	0.46049692749707083	0.2909292238442787	353.3398452124545	26.75447652006608	26.977183870967746	3.574366252241201	55.63372260453773	1.9539613106307319	3.5121886854850843	1.6204049416104693	-338.6167562570495	-54.57964520854068	-3.4659058308927597	-43.322462084028416	-0.04133419028875596	0.04640124967307728	3.4652052985419366	153.0	31.0	1	0	52674.0	0	0	0	0	0	-1	MPF-5307-20200724-12_29_44	280.89576923076925	355.921	0.21079180708424272	0.5	1849.1932158380155	31.753841584080373	194.8973898072087	0.45982394969670237	0.017712503649456136	-1.0	DARK-5308-20200724-12_29_52	192.26	163.661	0.45841850391498734	1.8512483095807761	0.2107918070842427	0	5307	300	300	300	9862.92	334.682	-0.00639597	0.836456	2200.009032258065	1849.1932158380155	0.8405389199425349	0.19107783988507027	0.5	0: Broadleaf	1595611774.6999993	485.83590322580653	500.02793548387103	19.550374193548386	16.53942258064516	500.05912903225806	99.74493870967741	0.20001841935483874	26.67878064516129	26.977183870967746	999.9000000000003	9993.430322580643	0.0	257.44548387096773	2200.009032258065	0.9819941612903228	0.018005380645161287	0.0	280.9117741935483	5.00054	8191.823225806454	20590.5870967742	50.69325806451613	52.719516129032236	51.076225806451596	51.72767741935484	51.893	2155.4880645161293	39.52096774193548	0.0	147.90000009536743	280.89576923076925	-0.44170941541171094	-26.64923077753666	8191.609615384616	15	1595611808.2	12:30:08	50	-0.308	0.104	500.0	16.0	0.39	0.03	485.74301960784305	0.24933936651591315	0.034041779518513775	1	19.59429411764706	-0.5254685972850787	0.06533231315259322	0	1	2	1/2	1.86665	1.86318	1.86888	1.86676	1.87148	1.86394	1.86543	1.86539	5	0	0	0	11111111	oooooooo	off	off	off	off	0.0	100.0	100.0	-0.308	0.104	2	328.511	470.623	20.2889	36.151	30	36.208	36.2203	26.3914	50.1016	0	21.3762	500	16.4016	100.396	100.676	
9	1595611907.2	1029.1000001430511	20200724 12:31:47	12:31:47		1595611899.1999993	0.006720417043156606	34.509663092884004	584.5584385596081	430.7633108113243	43.053971255419874	58.425500917096365	0.4174873846796427	3.395017209907992	0.39091933944147084	0.2465705932461646	353.3406660821843	26.9173593048253	27.061990322580645	3.592211584978171	54.880331534752145	1.921365376045192	3.501009054270228	1.670846208932979	-296.3703916032063	-80.04941380949548	-5.080549939562817	-28.159689270080307	-0.04137053054602487	0.04644204479544302	3.4676152425012057	154.0	31.0	1	0	52865.0	0	0	0	0	0	-1	MPF-5309-20200724-12_31_48	282.08	360.894	0.2183854539005914	0.5	1849.197793257378	34.509663092884004	201.91894971624222	0.4778522225362572	0.019202739275571718	-1.0	DARK-5310-20200724-12_31_56	188.44	172.454	0.45701462418963906	1.9151666312884739	0.21838545390059136	0	5309	300	300	300	9862.47	336.886	-0.00639568	1.06155	2200.0145161290325	1849.197793257378	0.8405389054028047	0.19107781080560976	0.5	0: Broadleaf	1595611899.1999993	584.5584516129031	599.9320322580645	19.22363225806452	16.587429032258065	500.0544838709677	99.74813548387097	0.19995706451612905	26.62463870967742	27.061990322580645	999.9000000000003	10001.895806451614	0.0	247.3891612903226	2200.0145161290325	0.9819950000000003	0.018004499999999996	0.0	282.1283870967742	5.00054	8231.462258064515	20590.638709677416	50.830419354838696	52.875	51.262	51.91512903225806	52.033999999999985	2155.4945161290325	39.519999999999996	0.0	123.70000004768372	282.08	-1.6808889110281733	-46.029059879729985	8231.097307692307	15	1595611933.7	12:32:13	51	-0.364	0.11	600.0	17.0	0.14	0.03	584.5914901960784	0.29634027149322845	0.039835629213854334	1	19.2234431372549	-0.057793303167419874	0.007804781211890385	1	2	2	2/2	1.86662	1.86313	1.86878	1.86676	1.87146	1.86386	1.8654	1.86533	5	0	0	0	11111111	oooooooo	off	off	off	off	0.0	100.0	100.0	-0.364	0.11	2	328.082	469.882	20.4533	36.308	30.001	36.3209	36.3278	30.5676	49.2467	0	20.3904	600	16.7114	100.366	100.638	
10	1595612055.2	1177.1000001430511	20200724 12:34:15	12:34:15		1595612047.1999993	0.005878993575345552	35.34523882889248	684.2597607807533	502.55577206852155	50.22897929671214	68.38976143157994	0.3591087865819862	3.391735781138772	0.33924384510496153	0.21372056579762305	353.33680480590846	26.824481854918258	27.041067741935485	3.5878017559866104	55.28326658824094	1.9033288984270869	3.4428661978377657	1.6844728575595236	-259.26361667273886	-128.08421067588654	-8.124670641979188	-42.13569318469615	-0.04131970712388255	0.04638499105171194	3.4642446275308783	155.0	31.0	1	0	52758.0	0	0	0	0	0	-1	MPF-5311-20200724-12_34_16	280.2419615384615	356.628	0.21418968354009915	0.5	1849.1774706767296	35.34523882889248	198.03736862686486	0.47469071413349484	0.01965481377814509	-1.0	DARK-5312-20200724-12_34_24	187.34	169.28799999999998	0.4512194512401262	1.9036404398419984	0.21418968354009915	0	5311	300	300	300	9862.27	334.799	-0.00639543	0.763458	2199.990322580645	1849.1774706767296	0.8405389113292084	0.1910778226584171	0.5	0: Broadleaf	1595612047.1999993	684.2597741935484	700.0050645161289	19.043367741935484	16.736832258064517	500.06061290322583	99.74702580645162	0.20004890322580648	26.34060000000001	27.041067741935485	999.9000000000003	9989.719677419354	0.0	242.04222580645163	2199.990322580645	0.9819950967741938	0.01800443225806451	0.0	280.25741935483876	5.00054	8195.178064516127	20590.416129032263	50.97554838709676	53.033999999999985	51.400999999999996	51.95732258064514	52.09858064516128	2155.470322580645	39.519999999999996	0.0	147.5	280.2419615384615	-0.9035555545731273	-44.25606829092428	8194.876538461538	15	1595612078.2	12:34:38	52	-0.231	0.108	700.0	17.0	0.16	0.04	684.1018235294117	0.29147511312224095	0.03870892174728321	1	19.076866666666668	-0.3614280542986451	0.04478555731249556	0	1	2	1/2	1.86662	1.86312	1.86883	1.86676	1.87149	1.86389	1.86542	1.86535	5	0	0	0	11111111	oooooooo	off	off	off	off	0.0	100.0	100.0	-0.231	0.108	2	327.184	468.647	20.1351	36.5687	30.0008	36.5211	36.5183	34.6129	49.4195	0	18.453	700	16.7329	100.32	100.585	
11	1595612199.7	1321.6000001430511	20200724 12:36:39	12:36:39		1595612191.6999993	0.004976473604582416	36.371328866204514	783.9005345842603	559.6824851567513	55.938143230907095	78.34788749924498	0.29508149111010445	3.3942183648840016	0.28153450513052325	0.17712437372575393	353.3396878921945	27.003973282836668	27.089745161290324	3.5980687419617414	54.680051810763196	1.8798089529496904	3.4378331598063148	1.718259789012051	-219.46248596208454	-141.6205774541635	-8.977818697893436	-16.721194221947002	-0.041358155832218885	0.04642815309511133	3.4667946820226545	155.0	31.0	1	0	52706.0	0	0	0	0	0	-1	MPF-5313-20200724-12_36_41	278.3976923076923	358.706	0.2238833688098546	0.5	1849.192644870281	36.371328866204514	207.00173945598178	0.4712104062937336	0.020209537913680204	-1.0	DARK-5314-20200724-12_36_49	189.68	169.026	0.4751239909381262	1.8911113454238717	0.22388336880985463	0	5313	300	300	300	9861.73	332.708	-0.00639503	0.263275	2200.0083870967746	1849.192644870281	0.8405389069041481	0.19107781380829628	0.5	0: Broadleaf	1595612191.6999993	783.9005483870969	800.0075483870968	18.8082064516129	16.855293548387095	500.0607096774194	99.74621612903225	0.19999393548387095	26.315816129032253	27.089745161290324	999.9000000000003	9999.096451612904	0.0	242.1501290322581	2200.0083870967746	0.9819962580645163	0.018003619354838706	0.0	278.42729032258063	5.00054	8168.41064516129	20590.596774193546	51.052064516129	53.08638709677418	51.47961290322581	52.015935483870955	52.140870967741925	2155.4883870967747	39.519999999999996	0.0	144.09999990463257	278.3976923076923	-2.1151453014636514	-50.00581191115747	8167.744230769231	15	1595612229.2	12:37:09	53	-0.401	0.11	800.0	17.0	0.24	0.05	784.0426666666666	0.36383348416299627	0.04947951315668031	0	18.800292156862746	0.06431022624433713	0.00978866577736135	1	1	2	1/2	1.86663	1.86315	1.86887	1.86676	1.87146	1.86388	1.8654	1.86537	5	0	0	0	11111111	oooooooo	off	off	off	off	0.0	100.0	100.0	-0.401	0.11	2	326.996	468.051	20.0763	36.7452	30.0007	36.7048	36.6986	38.5652	49.2736	0	19.7776	800	16.8046	100.283	100.545	
12	1595612350.7	1472.6000001430511	20200724 12:39:10	12:39:10		1595612342.6999993	0.004678526939164748	37.07354683255691	983.3577602019403	736.8697787369298	73.63597227054865	98.26770869389965	0.277101397279018	3.3941967935181	0.26511892006307575	0.16673272274575412	353.3388641532556	26.885425855878125	27.03392580645161	3.586297540427506	55.0251171545051	1.8709811198549349	3.400231051941979	1.715316420572571	-206.3230380171654	-165.47245020830374	-10.477244776630945	-28.93386884884447	-0.041357821693678014	0.04642777799532706	3.466772524302158	155.0	31.0	1	0	52991.0	0	0	0	0	0	-1	MPF-5315-20200724-12_39_12	277.28934615384617	351.153	0.21034607093248203	0.5	1849.188309386409	37.07354683255691	194.48474764685506	0.4669559992367999	0.02058932918799943	-1.0	DARK-5316-20200724-12_39_20	187.18	163.973	0.4504622946835994	1.8760177369377071	0.21034607093248198	0	5315	300	300	300	9861.58	328.319	-0.00639479	0.213837	2200.0032258064516	1849.188309386409	0.8405389081684437	0.19107781633688742	0.5	0: Broadleaf	1595612342.6999993	983.3577741935483	1000.0254516129031	18.72277096774194	16.886619354838707	500.0602258064517	99.73079677419355	0.19998393548387103	26.129645161290323	27.03392580645161	999.9000000000003	10000.561612903226	0.0	241.52154838709674	2200.0032258064516	0.981996548387097	0.01800341612903225	0.0	277.26948387096775	5.00054	8167.164838709678	20590.55483870968	51.18119354838708	53.21951612903224	51.61680645161291	52.158999999999985	52.29006451612902	2155.483225806452	39.519999999999996	0.0	150.20000004768372	277.28934615384617	-1.7469059626970789	-36.145982985963435	8166.911923076924	15	1595612386.7	12:39:46	54	-0.041	0.108	1000.0	17.0	0.13	0.05	982.9855490196078	0.17629683257936232	0.039990839012463905	1	18.754801960784313	-0.3380296832578673	0.041931370119242334	0	1	2	1/2	1.86662	1.86317	1.86885	1.86676	1.87149	1.86388	1.8654	1.86537	5	0	0	0	11111111	oooooooo	off	off	off	off	0.0	100.0	100.0	-0.041	0.108	2	326.582	467.505	19.9753	36.9622	30.0006	36.9066	36.8995	46.1657	49.394	0	18.3632	1000	16.9867	100.246	100.502	
13	1595612492.2	1614.1000001430511	20200724 12:41:32	12:41:32		1595612484.1999993	0.004202308311278776	37.16757990028786	1183.1913085556582	900.2615844078439	89.96030294097223	118.23257861747427	0.24291895854802192	3.394845820034731	0.23365896581007362	0.14683941650016255	353.3452996137158	27.029261432319334	27.175451612903228	3.6162081886487836	54.83130382666972	1.8683638758808436	3.4074766519998	1.74784431276794	-185.32179652739404	-184.81537174955753	-11.710156290898205	-28.502024954134015	-0.04136787547639026	0.04643906424718129	3.467439193445929	156.0	31.0	1	0	52984.0	0	0	0	0	0	-1	MPF-5317-20200724-12_41_34	275.33773076923075	345.73	0.2036047471459499	0.5	1849.2221803541559	37.16757990028786	188.25520722384502	0.46385908078558413	0.02063980213182288	-1.0	DARK-5318-20200724-12_41_41	185.36	160.37	0.4389366417083574	1.8651812688821752	0.20360474714594992	0	5317	300	300	300	9861.58	325.059	-0.00639474	0.29245	2200.0435483870965	1849.2221803541559	0.8405388982912925	0.19107779658258503	0.5	0: Broadleaf	1595612484.1999993	1183.191322580645	1200.0454838709677	18.697316129032263	17.04799032258065	500.0511612903226	99.72686451612903	0.19998396774193553	26.165658064516126	27.175451612903228	999.9000000000003	10003.387096774191	0.0	272.8852580645161	2200.0435483870965	0.9819970000000002	0.018003077419354835	0.0	275.3532580645161	5.00054	7679.171612903225	20590.93870967742	51.24980645161288	53.288032258064504	51.67712903225806	52.223645161290314	52.4008387096774	2155.523548387097	39.519999999999996	0.0	141.09999990463257	275.33773076923075	-0.9028034286636546	-243.8608547727639	7678.3973076923085	15	1595612513.7	12:41:53	55	0.04	0.112	1200.0	17.0	0.17	0.06	1183.0905882352943	0.26291402714945517	0.04729597108846247	1	18.706241176470588	-0.14045104072398146	0.017761151442873737	1	2	2	2/2	1.86663	1.86313	1.8688	1.86676	1.87149	1.86386	1.86539	1.86535	5	0	0	0	11111111	oooooooo	off	off	off	off	0.0	100.0	100.0	0.04	0.112	2	326.368	467.06	20.0375	37.1297	30.0005	37.0797	37.0715	53.4516	49.2923	0	17.0531	1200	17.0616	100.215	100.466	
14	1595612635.2	1757.1000001430511	20200724 12:43:55	12:43:55		1595612627.1999993	0.003909404069042424	37.1026818605946	1582.693792434443	1276.6148127004315	127.57075657932245	158.156902556353	0.23034924750141636	3.396364902601396	0.22200864963786623	0.13947961485455737	353.33480257752814	26.99817041260671	26.98872258064516	3.576789718881165	55.04854653966955	1.865030095298041	3.387973366297777	1.711759623583124	-172.40471944477088	-168.4847903735041	-10.655496145184781	1.7897966140683934	-0.041391410307436614	0.04646548415679526	3.468999575517552	154.0	31.0	1	0	52892.0	0	0	0	0	0	-1	MPF-5319-20200724-12_43_56	275.92565384615386	340.107	0.1887092772387694	0.5	1849.1712883698187	37.1026818605946	174.47788865947626	0.4606991329199341	0.020605274427651823	-1.0	DARK-5320-20200724-12_44_04	183.42	156.68700000000004	0.4096150041410337	1.8542525351651948	0.18870927723876943	0	5319	300	300	300	9865.45	321.256	-0.00639771	0.363953	2199.983548387097	1849.1712883698187	0.8405386893577118	0.19107737871542388	0.5	0: Broadleaf	1595612627.1999993	1582.6938064516135	1600.008064516129	18.663564516129032	17.12914516129032	500.05112903225813	99.72896129032259	0.19997209677419353	26.06856774193548	26.98872258064516	999.9000000000003	10008.867741935484	0.0	204.30503225806453	2199.983548387097	0.9820022580645164	0.017997929032258064	0.0	275.9436451612903	5.00054	7960.533548387094	20590.396774193552	50.308129032258044	51.91909677419353	50.614677419354834	50.86067741935484	51.493741935483875	2155.4770967741933	39.50354838709677	0.0	142.40000009536743	275.92565384615386	-2.0974700787059968	-27.747692202575458	7960.123076923076	15	1595612675.7	12:44:35	56	-0.252	0.115	1600.0	17.0	0.65	0.06	1582.9454901960783	0.39605429864226316	0.05567108326344133	0	18.66373137254902	-0.031158733031681488	0.00531658486123351	1	1	2	1/2	1.86675	1.86324	1.8689	1.86677	1.87149	1.86397	1.86547	1.86539	5	0	0	0	11111111	oooooooo	off	off	off	off	0.0	100.0	100.0	-0.252	0.115	2	328.21	469.116	20.776	36.9561	29.999	37.0149	37.0091	67.2105	49.4962	0	20.7732	1600	17.0868	100.25	100.522	
