[Header]
File opened	2020-07-24 13:23:22
Console s/n	68C-571038
Console ver	Bluestem v.1.3.4
Scripts ver	2018.05  1.3.4, Mar 2018
Head s/n	68H-581038
Head ver	1.4.0
Head cal	{"co2bzero": "0.880288", "tbzero": "0.197721", "co2aspan2b": "0.163711", "h2obspanconc1": "20", "co2bspan2b": "0.162103", "h2obspan1": "0.998578", "h2oazero": "1.00263", "h2obspanconc2": "0", "co2bspan1": "0.992131", "flowmeterzero": "0.990908", "h2oaspan1": "1.00223", "h2oaspan2b": "0.0662632", "flowazero": "0.42932", "h2obspan2a": "0.0975941", "h2oaspanconc2": "0", "h2obzero": "1.01783", "co2aspan2": "0", "co2bspanconc2": "0", "co2aspan2a": "0.164928", "co2aspanconc1": "1002", "tazero": "0.00774765", "h2obspan2": "0", "flowbzero": "0.22736", "ssa_ref": "36614.9", "co2aspan1": "0.992625", "co2bspan2": "0", "h2oaspanconc1": "12.19", "ssb_ref": "36526.8", "co2bspanconc1": "1002", "h2oaspan2a": "0.0661155", "co2azero": "0.869071", "oxygen": "21", "chamberpressurezero": "2.59209", "co2bspan2a": "0.163389", "co2aspanconc2": "0", "h2obspan2b": "0.0963575", "h2oaspan2": "0"}
Chamber type	6800-01A
Chamber s/n	MPF-551037
Chamber rev	0
Chamber cal	0
Fluorometer	MPF-551037
Flr. Version	1.4.0
13:23:22	Stability Definition:	CO2_s (Meas): Slp<0.3	H2O_s (Meas): Slp<0.2
SysConst:AvgTime	4
SysConst:Oxygen	21
SysConst:Chamber	6800-01A 2 cm²
Const:S	2.0
Const:CustomBLC	2.0
LTConst:deltaTw	0
LTConst:fT1	1
LTConst:fT2	0
LTConst:fTeb	0
LQConst:Leaf	standard
LQConst:Ambient	Sun+Sky
LQConst:abs_ambient	0.49
LQConst:abs_redLED	0.84
LQConst:abs_greenLED	0.7
LQConst:abs_blueLED	0.87
LQConst:abs_whiteLED	0.75
LQConst:abs_redFlr	0.84
LQConst:abs_blueFlr	0.87
LQConst:k_ambient	0.39
LQConst:k_redLED	0.18
LQConst:k_greenLED	0.23
LQConst:k_blueLED	0.26
LQConst:k_whiteLED	0.21
LQConst:k_redFlr	0.19
LQConst:k_blueFlr	0.25
QConst:fQ_Amb_in	0.0
QConst:fQ_Amb_out	0.0
QConst:fQ_HeadLS	0.0
QConst:fQ_ConsoleLS	0.0
QConst:fQ_Flr	1.0
LeakConst:fan_a	-6276.0
LeakConst:fan_b	6.6
LeakConst:fan_c	1.709e-05
LeakConst:fan_d	3.11
LeakConst:Fs_meas	3.46935 75.7742 386.148 617.459 845.313 1047.31 1232.25 1386.61
LeakConst:Fs_true	0.0901397 100.218 402.746 600.792 800.086 1000.08 1200.42 1401.29
LeakConst:leak_wt	0.0
[Data]
Sys	Sys	Sys	Sys	Sys	UserDefVar	GasEx	GasEx	GasEx	GasEx	GasEx	GasEx	GasEx	GasEx	GasEx	GasEx	GasEx	GasEx	GasEx	GasEx	GasEx	GasEx	GasEx	GasEx	GasEx	GasEx	GasEx	GasEx	GasEx	GasEx	GasEx	GasEx	Leak	Leak	Leak	Leak	Leak	FLR	FLR	FLR	FLR	FLR	FLR	FLR	FLR	FLR	FLR	FLR	FLR	FLR	FLR	FLR	FLR	FLR	FLR	FLR	FLR	FLR	FLR	FLR	FLR	MPF	MPF	MPF	MPF	MPF	MPF	MPF	MPF	LeafQ	LeafQ	LeafQ	LeafQ	Const	Const	Meas	Meas	Meas	Meas	Meas	Meas	Meas	Meas	Meas	Meas	Meas	Meas	Meas	Meas	FlrLS	FlrLS	FlrLS	FlrLS	FlrLS	FlrLS	FlrLS	FlrLS	FlrLS	FlrLS	FlrLS	FlrLS	FlrLS	FlrLS	FlrLS	FlrLS	FlrLS	FlrStats	FlrStats	FlrStats	FlrStats	FlrStats	Match	Match	Match	Match	Match	Match	Match	Match	Match	Stability	Stability	Stability	Stability	Stability	Stability	Stability	Stability	Stability	Stability	Stability	Auxiliary	Auxiliary	Auxiliary	Auxiliary	Auxiliary	Auxiliary	Auxiliary	Auxiliary	Auxiliary	Auxiliary	Auxiliary	Auxiliary	Auxiliary	Auxiliary	Auxiliary	Auxiliary	Auxiliary	Auxiliary	Auxiliary	Status	Status	Status	Status	Status	Status	Status	Status	Status	Status	Status	Status	Status	Status	Status	Status	Status	Status	Status	Status	
obs	time	elapsed	date	hhmmss	plant	TIME	E	A	Ca	Ci	Pci	Pca	gsw	gbw	gtw	gtc	Rabs	TleafEB	TleafCnd	SVPleaf	RHcham	VPcham	SVPcham	VPDleaf	LatHFlux	SenHFlux	NetTherm	EBSum	blfa_1	blfa_2	blfa_3	Leak	LeakPct	CorrFact	CorrFactPct	Fan	DarkAdaptedID	Fo	Fm	Fv	Fv/Fm	Adark	LightAdaptedID	Fs	Fm'	PhiPS2	PS2/1	Qabs_fs	Afs	ETR	Fv'/Fm'	PhiCO2	NPQ	DarkPulseID	Fo'	Fv'	qP	qN	qP_Fo	qN_Fo	ID	P1_dur	P2_dur	P3_dur	P1_Qmax	P1_Fmax	P2_dQdt	P3_ΔF	Qin	Qabs	alpha	convert	K	Geometry	TIME	CO2_s	CO2_r	H2O_s	H2O_r	Flow	Pa	ΔPcham	Tair	Tleaf	Tleaf2	Fan_speed	Qamb_in	Qamb_out	Q	f_red	f_blue	f_farred	F	Q_modavg	F_dc	Pc	Tled	TDigital	TPreamp	TPwrSpy	TDrive	Q_red	Q_blue	Q_farred	TSPF	F_avg	dF/dt	dF_dc/dt	F_dc_avg	period	time	hhmmss	count	co2_adj	h2o_adj	co2_at	h2o_at	co2_cv	h2o_cv	CO2_s:MN	CO2_s:SLP	CO2_s:SD	CO2_s:OK	H2O_s:MN	H2O_s:SLP	H2O_s:SD	H2O_s:OK	Stable	Total	State	ADC_CH1	ADC_CH2	ADC_CH3	ADC_CH4	ADC_CH5	ADC_CH6	ADC_CH7	ADC_CH8	DAC_1	DAC_2	DAC_3	DAC_4	GPIO	GPIO_dir	excit_5v	power_12v	power_5v	ch1_pullup	AuxPower	MatchValveR	MatchValveS	MatchCO2	MatchH2O	DIAG	Flow_s	Flow_r	Txchg	Tirga	Tchopper	Ts	Tr	CO2_%	Desiccant_%	Humidifier_%	Txchg_sp	CO2_r_sp	H2O_r_sp	SS_s	SS_r	
	s	s				s	mol m⁻² s⁻¹	µmol m⁻² s⁻¹	µmol mol⁻¹	µmol mol⁻¹	Pa	Pa	mol m⁻² s⁻¹	mol m⁻² s⁻¹	mol m⁻² s⁻¹	mol m⁻² s⁻¹	W m⁻²	°C	°C	kPa	%	kPa	kPa	kPa	W m⁻²	W m⁻²	W m⁻²	W m⁻²				µmol s⁻¹	%		%	µmol s⁻¹						µmol m⁻² s⁻¹						µmol m⁻² s⁻¹	µmol m⁻² s⁻¹	µmol m⁻² s⁻¹		µmol µmol⁻¹										ms	ms	ms	µmol m⁻² s⁻¹		mol m⁻² s⁻²		µmol m⁻² s⁻¹	µmol m⁻² s⁻¹		J/µmol			s	µmol mol⁻¹	µmol mol⁻¹	mmol mol⁻¹	mmol mol⁻¹	µmol s⁻¹	kPa	kPa	°C	°C	°C	rpm	µmol m⁻² s⁻¹	µmol m⁻² s⁻¹	µmol m⁻² s⁻¹					µmol m⁻² s⁻¹			°C	°C	°C	°C	°C	µmol m⁻² s⁻¹	µmol m⁻² s⁻¹	µmol m⁻² s⁻¹	s		min⁻¹	min⁻¹		s	secs			µmol/mol	mmol/mol	µmol/mol	mmol/mol	%	%	µmol mol⁻¹	µmol mol⁻¹ min⁻¹	µmol mol⁻¹		mmol mol⁻¹	mmol mol⁻¹ min⁻¹	mmol mol⁻¹					V	V	V	V	V	V	V	V	V	V	V	V							V	%	%	µmol/mol	mmol/mol		µmol s⁻¹	µmol s⁻¹	°C	°C	°C	°C	°C	%	%	%	°C	µmol mol⁻¹	mmol mol⁻¹	%	%	
1	1595615476.0	0	20200724 13:31:16	13:31:16		1595615468.0	0.006182136164042529	28.56434657123874	387.5983117541524	251.45287804399666	25.11821912108558	38.71810655474054	0.37784215286089673	3.392941621233934	0.355925812673085	0.22431672127776556	353.33865821852095	26.990617906499267	27.14756451612903	3.610297249318478	55.09443530325281	1.923307022966049	3.4909279174561134	1.686990226352429	-272.6322048342755	-104.60797120267878	-6.6445055547990135	-30.546023373232373	-0.04133838083749099	0.04640595393114458	3.465483236721609	148.0	30.0	1	0	52769.0	0	0	0	0	0	-1	MPF-5349-20200724-13_31_17	320.08480769230766	421.978	0.2414656505971694	0.5	1849.1872255154415	28.56434657123874	223.25759824253035	0.5204963291925171	0.015987751896240788	-1.0	DARK-5350-20200724-13_31_25	202.34	219.638	0.46391422389428216	2.0854897696945733	0.24146565059716937	0	5349	300	300	300	9876.73	393.18	-0.00640643	0.0427856	2200.0019354838714	1849.1872255154415	0.8405389084845185	0.19107781696903703	0.5	0: Broadleaf	1595615468.0	387.5983225806453	399.98099999999994	19.253796774193546	16.82885483870968	500.06199999999995	99.69235483870969	0.1999960322580645	26.575687096774192	27.14756451612903	999.9000000000003	9999.715161290324	0.0	264.8636451612903	2200.0019354838714	0.9819967419354841	0.018003380645161292	0.0	320.156935483871	5.00054	9461.824193548386	20590.541935483874	48.15499999999999	49.336387096774175	48.275999999999996	48.47348387096773	49.521935483870955	2155.4819354838705	39.519999999999996	0.0	536.7000000476837	320.08480769230766	-14.69774360854816	-348.1692310097047	9459.716538461538	15	1595615501.0	13:31:41	71	-0.411	0.112	400.0	17.0	0.18	0.04	387.51231372549023	0.5973393665157724	0.07657432380709162	0	19.257556862745098	-0.04859619909503663	0.010672784793842078	1	1	2	1/2	1.86663	1.86314	1.86886	1.86676	1.87149	1.8639	1.8654	1.86538	5	0	0	0	11111111	oooooooo	off	off	off	off	0.0	100.0	100.0	-0.411	0.112	2	334.251	472.377	20.1336	34.7584	29.9998	34.8336	34.8386	22.1038	49.0175	0	19.869	400	16.8064	100.631	101.032	
2	1595615603.5	127.5	20200724 13:33:23	13:33:23		1595615595.5	0.006066761418428364	20.27459622768989	291.1518955766234	192.15276801510862	19.19470416995305	29.084017689898328	0.3694886073404945	3.394401189999661	0.34851021788122105	0.21960439254773617	353.33488198395514	26.51886762152999	26.877329032258064	3.5534536186182413	54.91951854593125	1.8616798373180108	3.3898327709501284	1.6917737813002305	-267.5441785526909	-146.30471448965298	-9.253373826404141	-69.76738488479285	-0.04136098781551896	0.04643133224446103	3.4669824767728152	149.0	30.0	1	0	52984.0	0	0	0	0	0	-1	MPF-5351-20200724-13_33_25	291.77646153846155	378.074	0.22825568132571528	0.5	1849.1686526356946	20.27459622768989	211.04162534675768	0.45957669662552836	0.01150495180489154	-1.0	DARK-5352-20200724-13_33_32	204.32	173.75400000000002	0.4966650463387229	1.8504013312451058	0.22825568132571525	0	5351	300	300	300	9876.21	350.346	-0.00640608	0.577271	2199.98	1849.1686526356946	0.840538847005743	0.19107769401148603	0.5	0: Broadleaf	1595615595.5	291.15190322580645	299.9672258064516	18.636751612903232	16.25555806451613	500.059870967742	99.69296451612905	0.19997154838709683	26.077845161290316	26.877329032258064	999.9000000000003	10005.12258064516	0.0	309.9328387096774	2199.98	0.9819980000000003	0.0180025	0.0	291.82664516129034	5.00054	8825.59806451613	20590.332258064514	48.24974193548386	49.88893548387096	48.51193548387096	48.858548387096754	49.531999999999975	2155.4683870967738	39.51516129032258	0.0	126.90000009536743	291.77646153846155	-6.8196239166613974	-126.15794858102801	8824.404615384616	15	1595615629.5	13:33:49	72	-0.451	0.106	300.0	16.0	0.21	0.04	291.2176274509804	-0.2827764705882789	0.036088649448170085	1	18.660958823529413	-0.18243149321267085	0.027583862691234317	1	2	2	2/2	1.86676	1.86328	1.86894	1.86689	1.87156	1.86401	1.86554	1.86546	5	0	0	0	11111111	oooooooo	off	off	off	off	0.0	100.0	100.0	-0.451	0.106	2	333.362	471.732	21.6262	34.7263	29.9995	34.7817	34.7915	17.5931	50.5188	0	21.638	300	16.3022	100.639	101.039	
3	1595615721.0	245.0	20200724 13:35:21	13:35:21		1595615713.045161	0.005342456909270095	12.503486739477262	194.5790920388174	125.42794885646923	12.529270973115004	19.436929265636202	0.3230324233146121	3.392298119429948	0.3068643226946928	0.19317538420984792	353.3353164531267	26.914858192141452	27.07533870967742	3.5950274811152885	55.39866222796107	1.9037879822167496	3.4365233845951266	1.6912394988985389	-235.60234969881117	-140.0862217061651	-8.884649490909577	-31.237904442759117	-0.041328415156538054	0.04639476658123331	3.464822246893634	149.0	30.0	1	0	52823.0	0	0	0	0	0	-1	MPF-5353-20200724-13_35_22	283.9932692307692	352.988	0.19545913960030026	0.5	1849.1722932574482	12.503486739477262	180.71881270640748	0.40961165818668055	0.007302449203199942	-1.0	DARK-5354-20200724-13_35_30	208.4	144.588	0.4771815833210971	1.6938003838771594	0.19545913960030026	0	5353	300	300	300	9874.92	333.504	-0.00640501	1.28897	2199.9845161290327	1849.1722932574482	0.8405387763870021	0.19107755277400434	0.5	0: Broadleaf	1595615713.045161	194.5790967741935	199.9956774193548	19.058429032258065	16.962416129032256	500.0578064516129	99.69219999999999	0.19997783870967736	26.309361290322578	27.07533870967742	999.9000000000003	9997.32	0.0	319.52735483870964	2199.9845161290327	0.9820001935483869	0.018000196774193553	0.0	283.9973225806452	5.00054	8633.60419354839	20590.387096774197	48.50393548387096	50.56409677419353	48.89299999999999	49.435161290322576	49.79599999999998	2155.474516129032	39.51	0.0	116.60000014305115	283.9932692307692	-2.71422223852887	-24.16581205779208	8633.516538461537	15	1595615751.6	13:35:51	73	-0.442	0.119	200.0	17.0	0.34	0.05	194.57441176470587	-0.04259170476208678	0.008742899574185137	1	19.032847058823528	0.14393126456317595	0.017962863138536487	1	2	2	2/2	1.86661	1.86317	1.86885	1.86676	1.87146	1.86389	1.86542	1.86537	5	0	0	0	11111111	oooooooo	off	off	off	off	0.0	100.0	100.0	-0.442	0.119	2	333.591	471.965	19.9346	34.753	30.0005	34.801	34.8131	12.9318	48.514	0	19.5343	200	16.8392	100.627	101.026	
4	1595615852.5	376.5	20200724 13:37:32	13:37:32		1595615844.5354838	0.006238275769507676	4.651031811258053	97.89105952713766	75.16751031388503	7.508472578878005	9.778324878761552	0.38514726256498905	3.3931112958832594	0.3624037201591447	0.22843374087456197	353.3369352391574	26.674650508784662	26.923029032258064	3.563011291887686	55.13168531857423	1.8904833929781897	3.4290324738926006	1.6725278989094963	-275.10796143528853	-119.01859892821636	-7.539524268306133	-48.32914939265362	-0.04134100866983591	0.04640890390316251	3.465657522756278	149.0	30.0	1	0	52754.0	0	0	0	0	0	-1	MPF-5355-20200724-13_37_34	283.25242307692304	336.7	0.15873946220100077	0.5	1849.1833835801015	4.651031811258053	146.7691879102661	0.361983961983962	0.003055960734579717	-1.0	DARK-5356-20200724-13_37_41	214.82	121.88	0.43852623008760216	1.5673587189274742	0.15873946220100074	0	5355	300	300	300	9872.85	322.447	-0.00640347	1.33185	2199.998064516129	1849.1833835801015	0.8405386411041292	0.1910772822082585	0.5	0: Broadleaf	1595615844.5354838	97.89106129032254	99.99550322580643	18.925677419354837	16.477870967741936	500.05687096774193	99.68987096774195	0.19999564516129031	26.272403225806446	26.923029032258064	999.9000000000003	10000.599999999999	0.0	325.7748064516129	2199.998064516129	0.9820036774193548	0.017996538709677424	0.0	283.26587096774193	5.00054	8619.861935483872	20590.53870967742	49.033999999999985	51.292064516129024	49.471548387096774	50.20141935483869	50.26993548387095	2155.4977419354836	39.50032258064516	0.0	130.60000014305115	283.25242307692304	-1.8649914542663437	-10.720683778074518	8619.800000000001	15	1595615878.0	13:37:58	74	-0.409	0.107	100.0	16.0	0.32	0.04	97.85821960784313	-0.007559572621384123	0.008535945210141446	1	18.918239215686274	0.18729417065740436	0.034646704726488196	1	2	2	2/2	1.86672	1.86325	1.8689	1.8668	1.87149	1.86399	1.86552	1.86539	5	0	0	0	11111111	oooooooo	off	off	off	off	0.0	100.0	100.0	-0.409	0.107	2	333.468	470.217	20.6993	34.9903	30.0004	34.9519	34.954	8.06787	50.1836	0	20.7402	100	16.4026	100.586	100.976	
5	1595615984.6	508.59999990463257	20200724 13:39:44	13:39:44		1595615976.5741932	0.007005038816649629	0.4569721036175167	49.67380627908721	46.63798495654388	4.658714980869795	4.961966210264777	0.4445882090061505	3.394665114387849	0.4145889350659585	0.2616445229409589	353.33682141593613	27.00258081378482	27.006487096774197	3.5805235910463096	54.90831906912433	1.9393634752177926	3.5320029971711917	1.641160115828517	-308.9222118142486	-42.48031221421692	-2.6976763965518327	-0.7633790090812624	-0.041365076157925916	0.0464359217669713	3.46725357548561	150.0	30.0	1	0	52941.0	0	0	0	0	0	-1	MPF-5357-20200724-13_39_46	282.91434615384617	331.343	0.1461586749868078	0.5	1849.17796648499	0.4569721036175167	135.1367006981229	0.3560147641567802	0.0007879025870003211	-1.0	DARK-5358-20200724-13_39_53	213.38	117.96300000000002	0.41054104970332933	1.5528306307995128	0.14615867498680776	0	5357	300	300	300	9870.86	315.908	-0.00640177	0.471649	2199.9909677419355	1849.17796648499	0.8405388902041635	0.1910777804083273	0.5	0: Broadleaf	1595615976.5741932	49.673806451612904	49.99574516129033	19.41479677419355	16.66749677419355	500.0573225806452	99.69103225806454	0.19996829032258065	26.77437096774193	27.006487096774197	999.9000000000003	10006.305483870967	0.0	328.01016129032257	2199.9909677419355	0.9819944838709675	0.018005254838709673	0.0	282.9333225806452	5.00054	8654.630000000001	20590.412903225802	49.48374193548387	51.8586129032258	49.95732258064513	50.73164516129031	50.745741935483856	2155.468387096774	39.51838709677419	0.0	131.60000014305115	282.91434615384617	-0.8918632457022515	25.75179515104966	8654.407692307692	15	1595616011.1	13:40:11	75	-0.41	0.11	50.0	17.0	0.32	0.03	49.67292352941177	0.013629229652377565	0.008295488692131946	1	19.393970588235295	0.19656106162146836	0.0242395341807768	1	2	2	2/2	1.8667	1.86325	1.8689	1.86677	1.87149	1.86398	1.86548	1.86539	5	0	0	0	11111111	oooooooo	off	off	off	off	0.0	100.0	100.0	-0.41	0.11	2	331.604	469.244	21.2607	35.1826	30.0005	35.1249	35.1208	5.62071	49.6241	0	21.2613	50	16.6672	100.548	100.934	
6	1595616124.1	648.0999999046326	20200724 13:42:04	13:42:04		1595616116.0999994	0.008008116856693103	30.83227061474135	386.45447218481735	277.54139882870123	27.723310038158374	38.60251909526877	0.5282068648529322	3.395517931636618	0.4864395266707503	0.307501641873185	353.33381875225535	27.147506437800455	26.998764516129025	3.5788999863445037	54.85220468613407	1.9802159555211933	3.6100936450085226	1.5986840308233103	-353.15795338016585	27.063230412691365	1.721330360819155	28.960426145600007	-0.041378287775119295	0.0464507529646721	3.468129576807751	151.0	30.0	1	0	52716.0	0	0	0	0	0	-1	MPF-5359-20200724-13_42_05	276.4138461538462	363.515	0.23960814229441374	0.5	1849.1617545476952	30.83227061474135	221.53710640452596	0.4871738442705253	0.017214432721450873	-1.0	DARK-5360-20200724-13_42_13	186.42	177.095	0.4918329362554211	1.9499785430747774	0.23960814229441374	0	5359	300	300	300	9869.04	337.539	-0.00640049	0.651642	2199.971612903226	1849.1617545476952	0.8405389159123835	0.19107783182476687	0.5	0: Broadleaf	1595616116.0999994	386.45448387096786	400.0239354838709	19.8241806451613	16.684751612903227	500.0503225806453	99.68893548387095	0.19998254838709675	27.14660322580645	26.998764516129025	999.9000000000003	10009.71193548387	0.0	336.397870967742	2199.971612903226	0.9819967419354839	0.01800332258064516	0.0	276.3777096774194	5.00054	8544.273870967741	20590.251612903223	49.94519354838708	52.322161290322555	50.42899999999998	51.159129032258065	51.19929032258064	2155.4516129032263	39.519999999999996	0.0	138.70000004768372	276.4138461538462	0.020102559624244457	-6.259487081617678	8544.29653846154	15	1595616152.6	13:42:32	76	-0.38	0.108	400.0	17.0	0.14	0.03	386.41029411764697	0.11213755656120566	0.021532733055718883	1	19.807823529411767	0.1959866063348352	0.024392087983005788	1	2	2	2/2	1.86676	1.86325	1.8689	1.86682	1.8715	1.86401	1.86551	1.86541	5	0	0	0	11111111	oooooooo	off	off	off	off	0.0	100.0	100.0	-0.38	0.108	2	331.136	470.207	21.9726	35.3152	30.0002	35.2798	35.2771	22.0989	49.7501	0	21.9736	400	16.741	100.52	100.905	
7	1595616244.1	768.0999999046326	20200724 13:44:04	13:44:04		1595616236.0999994	0.007773491962321443	31.77316402616285	386.08966538723547	269.7430109686817	26.94377294900456	38.56527086575235	0.505241829892609	3.394231612374766	0.4668728159824131	0.29499962174958544	353.336297512312	27.076059937826884	27.092467741935486	3.598643742106725	55.30397372531428	1.9819743602951418	3.58378291248886	1.6166693818115832	-342.8109955383756	-12.898420776488457	-0.820575492973812	-3.1936942955258942	-0.04135836103514886	0.046428383453376985	3.4668082896086077	151.0	30.0	1	0	52787.0	0	0	0	0	0	-1	MPF-5361-20200724-13_44_05	275.72076923076924	369.177	0.25314748960317346	0.5	1849.1771997090545	31.77316402616285	234.05728296888665	0.48610016333628586	0.017723106271978317	-1.0	DARK-5362-20200724-13_44_13	189.72	179.45700000000002	0.5207722784245294	1.9459044908285896	0.2531474896031735	0	5361	300	300	300	9867.81	340.94	-0.00639948	0.608826	2199.990322580645	1849.1771997090545	0.8405387881615416	0.19107757632308311	0.5	0: Broadleaf	1595616236.0999994	386.0896774193548	399.9980967741936	19.842200000000002	16.794796774193546	500.0486129032258	99.68687741935483	0.19994764516129032	27.021980645161293	27.092467741935486	999.9000000000003	10005.09806451613	0.0	343.1781612903226	2199.990322580645	0.9819989032258065	0.018001451612903223	0.0	275.7191290322581	5.00054	8536.943225806452	20590.429032258067	50.20545161290322	52.66499999999999	50.71951612903224	51.451322580645154	51.489838709677414	2155.4793548387097	39.51096774193548	0.0	119.10000014305115	275.72076923076924	0.24847862453599748	-14.08102565489936	8536.971923076922	15	1595616269.1	13:44:29	77	-0.375	0.108	400.0	17.0	0.1	0.03	386.0741176470588	0.12311674208143437	0.02123597304873362	1	19.85177058823529	-0.12154208144797392	0.015396883999981379	1	2	2	2/2	1.86661	1.86311	1.86883	1.86676	1.87147	1.86386	1.8654	1.86536	5	0	0	0	11111111	oooooooo	off	off	off	off	0.0	100.0	100.0	-0.375	0.108	2	331.093	470.212	20.6284	35.414	30.0007	35.386	35.3857	22.093	49.5357	0	20.5141	400	16.7725	100.503	100.885	
8	1595616390.6	914.5999999046326	20200724 13:46:30	13:46:30		1595616382.5999994	0.0071168852443784765	36.84069952922821	483.90614733911883	333.3424648977362	33.2977243817622	48.33759636859221	0.44885643975853784	3.3926958065133315	0.41828317236053036	0.26400013057207083	353.3401044357174	26.663751145197466	26.969216129032255	3.572693630049875	55.36885837178698	1.9198326475419178	3.4673509694759437	1.6528609825079572	-313.8546392770908	-93.0076277764666	-5.899435567936674	-59.42159818577669	-0.041334573892674156	0.046401680302081	3.465230741479866	152.0	30.0	1	0	52819.0	0	0	0	0	0	-1	MPF-5363-20200724-13_46_32	283.40923076923076	387.978	0.26952241939174193	0.5	1849.1974932574512	36.84069952922821	249.20009115794633	0.5103330601219657	0.020463308904107358	-1.0	DARK-5364-20200724-13_46_39	189.98	197.99800000000002	0.5281304317759232	2.0422044425729027	0.26952241939174193	0	5363	300	300	300	9866.87	355.094	-0.00639872	-0.393707	2200.014516129032	1849.1974932574512	0.8405387690401016	0.19107753808020345	0.5	0: Broadleaf	1595616382.5999994	483.9061612903226	500.0179032258065	19.21938387096774	16.427706451612902	500.0651612903226	99.69043225806452	0.20000441935483873	26.460719354838705	26.969216129032255	999.9000000000003	9998.987096774195	0.0	342.2369999999999	2200.014516129032	0.9820006451612903	0.01799962258064516	0.0	283.4269354838709	5.00054	8720.78870967742	20590.674193548384	50.54806451612901	53.153	51.11680645161291	51.894999999999996	51.749935483870956	2155.5045161290323	39.51	0.0	146.0	283.40923076923076	-1.6812307663813637	33.0523079069389	8721.411538461538	15	1595616414.6	13:46:54	78	-0.39	0.102	500.0	16.0	0.16	0.03	483.8880196078431	0.36197647058816146	0.04689307411384034	0	19.243411764705883	-0.1942284162895974	0.023962426855545806	1	1	2	1/2	1.86661	1.86314	1.86883	1.86676	1.87145	1.86387	1.86539	1.86537	5	0	0	0	11111111	oooooooo	off	off	off	off	0.0	100.0	100.0	-0.39	0.102	2	329.947	468.486	20.3859	35.7136	30.0007	35.5953	35.5874	26.3964	51.2587	0	20.5889	500	16.3517	100.463	100.838	
9	1595616536.1	1060.0999999046326	20200724 13:48:56	13:48:56		1595616528.0999994	0.006207653337258362	39.54744687672387	582.7038237109865	394.61494763386224	39.416057958167706	58.20328861224132	0.3815134138544284	3.3930969171967953	0.3591835748875476	0.2263869923148245	353.3388688273069	26.815273402738075	27.03065806451613	3.5856094808473316	55.1702416788381	1.906793559317082	3.4561993953499015	1.6788159215302496	-273.7575121730938	-114.24896787508158	-7.246158550366358	-41.913769771234854	-0.04134078597795043	0.046408653912012175	3.465642753284573	152.0	30.0	1	0	52729.0	0	0	0	0	0	-1	MPF-5365-20200724-13_48_57	284.8098461538462	385.921	0.261999616103176	0.5	1849.1909900316443	39.54744687672387	242.2436647448714	0.5110916482907123	0.021927127644089373	-1.0	DARK-5366-20200724-13_49_05	188.68	197.24099999999999	0.5126274651119889	2.0453731185075257	0.261999616103176	0	5365	300	300	300	9866.46	358.802	-0.00639844	0.916718	2200.0067741935486	1849.1909900316443	0.8405387709360568	0.1910775418721137	0.5	0: Broadleaf	1595616528.0999994	582.7038387096774	599.9676129032258	19.08991612903226	16.654551612903226	500.0606451612902	99.68485806451612	0.19999980645161292	26.40610322580645	27.03065806451613	999.9000000000003	10001.049032258064	0.0	340.6128064516129	2200.0067741935486	0.9820009032258065	0.017999351612903225	0.0	284.8333548387097	5.00054	8759.582258064514	20590.60322580646	50.7498064516129	53.43306451612901	51.36274193548387	52.126935483870966	51.937193548387086	2155.496774193549	39.51	0.0	144.70000004768372	284.8098461538462	-2.5407179444539234	-92.10324794235422	8758.98	15	1595616560.1	13:49:20	79	-0.336	0.106	600.0	17.0	0.12	0.04	582.6188431372549	0.3243475113123585	0.04352027814440222	0	19.09473137254902	-0.09537556561085486	0.011723271480032217	1	1	2	1/2	1.86661	1.86319	1.86883	1.86675	1.87148	1.86386	1.86539	1.86538	5	0	0	0	11111111	oooooooo	off	off	off	off	0.0	100.0	100.0	-0.336	0.106	2	329.859	467.998	20.3174	35.9255	30.0005	35.7944	35.7808	30.5705	50.5766	0	20.2419	600	16.6029	100.429	100.805	
10	1595616681.6	1205.5999999046326	20200724 13:51:21	13:51:21		1595616673.5999994	0.005497816419216621	41.27316488671109	682.0036617887963	455.13629573657835	45.46175216966993	68.12262994950115	0.3274503831302954	3.393397580743343	0.3108543046065916	0.19570491350971525	353.3373516043282	26.929064303332897	27.12453870967742	3.6054230654987394	54.76107446575512	1.8873972173197533	3.446603697485955	1.718025848178986	-242.45370408745296	-140.05431542009467	-8.884140740835106	-38.05480864405453	-0.04134544263466188	0.04641388141711632	3.465951588447758	152.0	30.0	1	0	52800.0	0	0	0	0	0	-1	MPF-5367-20200724-13_51_23	282.56680769230763	383.892	0.2639419219668354	0.5	1849.1853102553434	41.27316488671109	244.0387624308171	0.5162181030081378	0.022860426509052158	-1.0	DARK-5368-20200724-13_51_31	185.72	198.172	0.5112992365606259	2.067047167779453	0.26394192196683536	0	5367	300	300	300	9865.58	355.826	-0.00639772	0.481903	2200.0003225806454	1849.1853102553434	0.8405386541426554	0.19107730828531072	0.5	0: Broadleaf	1595616673.5999994	682.003677419355	700.0110967741936	18.89550967741935	16.738135483870966	500.04606451612904	99.68603548387098	0.19998238709677418	26.358983870967744	27.12453870967742	999.9000000000003	10002.05741935484	0.0	338.0735161290322	2200.0003225806454	0.9820025161290326	0.017997658064516128	0.0	282.58535483870963	5.00054	8725.100967741937	20590.545161290323	50.95948387096773	53.652999999999984	51.55825806451613	52.30232258064515	52.1086129032258	2155.4974193548387	39.501290322580644	0.0	144.90000009536743	282.56680769230763	-2.946427346179698	-71.2427349224731	8724.372692307692	15	1595616709.6	13:51:49	80	-0.357	0.109	700.0	17.0	0.31	0.04	681.9879999999999	0.44613936651591957	0.05861171668987218	0	18.899629411764707	-0.07816398190045112	0.00962503463946192	1	1	2	1/2	1.86661	1.86313	1.86885	1.86675	1.87149	1.86386	1.86539	1.86537	5	0	0	0	11111111	oooooooo	off	off	off	off	0.0	100.0	100.0	-0.357	0.109	2	329.549	467.629	20.2928	36.1099	30.0008	35.9786	35.9636	34.6133	50.4548	0	19.0136	700	16.8211	100.396	100.766	
11	1595616831.1	1355.0999999046326	20200724 13:53:51	13:53:51		1595616823.0999994	0.004796896661463525	41.663748414379846	781.8098551950566	521.1658949596721	52.05613167994603	78.0902917176931	0.28593529988279304	3.39149356327853	0.2731858606133312	0.17183927218905878	353.33816395490794	26.84877642325826	26.996735483870967	3.5784735067723945	55.10228189617501	1.872457592122989	3.3981489108765346	1.7060159146494056	-211.54314277054144	-160.435184159724	-10.16397453991881	-28.804137515276295	-0.04131595648434955	0.04638078063026208	3.463995827955404	153.0	31.0	1	0	52856.0	0	0	0	0	0	-1	MPF-5369-20200724-13_53_52	280.1865769230769	378.051	0.25886566383086695	0.5	1849.187448443753	41.663748414379846	239.3455681945496	0.5104893255142824	0.02307161907803613	-1.0	DARK-5370-20200724-13_54_00	185.06	192.99099999999999	0.5070931964543584	2.042856370906733	0.2588656638308669	0	5369	300	300	300	9865.69	350.608	-0.00639772	0.623657	2200.002580645161	1849.187448443753	0.8405387633233914	0.19107752664678304	0.5	0: Broadleaf	1595616823.0999994	781.8098709677419	799.9729354838711	18.746322580645163	16.86379677419355	500.06990322580646	99.68399354838711	0.20000151612903228	26.119283870967738	26.996735483870967	999.9000000000003	9995.129032258064	0.0	335.98516129032254	2200.002580645161	0.9820021935483872	0.01799799677419355	0.0	280.24516129032247	5.00054	8683.84064516129	20590.56129032258	50.97761290322579	53.70325806451611	51.61274193548386	52.32229032258063	52.112741935483875	2155.4925806451615	39.509354838709676	0.0	148.90000009536743	280.1865769230769	-3.5121025559513237	-98.56273491726371	8682.967692307693	15	1595616861.6	13:54:21	81	-0.49	0.111	800.0	17.0	0.18	0.05	781.9127254901961	0.3480434389138593	0.04713355177780398	0	18.75057254901961	-0.06953375565611251	0.008605654284210992	1	1	2	1/2	1.86661	1.86318	1.86882	1.86676	1.87142	1.86386	1.86539	1.86537	5	0	0	0	11111111	oooooooo	off	off	off	off	0.0	100.0	100.0	-0.49	0.111	2	329.14	467.177	20.101	36.2716	30.0004	36.1471	36.1306	38.5695	50.3917	0	20.1147	800	16.8473	100.368	100.732	
12	1595616983.1	1507.0999999046326	20200724 13:56:23	13:56:23		1595616975.1032252	0.0042564896136551185	42.33565956878122	981.3760808032682	676.5636030369025	67.57672448998485	98.02209391078686	0.2491280031794618	3.394911263888293	0.23939896264442984	0.15046680971538692	353.33604476808904	27.054772486276587	27.12084838709678	3.604642419310647	54.97569121027699	1.8774810302355047	3.4151112771903342	1.7271613890751425	-187.71119196219072	-167.8931201823019	-10.636838051575202	-12.905105427978782	-0.04136888928636784	0.04644020233769576	3.467506416358373	153.0	31.0	1	0	52973.0	0	0	0	0	0	-1	MPF-5371-20200724-13_56_24	277.65700000000004	370.037	0.24965071060461508	0.5	1849.17852551558	42.33565956878122	230.82436646487946	0.5046981788307655	0.023435086970144514	-1.0	DARK-5372-20200724-13_56_32	183.28	186.75699999999998	0.49465348019083594	2.0189709733740724	0.24965071060461505	0	5371	300	300	300	9865.22	343.544	-0.00639742	0.197632	2199.992258064516	1849.17852551558	0.8405386513234502	0.19107730264690015	0.5	0: Broadleaf	1595616975.1032252	981.3760967741936	999.9796451612903	18.796935483870968	17.126487096774195	500.04306451612905	99.68233548387097	0.19995819354838712	26.203532258064516	27.12084838709678	999.9000000000003	10008.100967741935	0.0	326.1455806451613	2199.992258064516	0.9820027741935486	0.017997387096774193	0.0	277.648064516129	5.00054	8635.282903225805	20590.474193548383	51.05406451612901	53.79199999999997	51.70332258064515	52.386870967741935	52.229677419354836	2155.491290322581	39.50096774193548	0.0	151.40000009536743	277.65700000000004	-2.6738461481295768	-65.20068344865604	8635.224615384615	15	1595617005.1	13:56:45	82	-0.082	0.112	1000.0	17.0	0.37	0.05	980.9265490196078	0.5370263560330918	0.07166625090408422	0	18.797233333333335	-0.01356071523707165	0.001789584973977101	1	1	2	1/2	1.86661	1.86313	1.86878	1.86676	1.87144	1.86386	1.86539	1.86538	5	0	0	0	11111111	oooooooo	off	off	off	off	0.0	100.0	100.0	-0.082	0.112	2	328.647	467.367	20.1464	36.3781	30.0004	36.2791	36.2648	46.1774	50.0532	0	18.0176	1000	17.1145	100.346	100.71	
13	1595617126.7	1650.7000000476837	20200724 13:58:46	13:58:46		1595617118.651612	0.0038918430006859217	41.947832149386635	1181.3733389394943	850.1274310713162	84.91285669903124	117.99852748077028	0.22880554325982508	3.3939262729489794	0.2205685269815402	0.13857068747240375	353.33885825308073	26.963065348198374	27.009809677419348	3.5812223322223637	55.233501752085466	1.8669006638653478	3.3800150355211884	1.714321668357016	-171.63027633024916	-179.49685951590646	-11.359031439406715	-9.147309032481587	-0.04135363143551731	0.04642307406345489	3.466494650564139	153.0	31.0	1	0	52744.0	0	0	0	0	0	-1	MPF-5373-20200724-13_58_48	275.4668461538462	358.69	0.23201972133640136	0.5	1849.1934190639718	41.947832149386635	214.52467089416498	0.4980066352560707	0.023225170340010214	-1.0	DARK-5374-20200724-13_58_56	180.06	178.63	0.46589684737252324	1.9920582028212817	0.23201972133640142	0	5373	300	300	300	9865.14	334.858	-0.00639721	0.330017	2200.01	1849.1934190639718	0.8405386425807027	0.19107728516140537	0.5	0: Broadleaf	1595617118.651612	1181.37335483871	1199.9893548387097	18.690967741935477	17.163509677419352	500.05964516129035	99.68249999999999	0.20000419354838708	26.028809677419357	27.009809677419348	999.9000000000003	10004.393225806454	0.0	323.05506451612894	2200.01	0.9820030967741936	0.017997048387096773	0.0	275.47054838709676	5.00054	8600.973548387097	20590.645161290322	51.130967741935486	53.72764516129032	51.74993548387096	52.39487096774193	52.23164516129032	2155.5093548387094	39.50064516129032	0.0	143.0	275.4668461538462	-1.2293333394698374	-48.2051283466739	8600.380000000001	15	1595617149.6	13:59:09	83	-0.158	0.112	1200.0	17.0	0.16	0.07	1181.4211764705883	0.3501900118784124	0.04996654013076807	0	18.696382352941175	-0.06060320448331041	0.007487445855835108	1	1	2	1/2	1.86661	1.86315	1.86881	1.86675	1.8714	1.86387	1.86539	1.86537	5	0	0	0	11111111	oooooooo	off	off	off	off	0.0	100.0	100.0	-0.158	0.112	2	328.873	467.589	19.9688	36.4639	30.0002	36.3802	36.3677	53.4673	50.1019	0	18.6048	1200	17.1243	100.33	100.693	
14	1595617245.6	1769.5999999046326	20200724 14:00:45	14:00:45		1595617237.654838	0.0034909754772503507	42.39193568871141	1580.906854941999	1194.182577356988	119.27377377827446	157.89941182880543	0.20092279507713387	3.3927516807685745	0.19453875560513118	0.12214340553262545	353.34180533443066	27.116024426351462	27.10740322580645	3.6017994946626417	54.78372989997108	1.8584741951092023	3.3923834658621583	1.7433252995534394	-153.95201854674048	-185.9899974825081	-11.783409778333116	1.6163795268489594	-0.0413354392091179	0.04640265169559499	3.465288134213856	153.0	31.0	1	0	52903.0	0	0	0	0	0	-1	MPF-5375-20200724-14_00_47	274.9198076923077	352.372	0.21980234612197425	0.5	1849.2081405039996	42.39193568871141	203.23014387531626	0.49156005585006757	0.02346514420863678	-1.0	DARK-5376-20200724-14_00_54	179.16	173.21200000000002	0.4471525778103844	1.9668006251395402	0.21980234612197425	0	5375	300	300	300	9865.44	329.52	-0.00639745	1.20023	2200.027419354839	1849.2081405039996	0.8405386788525947	0.19107735770518927	0.5	0: Broadleaf	1595617237.654838	1580.9068709677415	1600.0690322580642	18.60725483870968	17.237003225806454	500.0567741935485	99.67902903225806	0.19998112903225806	26.09056451612903	27.10740322580645	999.9000000000003	10000.340322580645	0.0	318.2626451612904	2200.027419354839	0.9820025161290324	0.017997658064516128	0.0	274.9548387096774	5.00054	8577.662258064514	20590.806451612912	51.04406451612901	53.670999999999985	51.673129032258046	52.261870967741935	52.177258064516124	2155.52	39.50354838709677	0.0	118.40000009536743	274.9198076923077	-2.228478621272265	-81.50769210552157	8576.77923076923	15	1595617268.1	14:01:08	84	-0.365	0.116	1600.0	17.0	0.25	0.05	1581.0819607843137	0.29942706703182376	0.06627392968769785	1	18.59179411764706	0.12030560406354229	0.015690579311275044	1	2	2	2/2	1.86661	1.86321	1.86884	1.86676	1.87145	1.86386	1.86539	1.86537	5	0	0	0	11111111	oooooooo	off	off	off	off	0.0	100.0	100.0	-0.365	0.116	2	329.37	468.751	20.0247	36.4607	29.9999	36.4107	36.4013	67.2408	49.7355	0	18.909	1600	17.2544	100.33	100.698	
