[Header]
File opened	2020-08-23 12:04:00
Console s/n	68C-571038
Console ver	Bluestem v.1.3.4
Scripts ver	2018.05  1.3.4, Mar 2018
Head s/n	68H-581038
Head ver	1.4.0
Head cal	{"chamberpressurezero": "2.59209", "co2aspan1": "0.992625", "co2aspan2a": "0.164928", "co2aspanconc2": "0", "co2bzero": "0.880288", "h2oaspan1": "1.00223", "flowazero": "0.42932", "tazero": "0.00774765", "h2obzero": "1.01783", "ssa_ref": "36614.9", "h2obspanconc1": "20", "co2bspanconc1": "1002", "h2oaspanconc2": "0", "co2aspan2": "0", "oxygen": "21", "h2obspan2b": "0.0963575", "co2bspanconc2": "0", "co2bspan2": "0", "co2aspan2b": "0.163711", "h2oaspanconc1": "12.19", "co2azero": "0.869071", "h2oaspan2": "0", "h2obspanconc2": "0", "h2oaspan2a": "0.0661155", "co2aspanconc1": "1002", "co2bspan2b": "0.162103", "h2oaspan2b": "0.0662632", "h2obspan1": "0.998578", "co2bspan2a": "0.163389", "tbzero": "0.197721", "h2obspan2": "0", "ssb_ref": "36526.8", "flowbzero": "0.22736", "flowmeterzero": "0.990908", "co2bspan1": "0.992131", "h2obspan2a": "0.0975941", "h2oazero": "1.00263"}
Chamber type	6800-01A
Chamber s/n	MPF-551037
Chamber rev	0
Chamber cal	0
Fluorometer	MPF-551037
Flr. Version	1.4.0
12:04:00	Stability Definition:	CO2_s (Meas): Slp<0.3	H2O_s (Meas): Slp<0.2
SysConst:AvgTime	4
SysConst:Oxygen	21
SysConst:Chamber	6800-01A 2 cm²
Const:S	2.0
Const:CustomBLC	2.0
LTConst:deltaTw	0
LTConst:fT1	1
LTConst:fT2	0
LTConst:fTeb	0
LQConst:Leaf	standard
LQConst:Ambient	Sun+Sky
LQConst:abs_ambient	0.49
LQConst:abs_redLED	0.84
LQConst:abs_greenLED	0.7
LQConst:abs_blueLED	0.87
LQConst:abs_whiteLED	0.75
LQConst:abs_redFlr	0.84
LQConst:abs_blueFlr	0.87
LQConst:k_ambient	0.39
LQConst:k_redLED	0.18
LQConst:k_greenLED	0.23
LQConst:k_blueLED	0.26
LQConst:k_whiteLED	0.21
LQConst:k_redFlr	0.19
LQConst:k_blueFlr	0.25
QConst:fQ_Amb_in	0.0
QConst:fQ_Amb_out	0.0
QConst:fQ_HeadLS	0.0
QConst:fQ_ConsoleLS	0.0
QConst:fQ_Flr	1.0
LeakConst:fan_a	-6276.0
LeakConst:fan_b	6.6
LeakConst:fan_c	1.709e-05
LeakConst:fan_d	3.11
LeakConst:Fs_meas	2.94359 76.2785 384.689 618.449 845.034 1049.11 1224.88 1398.33
LeakConst:Fs_true	0.282282 99.9505 401.086 601.05 800.065 1000.06 1200.05 1401.49
LeakConst:leak_wt	0.0
[Data]
Sys	Sys	Sys	Sys	Sys	UserDefVar	GasEx	GasEx	GasEx	GasEx	GasEx	GasEx	GasEx	GasEx	GasEx	GasEx	GasEx	GasEx	GasEx	GasEx	GasEx	GasEx	GasEx	GasEx	GasEx	GasEx	GasEx	GasEx	GasEx	GasEx	GasEx	GasEx	Leak	Leak	Leak	Leak	Leak	FLR	FLR	FLR	FLR	FLR	FLR	FLR	FLR	FLR	FLR	FLR	FLR	FLR	FLR	FLR	FLR	FLR	FLR	FLR	FLR	FLR	FLR	FLR	FLR	MPF	MPF	MPF	MPF	MPF	MPF	MPF	MPF	LeafQ	LeafQ	LeafQ	LeafQ	Const	Const	Meas	Meas	Meas	Meas	Meas	Meas	Meas	Meas	Meas	Meas	Meas	Meas	Meas	Meas	FlrLS	FlrLS	FlrLS	FlrLS	FlrLS	FlrLS	FlrLS	FlrLS	FlrLS	FlrLS	FlrLS	FlrLS	FlrLS	FlrLS	FlrLS	FlrLS	FlrLS	FlrStats	FlrStats	FlrStats	FlrStats	FlrStats	Match	Match	Match	Match	Match	Match	Match	Match	Match	Stability	Stability	Stability	Stability	Stability	Stability	Stability	Stability	Stability	Stability	Stability	Auxiliary	Auxiliary	Auxiliary	Auxiliary	Auxiliary	Auxiliary	Auxiliary	Auxiliary	Auxiliary	Auxiliary	Auxiliary	Auxiliary	Auxiliary	Auxiliary	Auxiliary	Auxiliary	Auxiliary	Auxiliary	Auxiliary	Status	Status	Status	Status	Status	Status	Status	Status	Status	Status	Status	Status	Status	Status	Status	Status	Status	Status	Status	Status	
obs	time	elapsed	date	hhmmss	plant	TIME	E	A	Ca	Ci	Pci	Pca	gsw	gbw	gtw	gtc	Rabs	TleafEB	TleafCnd	SVPleaf	RHcham	VPcham	SVPcham	VPDleaf	LatHFlux	SenHFlux	NetTherm	EBSum	blfa_1	blfa_2	blfa_3	Leak	LeakPct	CorrFact	CorrFactPct	Fan	DarkAdaptedID	Fo	Fm	Fv	Fv/Fm	Adark	LightAdaptedID	Fs	Fm'	PhiPS2	PS2/1	Qabs_fs	Afs	ETR	Fv'/Fm'	PhiCO2	NPQ	DarkPulseID	Fo'	Fv'	qP	qN	qP_Fo	qN_Fo	ID	P1_dur	P2_dur	P3_dur	P1_Qmax	P1_Fmax	P2_dQdt	P3_ΔF	Qin	Qabs	alpha	convert	K	Geometry	TIME	CO2_s	CO2_r	H2O_s	H2O_r	Flow	Pa	ΔPcham	Tair	Tleaf	Tleaf2	Fan_speed	Qamb_in	Qamb_out	Q	f_red	f_blue	f_farred	F	Q_modavg	F_dc	Pc	Tled	TDigital	TPreamp	TPwrSpy	TDrive	Q_red	Q_blue	Q_farred	TSPF	F_avg	dF/dt	dF_dc/dt	F_dc_avg	period	time	hhmmss	count	co2_adj	h2o_adj	co2_at	h2o_at	co2_cv	h2o_cv	CO2_s:MN	CO2_s:SLP	CO2_s:SD	CO2_s:OK	H2O_s:MN	H2O_s:SLP	H2O_s:SD	H2O_s:OK	Stable	Total	State	ADC_CH1	ADC_CH2	ADC_CH3	ADC_CH4	ADC_CH5	ADC_CH6	ADC_CH7	ADC_CH8	DAC_1	DAC_2	DAC_3	DAC_4	GPIO	GPIO_dir	excit_5v	power_12v	power_5v	ch1_pullup	AuxPower	MatchValveR	MatchValveS	MatchCO2	MatchH2O	DIAG	Flow_s	Flow_r	Txchg	Tirga	Tchopper	Ts	Tr	CO2_%	Desiccant_%	Humidifier_%	Txchg_sp	CO2_r_sp	H2O_r_sp	SS_s	SS_r	
	s	s				s	mol m⁻² s⁻¹	µmol m⁻² s⁻¹	µmol mol⁻¹	µmol mol⁻¹	Pa	Pa	mol m⁻² s⁻¹	mol m⁻² s⁻¹	mol m⁻² s⁻¹	mol m⁻² s⁻¹	W m⁻²	°C	°C	kPa	%	kPa	kPa	kPa	W m⁻²	W m⁻²	W m⁻²	W m⁻²				µmol s⁻¹	%		%	µmol s⁻¹						µmol m⁻² s⁻¹						µmol m⁻² s⁻¹	µmol m⁻² s⁻¹	µmol m⁻² s⁻¹		µmol µmol⁻¹										ms	ms	ms	µmol m⁻² s⁻¹		mol m⁻² s⁻²		µmol m⁻² s⁻¹	µmol m⁻² s⁻¹		J/µmol			s	µmol mol⁻¹	µmol mol⁻¹	mmol mol⁻¹	mmol mol⁻¹	µmol s⁻¹	kPa	kPa	°C	°C	°C	rpm	µmol m⁻² s⁻¹	µmol m⁻² s⁻¹	µmol m⁻² s⁻¹					µmol m⁻² s⁻¹			°C	°C	°C	°C	°C	µmol m⁻² s⁻¹	µmol m⁻² s⁻¹	µmol m⁻² s⁻¹	s		min⁻¹	min⁻¹		s	secs			µmol/mol	mmol/mol	µmol/mol	mmol/mol	%	%	µmol mol⁻¹	µmol mol⁻¹ min⁻¹	µmol mol⁻¹		mmol mol⁻¹	mmol mol⁻¹ min⁻¹	mmol mol⁻¹					V	V	V	V	V	V	V	V	V	V	V	V							V	%	%	µmol/mol	mmol/mol		µmol s⁻¹	µmol s⁻¹	°C	°C	°C	°C	°C	%	%	%	°C	µmol mol⁻¹	mmol mol⁻¹	%	%	
1	1598202731.5	0	20200823 12:12:11	12:12:11		1598202723.5	0.010770441774281755	34.26286648040173	384.650922375946	296.3292376808278	29.450430831349188	38.228206815855415	0.7600781070345588	3.378690408522101	0.6763204950181199	0.42945393527083076	321.44040204194215	27.081635603848753	27.085403225806452	3.5971519052908887	54.672782226217606	2.0594948804516964	3.7669472753923485	1.5376570248391923	-474.9764822458254	143.55572031235175	9.213580196479377	-0.7667796950521506	-0.04111787675659844	0.04615841878312425	3.4508450779822457	151.0	30.0	1	0	52292.0	0	0	0	0	0	-1	MPF-6563-20200823-12_12_13	335.4983076923077	473.005	0.29070875002947594	0.5	1681.1973093541458	34.26286648040173	244.36938417763093	0.5663470787835223	0.02097485303134849	-1.0	DARK-6564-20200823-12_12_20	205.12	267.885	0.5133049342355573	2.3059916146645865	0.29070875002947594	0	6563	300	300	300	9859.65	435.279	-0.00655673	1.21466	2000.0000000000002	1681.1973093541458	0.8405986546770728	0.1911973093541458	0.5	0: Broadleaf	1598202723.5	384.65093548387097	400.0113225806452	20.722567741935478	16.504190322580644	500.0619677419355	99.18413548387097	0.2000193225806452	27.87351290322581	27.085403225806452	999.9000000000003	9997.340645161288	0.0	76.83541612903224	2000.0000000000002	0.9799941290322585	0.02000613225806452	0.0	335.5526451612903	5.00054	8690.892903225804	18703.596774193553	50.326290322580626	51.16499999999999	50.63100000000001	50.38296774193549	51.70732258064514	1955.0896774193548	39.91032258064517	0.0	545.7000000476837	335.4983076923077	-8.049025633665938	-210.20410264612548	8689.02576923077	15	1598202762.0	12:12:42	31	-0.228	0.104	400.0	17.0	0.29	0.03	385.28490909090914	-0.12843290043290526	0.02330842432744207	1	20.748149090909084	-0.0910450216450209	0.012540188090908939	1	2	2	2/2	1.86676	1.86325	1.86893	1.86686	1.87149	1.86401	1.86554	1.86547	5	0	0	0	11111111	oooooooo	off	off	off	off	0.0	100.0	100.0	-0.228	0.104	2	331.29	474.336	22.8605	34.3575	30.001	34.2864	34.2794	22.0341	53.5746	0	22.7815	400	16.5791	100.681	101.095	
2	1598202854.0	122.5	20200823 12:14:14	12:14:14		1598202846.0	0.009884162038310846	25.558460957201156	288.6335386484774	217.0448419686546	21.569761193779996	28.684194679284033	0.6872513467694534	3.382813294118272	0.618069697758222	0.391927298374107	321.43811864184596	26.825682813236558	26.983390322580643	3.575669610467274	55.38560377786608	2.0312301954482956	3.6674335150247876	1.5444394150189784	-435.8915458895083	78.80096339818984	5.037261892330647	-30.61520195714182	-0.04118162587205829	0.046229982749957176	3.4550798321065908	150.0	30.0	1	0	52419.0	0	0	0	0	0	-1	MPF-6565-20200823-12_14_15	311.0501538461539	425.334	0.26869200711404717	0.5	1681.1853770960818	25.558460957201156	225.86053665136623	0.5155336747121086	0.015797461314513508	-1.0	DARK-6566-20200823-12_14_23	206.06	219.274	0.5211919614447956	2.0641269533145685	0.2686920071140471	0	6565	300	300	300	9858.5	393.601	-0.00655587	1.16919	1999.9858064516134	1681.1853770960818	0.8405986540868762	0.19119730817375255	0.5	0: Broadleaf	1598202846.0	288.63354838709677	299.9968709677419	20.439170967741937	16.566732258064516	500.05377419354835	99.17927741935485	0.20000751612903223	27.415474193548388	26.983390322580643	999.9000000000003	10013.330967741937	0.0	73.32660322580647	1999.9858064516134	0.9799953548387098	0.020004538709677416	0.0	311.0751935483871	5.00054	8196.86870967742	18703.470967741934	50.59041935483869	51.34858064516128	50.85670967741934	50.61674193548386	51.887	1955.075806451613	39.91000000000001	0.0	121.60000014305115	311.0501538461539	-6.000683766401893	-98.12000002017804	8196.086538461539	15	1598202886.0	12:14:46	32	-0.323	0.107	300.0	17.0	0.23	0.03	288.72110909090907	0.05195670995659183	0.014503507697702187	1	20.448287272727274	-0.11063030303031553	0.015770225738229494	1	2	2	2/2	1.86676	1.86325	1.86893	1.86688	1.8715	1.86401	1.86556	1.86548	5	0	0	0	11111111	oooooooo	off	off	off	off	0.0	100.0	100.0	-0.323	0.107	2	331.895	473.783	22.5373	34.4496	29.9979	34.3856	34.3769	17.549	53.9537	0	22.5612	300	16.4678	100.668	101.084	
3	1598202977.5	246.0	20200823 12:16:17	12:16:17		1598202969.5	0.009494200971310549	16.02648861327109	192.8506390378176	145.0352906236365	14.413010549098393	19.16470317603821	0.6429869575346235	3.3794033349420984	0.5819521646968274	0.36871982864887437	321.44331532584664	26.87090547924632	27.019412903225803	3.58324256697858	54.878816334743654	2.007590052000222	3.658224039954778	1.575652514978358	-418.6942628347952	64.33612931228083	4.116620731016673	-28.79819746565107	-0.04112889771683013	0.04617079077647347	3.451577344256472	151.0	30.0	1	0	52340.0	0	0	0	0	0	-1	MPF-6567-20200823-12_16_19	301.79992307692305	394.722	0.23541144634217737	0.5	1681.2176125801077	16.02648861327109	197.88893489671278	0.46321715029818455	0.010127474567162734	-1.0	DARK-6568-20200823-12_16_27	211.88	182.84199999999998	0.5082096942883852	1.8629507268265055	0.23541144634217737	0	6567	300	300	300	9860.42	368.74	-0.00655701	1.29858	2000.0248387096774	1681.2176125801077	0.8405983666006622	0.19119673320132455	0.5	0: Broadleaf	1598202969.5	192.8506451612903	199.99277419354837	20.201983870967744	16.481467741935482	500.05961290322585	99.17591612903227	0.19997016129032258	27.37253870967742	27.019412903225803	999.9000000000003	10000.849032258066	0.0	61.85292258064516	2000.0248387096774	0.9800033548387094	0.019996425806451605	0.0	301.8375161290322	5.00054	8007.690967741936	18703.87741935484	50.251645161290305	51.007806451612886	50.49974193548386	50.09845161290321	51.53199999999999	1955.1332258064513	39.89161290322583	0.0	123.20000004768372	301.79992307692305	-2.6090256414053035	-87.9312819387648	8006.597307692307	15	1598203005.5	12:16:45	33	-0.317	0.106	200.0	16.0	0.19	0.03	192.84570909090905	-0.010580086580068343	0.010414452767488383	1	20.21373818181818	-0.09651774891775435	0.012840879195459927	1	2	2	2/2	1.86676	1.86326	1.86893	1.86688	1.87152	1.86401	1.86556	1.86551	5	0	0	0	11111111	oooooooo	off	off	off	off	0.0	100.0	100.0	-0.317	0.106	2	331.393	473.612	22.251	34.4652	30.0001	34.4359	34.4326	12.8864	54.2372	0	22.2475	200	16.5343	100.659	101.078	
4	1598203097.0	365.5	20200823 12:18:17	12:18:17		1598203089.0	0.009236967183240099	5.80477093177533	97.32770100846739	78.75684810315833	7.826100344751066	9.671493625779693	0.6196170966641342	3.377658099643225	0.5627020188020398	0.3563656750893344	321.4443403965845	26.805270005375604	27.00578387096774	3.5803757173977377	54.93020667872922	1.9949331193295714	3.6317597182864323	1.5854425980681663	-407.35025278088835	44.221793593480236	2.829098382051304	-38.85502040877231	-0.041101920383630954	0.0461405063566132	3.4497847684645224	150.0	30.0	1	0	52385.0	0	0	0	0	0	-1	MPF-6569-20200823-12_18_18	301.58023076923075	371.777	0.1888141795505619	0.5	1681.2203512897047	5.80477093177533	158.71912063623654	0.4210507912001011	0.004047518772036769	-1.0	DARK-6570-20200823-12_18_26	215.24	156.53699999999998	0.44843563649980034	1.7272672365731276	0.18881417955056187	0	6569	300	300	300	9863.37	355.815	-0.00655943	1.71307	2000.027741935484	1681.2203512897047	0.8405985157299567	0.1911970314599135	0.5	0: Broadleaf	1598203089.0	97.32770322580643	100.00890967741935	20.07572580645162	16.455529032258063	500.05725806451613	99.17040967741936	0.20000106451612903	27.248632258064514	27.00578387096774	999.9000000000003	9994.844193548388	0.0	58.9215806451613	2000.027741935484	0.9799984516129034	0.020001541935483872	0.0	301.582806451613	5.00054	7970.254838709679	18703.903225806447	49.39696774193548	50.40496774193547	49.68125806451612	49.36674193548386	50.74370967741934	1955.126129032258	39.90161290322582	0.0	119.0	301.58023076923075	-2.243965814352227	-50.493333450910505	7969.808076923076	15	1598203131.0	12:18:51	34	-0.258	0.109	100.0	16.0	0.27	0.03	97.26513818181819	0.022328138528134263	0.011497438306132292	1	20.077669090909094	-0.04287272727271873	0.005875306498071408	1	2	2	2/2	1.86676	1.86325	1.86893	1.86688	1.87151	1.86399	1.86556	1.86552	5	0	0	0	11111111	oooooooo	off	off	off	off	0.0	100.0	100.0	-0.258	0.109	2	331.94	473.318	22.2811	34.5046	30.0002	34.4917	34.4916	8.0404	54.4218	0	22.4202	100	16.5063	100.647	101.067	
5	1598203222.5	491.0	20200823 12:20:22	12:20:22		1598203214.5032258	0.009319577382530779	0.7160176604949211	49.54076424349008	46.31886264852141	4.60227918509262	4.922409900724826	0.6280743061862628	3.381812556918076	0.5697378646779564	0.3608748534253543	321.43914831464286	26.779356448559856	26.991319354838712	3.5773353151191816	55.02880755646142	1.997621933189723	3.6301385072538506	1.5797133819294586	-410.9933625696073	45.52478542863913	2.9085587109601376	-41.12087011536516	-0.041166149013938884	0.046212608620870906	3.45405193573209	151.0	30.0	1	0	52465.0	0	0	0	0	0	-1	MPF-6571-20200823-12_20_24	301.937	361.875	0.16563177892918823	0.5	1681.1907964509212	0.7160176604949211	139.22931116777244	0.39548186528497414	0.0010207155928509252	-1.0	DARK-6572-20200823-12_20_31	218.76	143.115	0.4188100478636061	1.65421009325288	0.16563177892918823	0	6571	300	300	300	9865.51	348.537	-0.00656123	1.37021	1999.9922580645161	1681.1907964509212	0.840598652155727	0.1911973043114542	0.5	0: Broadleaf	1598203214.5032258	49.54076451612904	50.0118	20.104729032258067	16.452241935483872	500.05432258064513	99.16082258064519	0.19997606451612904	27.241016129032253	26.991319354838712	999.9000000000003	10011.43064516129	0.0	57.247838709677424	1999.9922580645161	0.9799951290322578	0.02000513870967742	0.0	301.9504838709677	5.00054	7908.123870967744	18703.522580645156	48.800129032258056	49.953258064516106	49.09851612903224	49.00177419354838	50.20945161290321	1955.0822580645158	39.91000000000001	0.0	125.0	301.937	-0.24505983989155755	-47.03042736416904	7907.511538461539	15	1598203253.5	12:20:53	35	-0.254	0.109	50.0	16.0	0.38	0.02	49.53726545454546	0.0022261204451799552	0.007268793026776885	1	20.10208727272727	0.024365512970354605	0.0033956686071017427	1	2	2	2/2	1.86676	1.86327	1.86898	1.8669	1.87155	1.86401	1.86557	1.86552	5	0	0	0	11111111	oooooooo	off	off	off	off	0.0	100.0	100.0	-0.254	0.109	2	331.015	472.732	22.5396	34.5718	29.9988	34.5636	34.563	5.59548	54.7732	0	22.5762	50	16.4074	100.635	101.055	
6	1598203345.0	613.5	20200823 12:22:25	12:22:25		1598203337.0032258	0.009338661541213747	33.524524263331394	385.18043881554956	283.8462675147803	28.202061474472444	38.27030212287274	0.6296132325116629	3.3784573843540895	0.5709524221529882	0.3616591597791965	321.4406603229767	26.93531001193406	27.02862258064516	3.585180945219843	54.73625348872068	2.005796178219931	3.664474731784957	1.5793847669999121	-411.83497396752625	67.95033262558746	4.349930910759443	-18.094050108202623	-0.04111427471706294	0.04615437517818966	3.450605732865962	152.0	30.0	1	0	52397.0	0	0	0	0	0	-1	MPF-6573-20200823-12_22_26	294.1568846153846	406.02	0.2755113427531042	0.5	1681.2001254832228	33.524524263331394	231.59485200428497	0.527215408107975	0.020535642211784933	-1.0	DARK-6574-20200823-12_22_34	191.96	214.05999999999997	0.5225783209596159	2.1151281516982703	0.2755113427531042	0	6573	300	300	300	9866.98	375.636	-0.00656261	1.20264	2000.0035483870965	1681.2001254832228	0.8405985713570494	0.1911971427140989	0.5	0: Broadleaf	1598203337.0032258	385.1804516129032	400.02748387096767	20.187806451612904	16.528148387096774	500.0540645161291	99.15682903225806	0.1999873225806452	27.40169032258064	27.02862258064516	999.9000000000003	9999.217741935483	0.0	59.0837806451613	2000.0035483870965	0.9799974516129031	0.020002632258064517	0.0	294.140064516129	5.00054	7796.312903225808	18703.64838709677	48.39693548387096	49.625	48.67899999999999	48.713483870967735	49.82019354838708	1955.0987096774197	39.904838709677435	0.0	121.89999985694885	294.1568846153846	-0.17637606465529826	-8.460854854390178	7796.507692307691	15	1598203373.0	12:22:53	36	-0.199	0.106	400.0	17.0	0.12	0.03	385.0968727272727	0.19164103687698725	0.041720740229401074	1	20.1746	0.14747990701235325	0.020134077850974496	1	2	2	2/2	1.86676	1.86325	1.86892	1.86685	1.87152	1.86401	1.86555	1.8655	5	0	0	0	11111111	oooooooo	off	off	off	off	0.0	100.0	100.0	-0.199	0.106	2	330.821	473.265	22.8175	34.6419	30.0009	34.6362	34.637	22.0245	54.5893	0	22.8025	400	16.5617	100.618	101.039	
7	1598203464.5	733.0	20200823 12:24:24	12:24:24		1598203456.5354838	0.008912912648329732	33.64092752498278	385.16553555801704	278.93288993094563	27.714241962050064	38.269315786102325	0.597311955999638	3.3789940392839264	0.544252073707153	0.3445311272921366	321.44358511167025	26.896104295247202	27.038183870967746	3.5871942964323598	55.17623206481082	2.005859270708769	3.6353683382233437	1.581335025723591	-393.0594477913412	41.42331455998015	2.649670623211051	-27.542877496479782	-0.04112257038516444	0.04616368779237403	3.451156945239836	151.0	30.0	1	0	52439.0	0	0	0	0	0	-1	MPF-6575-20200823-12_24_26	291.8145384615384	412.679	0.2928776640887023	0.5	1681.219460967218	33.64092752498278	246.19581427427303	0.5280593390989122	0.020604643432484176	-1.0	DARK-6576-20200823-12_24_33	194.76	217.91899999999998	0.5546302136961971	2.1189104538919694	0.2928776640887023	0	6575	300	300	300	9867.95	376.339	-0.00656346	0.556305	2000.0270967741938	1681.219460967218	0.8405983417318823	0.19119668346376467	0.5	0: Broadleaf	1598203456.5354838	385.1655483870968	399.9935483870967	20.18818064516129	16.69535483870968	500.0522580645161	99.15810645161294	0.1999935161290323	27.26557419354838	27.038183870967746	999.9000000000003	10001.1064516129	0.0	55.66903870967742	2000.0270967741938	0.9800059999999999	0.019994100000000004	0.0	291.78867741935477	5.00054	7698.35258064516	18703.91612903225	48.15693548387095	49.37893548387096	48.41699999999999	48.58232258064515	49.62493548387096	1955.137096774194	39.89000000000002	0.0	118.79999995231628	291.8145384615384	-0.42454700561107367	30.123076887143114	7698.199230769231	15	1598203492.5	12:24:52	37	-0.227	0.109	400.0	17.0	0.19	0.03	385.1797636363636	0.1360868266243826	0.021737243813214895	1	20.195152727272728	-0.10236320371391289	0.013597471082326631	1	2	2	2/2	1.86676	1.86325	1.8689	1.86678	1.87149	1.86399	1.86554	1.86545	5	0	0	0	11111111	oooooooo	off	off	off	off	0.0	100.0	100.0	-0.227	0.109	2	331.197	472.669	21.7622	34.7267	30.0003	34.7122	34.7124	22.0171	54.5054	0	21.7547	400	16.7125	100.603	101.02	
8	1598203585.5	854.0	20200823 12:26:25	12:26:25		1598203577.532258	0.008628158714848988	39.939544208128076	482.3726299063012	349.54729914210554	34.729556900069895	47.926525933638004	0.5658663807764882	3.378466258365299	0.5179998428256656	0.32771243670638295	321.4383852640216	26.891715300193226	27.01832903225806	3.583014502782733	54.53021178249683	1.9743599812720842	3.620671764758883	1.608654521510649	-380.50179932484036	32.44909968284133	2.0750303477909773	-24.539284030186487	-0.04111441188766143	0.04615452916420327	3.450614847587538	151.0	30.0	1	0	52366.0	0	0	0	0	0	-1	MPF-6577-20200823-12_26_27	299.96257692307694	435.31	0.3109219247821623	0.5	1681.1920932252772	39.939544208128076	261.35974077707783	0.5593944545266591	0.024351496996150957	-1.0	DARK-6578-20200823-12_26_34	191.8	243.51	0.5558187469792742	2.269603753910323	0.3109219247821623	0	6577	300	300	300	9869.22	396.127	-0.0065644	0.959229	1999.9945161290323	1681.1920932252772	0.8405983514790862	0.1911967029581725	0.5	0: Broadleaf	1598203577.532258	482.3726451612903	500.01138709677423	19.871609677419357	16.48928709677419	500.0530322580645	99.15584193548388	0.19997338709677417	27.196483870967743	27.01832903225806	999.9000000000003	9999.350645161288	0.0	53.21506129032257	1999.9945161290323	0.980003	0.019996600000000003	0.0	299.9876774193548	5.00054	7725.0161290322585	18703.593548387096	47.86070967741935	49.10264516129032	48.13883870967741	48.318258064516115	49.35264516129032	1955.1045161290322	39.89000000000002	0.0	120.59999990463257	299.96257692307694	-1.4578119705813875	-117.34188051851473	7723.868846153846	15	1598203616.5	12:26:56	38	-0.208	0.109	500.0	17.0	0.11	0.03	482.31994545454546	0.2991676449056039	0.046480658022964576	1	19.88124909090909	-0.06597449212428022	0.014778422510566781	1	2	2	2/2	1.86676	1.86325	1.86893	1.86687	1.87152	1.864	1.86554	1.86544	5	0	0	0	11111111	oooooooo	off	off	off	off	0.0	100.0	100.0	-0.208	0.109	2	330.968	472.454	22.3154	34.7674	29.999	34.7624	34.7601	26.3056	54.746	0	22.3595	500	16.626	100.594	101.014	
9	1598203722.6	991.0999999046326	20200823 12:28:42	12:28:42		1598203714.5741935	0.00815174142615351	43.94371355392571	580.5006929549803	425.9042332022534	42.31562415238667	57.675522402281196	0.5344370296143851	3.380159806027072	0.491543853029837	0.31078130763663014	321.44028555662084	26.855390008255203	26.984893548387102	3.5759853511096664	54.994269125813425	1.9743129351479902	3.590033955413146	1.6016724159616762	-359.49179689336984	12.16716409588127	0.7769739976923212	-25.10737324317541	-0.041140592962304476	0.046183919714078196	3.4523543384481337	151.0	30.0	1	0	52526.0	0	0	0	0	0	-1	MPF-6579-20200823-12_28_44	302.1854230769231	443.358	0.31841666762092236	0.5	1681.1994383864878	43.94371355392571	267.6609613885958	0.5694675634588753	0.026733124296698513	-1.0	DARK-6580-20200823-12_28_52	190.88	252.478	0.5591480323952064	2.322705364626991	0.3184166676209224	0	6579	300	300	300	9870.68	403.581	-0.00656571	1.23816	2000.0029032258064	1681.1994383864878	0.8405984989696164	0.1911969979392329	0.5	0: Broadleaf	1598203714.5741935	580.5007096774194	599.9689354838711	19.871341935483862	16.67578387096774	500.0538387096774	99.15480645161288	0.19998003225806452	27.05166129032258	26.984893548387102	999.9000000000003	10005.82258064516	0.0	49.598206451612896	2000.0029032258064	0.9800010000000003	0.0199992	0.0	302.2449032258064	5.00054	7667.691290322578	18703.680645161287	47.50580645161289	48.7256129032258	47.83435483870966	47.919290322580636	49.003903225806454	1955.102903225806	39.90000000000001	0.0	136.39999985694885	302.1854230769231	-3.7058119621502175	-59.31316235433941	7667.157307692308	15	1598203749.6	12:29:09	39	-0.151	0.112	600.0	17.0	0.16	0.03	580.4151272727272	0.28496249881378377	0.04368734143493939	1	19.87616363636364	-0.0715462398106937	0.009515257864682594	1	2	2	2/2	1.86676	1.86325	1.86893	1.86688	1.87153	1.86401	1.86555	1.86546	5	0	0	0	11111111	oooooooo	off	off	off	off	0.0	100.0	100.0	-0.151	0.112	2	331.348	473.278	22.6775	34.695	29.9995	34.7313	34.7348	30.4625	54.3231	0	22.6829	600	16.8316	100.612	101.042	
10	1598203863.1	1131.5999999046326	20200823 12:31:03	12:31:03		1598203855.0999994	0.007305880070080693	46.617453129354274	679.3832081024076	496.0652938541687	49.28524170440523	67.49830321950472	0.47381916905490945	3.381886977567026	0.4397884168909968	0.2777213358010305	321.440028138421	26.864562404579026	26.989658064516124	3.5769862607077387	55.54168167269311	1.9726151504185507	3.5515942099901894	1.604371110289188	-322.18931109055853	-22.103585465765516	-1.4095173434867447	-24.26238576138982	-0.0411672998925917	0.04621390058298119	3.4541283759714307	151.0	30.0	1	0	52597.0	0	0	0	0	0	-1	MPF-6581-20200823-12_31_04	300.8442692307692	444.838	0.3236992585373345	0.5	1681.198083547778	46.617453129354274	272.1012865494017	0.5698209235721768	0.02832352332264661	-1.0	DARK-6582-20200823-12_31_12	191.36	253.478	0.5680719067107631	2.324613294314381	0.3236992585373345	0	6581	300	300	300	9871.19	403.506	-0.0065661	1.04553	2000.0012903225806	1681.198083547778	0.8405984994522764	0.19119699890455294	0.5	0: Broadleaf	1598203855.0999994	679.3832258064514	700.0137419354838	19.85474516129032	16.99067419354839	500.0451290322581	99.15241935483871	0.19990848387096774	26.86842580645161	26.989658064516124	999.9000000000003	10012.559032258065	0.0	47.758596774193556	2000.0012903225806	0.9800001290322582	0.019999954838709675	0.0	300.8685806451613	5.00054	7607.813870967742	18703.629032258068	47.33035483870966	48.61687096774193	47.674999999999976	47.783999999999985	48.84654838709676	1955.1012903225806	39.90000000000001	0.0	140.20000004768372	300.8442692307692	-1.6482393123299233	-41.20068374397087	7607.276153846155	15	1598203889.6	12:31:29	40	-0.012	0.112	700.0	17.0	0.13	0.03	679.205509090909	0.2945108225108205	0.04869417464777938	1	19.864063636363635	-0.08561471861471964	0.011447943263253777	1	2	2	2/2	1.86677	1.86327	1.869	1.86691	1.87158	1.86401	1.86565	1.86554	5	0	0	0	11111111	oooooooo	off	off	off	off	0.0	100.0	100.0	-0.012	0.112	2	331.899	473.544	22.2569	34.6064	29.9942	34.6709	34.6817	34.4973	54.5279	0	22.411	700	16.7331	100.628	101.062	
11	1598204011.1	1279.5999999046326	20200823 12:33:31	12:33:31		1598204003.0999994	0.006870615251664694	47.95059258589916	778.7451429666802	574.7261720593624	57.10157017010659	77.37175125748163	0.4378364540135256	3.376689551032981	0.4085654864550244	0.2578200580163143	321.4361153817838	26.79613967683977	26.987106451612906	3.576450198143007	55.50978567780482	1.9521490934284376	3.5167656830081944	1.6243011047145692	-302.99413259841305	-52.101604959938854	-3.3247376699151525	-36.98435984648329	-0.04108695153528575	0.046123702513002574	3.4487899521481187	150.0	30.0	1	0	52375.0	0	0	0	0	0	-1	MPF-6583-20200823-12_33_32	298.6849615384615	439.145	0.3198488846771306	0.5	1681.1774899993873	47.95059258589916	268.86137256030094	0.574992314611347	0.029116849872833476	-1.0	DARK-6584-20200823-12_33_40	186.64	252.505	0.556266364870155	2.3528986283754825	0.3198488846771306	0	6583	300	300	300	9871.77	399.828	-0.00656657	1.15176	1999.976774193549	1681.1774899993873	0.8405985067888044	0.19119701357760918	0.5	0: Broadleaf	1598204003.0999994	778.7451612903225	800.0632903225805	19.648341935483874	16.95438387096774	500.0537419354839	99.15435806451612	0.2000352903225806	26.700903225806453	26.987106451612906	999.9000000000003	9992.821612903224	0.0	48.463548387096765	1999.976774193549	0.9799987741935482	0.020001129032258057	0.0	298.6855806451612	5.00054	7587.150322580645	18703.41612903226	47.20129032258063	48.533999999999985	47.55399999999997	47.69112903225804	48.685096774193525	1955.0767741935488	39.90000000000001	0.0	147.20000004768372	298.6849615384615	-2.532478626619913	-21.64170934674816	7586.996923076922	15	1598204044.1	12:34:04	41	-0.179	0.111	800.0	17.0	0.09	0.04	778.8780909090909	0.36370562770540416	0.05235725971275619	0	19.655461818181816	-0.09615497835497003	0.01805214155927323	1	1	2	1/2	1.86676	1.86325	1.86891	1.86683	1.87151	1.864	1.86556	1.86549	5	0	0	0	11111111	oooooooo	off	off	off	off	0.0	100.0	100.0	-0.179	0.111	2	332.564	473.357	22.2252	34.5749	30.0009	34.6362	34.6468	38.4278	54.8449	0	22.1825	800	16.817	100.634	101.072	
12	1598204165.7	1434.2000000476837	20200823 12:36:05	12:36:05		1598204157.6999993	0.006137004199603057	49.14549351515487	977.977432811862	739.2477097347238	73.44635210470345	97.16482572063629	0.3843670082144415	3.3756874227394866	0.3616031141184464	0.22793476140928037	321.43980696009567	26.748494413536342	26.963312903225805	3.571454840514343	55.63581790731309	1.9319737904648298	3.4725359725697142	1.6394810500495134	-270.6418852024948	-86.85504982710552	-5.537476264301628	-41.594604333806274	-0.04107146573610722	0.04610631834679415	3.447760648990327	150.0	30.0	1	0	52336.0	0	0	0	0	0	-1	MPF-6585-20200823-12_36_07	297.2959230769231	429.959	0.30854820325444265	0.5	1681.1967480639019	49.14549351515487	259.3651179661644	0.5649352612690978	0.029827260594516004	-1.0	DARK-6586-20200823-12_36_15	187.06	242.899	0.5461655952600748	2.298508499946541	0.30854820325444265	0	6585	300	300	300	9871.91	392.609	-0.00656669	1.05182	1999.9996774193553	1681.1967480639019	0.8405985096123555	0.19119701922471113	0.5	0: Broadleaf	1598204157.6999993	977.9774516129031	1000.0340645161291	19.445583870967738	17.038770967741936	500.05270967741933	99.15279354838707	0.20003654838709678	26.48606129032258	26.963312903225805	999.9000000000003	9989.212903225805	0.0	46.581854838709674	1999.9996774193553	0.9799985806451611	0.02000129677419354	0.0	297.31909677419355	5.00054	7564.290322580645	18703.62580645161	47.18516129032256	48.533999999999985	47.519999999999996	47.69729032258063	48.65099999999999	1955.0990322580647	39.900645161290335	0.0	153.79999995231628	297.2959230769231	-2.822632481412989	-23.188717941573227	7564.205769230768	15	1598204190.7	12:36:30	42	0.258	0.112	1000.0	17.0	0.09	0.04	977.4922181818183	0.4428051948052159	0.06908221476396062	0	19.428112727272723	0.1364926406926392	0.021164610724212555	1	1	2	1/2	1.86676	1.86325	1.86893	1.86686	1.87152	1.86401	1.86554	1.86548	5	0	0	0	11111111	oooooooo	off	off	off	off	0.0	100.0	100.0	0.258	0.112	2	332.453	473.589	21.997	34.5716	30.0011	34.6204	34.6286	46.0246	54.8994	0	21.9682	1000	16.8434	100.635	101.075	
13	1598204312.2	1580.7000000476837	20200823 12:38:32	12:38:32		1598204304.1999993	0.005066606833547192	49.123241506173805	1177.9569813947046	884.5184381796339	87.88024012661447	117.03446521344897	0.30917959490171826	3.3825527800356334	0.29429366646302985	0.18521124368368858	321.44653894933793	26.85050653231812	26.98022580645161	3.575005008524339	55.51299275486197	1.9117450219169214	3.4437794236007675	1.6632599866074176	-223.43736135943115	-115.82283638324884	-7.364770182756854	-25.1784289760989	-0.04117759670495493	0.04622545965690923	3.4548122475416347	150.0	30.0	1	0	52727.0	0	0	0	0	0	-1	MPF-6587-20200823-12_38_33	294.55188461538455	418.358	0.2959334239685041	0.5	1681.2317512897012	49.123241506173805	248.76633432186287	0.5524885385244217	0.02981340405195383	-1.0	DARK-6588-20200823-12_38_41	187.22	231.138	0.535637218391677	2.2345796389274653	0.29593342396850414	0	6587	300	300	300	9871.87	384.497	-0.00656668	1.10764	2000.0412903225804	1681.2317512897012	0.840598521352797	0.1911970427055942	0.5	0: Broadleaf	1598204304.1999993	1177.9569999999997	1199.9916129032258	19.241796774193553	17.254329032258067	500.0449677419354	99.15386129032258	0.19990719354838707	26.345093548387098	26.98022580645161	999.9000000000003	10014.917741935484	0.0	45.401751612903226	2000.0412903225804	0.9799987741935482	0.020001129032258057	0.0	294.5690322580645	5.00054	7514.864838709678	18704.019354838714	47.21348387096773	48.64293548387097	47.58441935483869	47.73774193548387	48.67112903225806	1955.1390322580644	39.90225806451614	0.0	145.89999985694885	294.55188461538455	-1.8790769251350201	-37.488888868805475	7514.3473076923065	15	1598204337.2	12:38:57	43	0.175	0.117	1200.0	17.0	0.11	0.05	1177.9723636363638	0.6289177489170906	0.08806946919878465	0	19.24844909090909	-0.11086493506492913	0.015871768793303917	1	1	2	1/2	1.86677	1.86325	1.86899	1.86689	1.87157	1.86401	1.86558	1.86554	5	0	0	0	11111111	oooooooo	off	off	off	off	0.0	100.0	100.0	0.175	0.117	2	332.368	473.761	21.2984	34.5979	29.9926	34.6362	34.6442	53.3075	53.8362	0	21.544	1200	16.9941	100.625	101.064	
14	1598204442.2	1710.7000000476837	20200823 12:40:42	12:40:42		1598204434.2032251	0.0046293995065123696	49.47643922090242	1577.305206941704	1243.752307313314	123.57076608189419	156.71031251212585	0.27918466908573364	3.377597445499603	0.2669686478480272	0.1679084199701651	321.43904994926163	26.810657735995765	26.98457096774193	3.575917593556096	55.6466088036493	1.9005551587874656	3.4154015844768377	1.6753624347686302	-204.15651823719548	-141.9597289023906	-9.033829798066135	-33.71102698839056	-0.041100982921891085	0.04613945397368405	3.4497224692397994	149.0	30.0	1	0	52473.0	0	0	0	0	0	-1	MPF-6589-20200823-12_40_44	294.7282307692308	411.533	0.2838284395923759	0.5	1681.1929351606802	49.47643922090242	238.58518372019114	0.5502183300002673	0.03002417995295592	-1.0	DARK-6590-20200823-12_40_51	185.1	226.43300000000002	0.5158469358740521	2.2233009184224746	0.2838284395923759	0	6589	300	300	300	9872.01	378.347	-0.00656665	0.683258	1999.9951612903228	1681.1929351606802	0.8405985012863916	0.19119700257278327	0.5	0: Broadleaf	1598204434.2032251	1577.3052258064517	1600.0141935483873	19.129280645161295	17.31313548387097	500.0528064516129	99.15319032258063	0.20000512903225812	26.204970967741936	26.98457096774193	999.9000000000003	9996.351935483872	0.0	37.31944516129031	1999.9951612903228	0.9799981935483868	0.02000163225806451	0.0	294.739064516129	5.00054	7517.805483870968	18703.554838709675	47.26180645161289	48.691064516129	47.62290322580644	47.80216129032257	48.69532258064514	1955.0951612903223	39.90000000000001	0.0	129.10000014305115	294.7282307692308	0.07651283648123942	-22.260512963760345	7518.1053846153845	15	1598204473.2	12:41:13	44	0.097	0.116	1601.0	17.0	0.14	0.05	1577.3489090909086	0.2740097704648364	0.0766022246834316	1	19.11198	0.18107415361150264	0.025371826895199942	1	2	2	2/2	1.86676	1.86326	1.86891	1.86684	1.87151	1.864	1.86555	1.86545	5	0	0	0	11111111	oooooooo	off	off	off	off	0.0	100.0	100.0	0.097	0.116	2	333.001	473.927	21.3428	34.6806	30	34.6898	34.6911	67.0392	54.2727	0	21.3074	1600	16.998	100.616	101.054	
15	1598204574.2	1842.7000000476837	20200823 12:42:54	12:42:54		1598204566.1999993	0.004373658096023892	49.21859730666034	1777.1880135458325	1416.80976023754	140.75966133661467	176.5631420242768	0.2585897710711584	3.378566379586731	0.24807596469279114	0.15595648156265174	321.43987368750106	26.856203294875627	26.996587096774196	3.5784423192282064	54.93749515371812	1.8749475767078707	3.4128741608288924	1.7034947425203357	-192.87832203465362	-146.47123805016346	-9.3182306971163	-27.227917094432314	-0.041115959529049534	0.046156266527242244	3.450717684648445	149.0	30.0	1	0	52604.0	0	0	0	0	0	-1	MPF-6591-20200823-12_42_55	293.44719230769226	405.793	0.2768549671687479	0.5	1681.1972706445517	49.21859730666034	232.723907584243	0.5439546763990507	0.029870734495903096	-1.0	DARK-6592-20200823-12_43_03	185.06	220.733	0.5089669768104803	2.1927645088079544	0.27685496716874797	0	6591	300	300	300	9872.25	374.435	-0.00656683	0.670715	2000.0003225806452	1681.1972706445517	0.8405984997418727	0.19119699948374572	0.5	0: Broadleaf	1598204566.1999993	1777.1880322580646	1799.9822580645164	18.872196774193544	17.155925806451613	500.0512903225807	99.14974193548387	0.19998396774193547	26.192441935483874	26.996587096774196	999.9000000000003	10000.342258064518	0.0	35.132235483870964	2000.0003225806452	0.9799979999999996	0.02000179999999999	0.0	293.4576451612903	5.00054	7472.394838709678	18703.64838709677	47.18306451612901	48.629	47.570129032258045	47.7256129032258	48.60054838709677	1955.1003225806446	39.90000000000001	0.0	131.5	293.44719230769226	-1.240649570508534	-48.11555572843543	7472.124615384616	15	1598204600.7	12:43:20	45	0.246	0.118	1800.0	17.0	0.11	0.05	1777.002	0.27296561157460586	0.05401683239336489	1	18.877959999999998	-0.06915723718887355	0.009221607038018517	1	2	2	2/2	1.86676	1.86325	1.86891	1.86682	1.87149	1.86399	1.86555	1.86544	5	0	0	0	11111111	oooooooo	off	off	off	off	0.0	100.0	100.0	0.246	0.118	2	333.416	474.088	21.3719	34.7098	30.0002	34.7213	34.7224	73.4866	54.1944	0	21.3719	1800	17.165	100.604	101.043	
