[Header]
File opened	2020-08-23 10:03:36
Console s/n	68C-571038
Console ver	Bluestem v.1.3.4
Scripts ver	2018.05  1.3.4, Mar 2018
Head s/n	68H-581038
Head ver	1.4.0
Head cal	{"oxygen": "21", "co2bzero": "0.880288", "h2oaspanconc2": "0", "h2obspan2b": "0.0963575", "h2oazero": "1.00263", "h2oaspan1": "1.00223", "co2bspanconc1": "1002", "h2obspanconc2": "0", "co2aspan2": "0", "co2bspan1": "0.992131", "h2obzero": "1.01783", "flowazero": "0.42932", "ssb_ref": "36526.8", "h2obspanconc1": "20", "co2bspan2a": "0.163389", "co2bspan2b": "0.162103", "co2bspan2": "0", "co2bspanconc2": "0", "co2aspanconc1": "1002", "ssa_ref": "36614.9", "h2obspan1": "0.998578", "h2oaspan2a": "0.0661155", "h2obspan2a": "0.0975941", "h2obspan2": "0", "h2oaspanconc1": "12.19", "chamberpressurezero": "2.59209", "co2aspan2a": "0.164928", "h2oaspan2b": "0.0662632", "co2aspan1": "0.992625", "tazero": "0.00774765", "flowmeterzero": "0.990908", "co2aspan2b": "0.163711", "co2azero": "0.869071", "flowbzero": "0.22736", "h2oaspan2": "0", "co2aspanconc2": "0", "tbzero": "0.197721"}
Chamber type	6800-01A
Chamber s/n	MPF-551037
Chamber rev	0
Chamber cal	0
Fluorometer	MPF-551037
Flr. Version	1.4.0
10:03:36	Stability Definition:	CO2_s (Meas): Slp<0.3	H2O_s (Meas): Slp<0.2
SysConst:AvgTime	4
SysConst:Oxygen	21
SysConst:Chamber	6800-01A 2 cm²
Const:S	2.0
Const:CustomBLC	2.0
LTConst:deltaTw	0
LTConst:fT1	1
LTConst:fT2	0
LTConst:fTeb	0
LQConst:Leaf	standard
LQConst:Ambient	Sun+Sky
LQConst:abs_ambient	0.49
LQConst:abs_redLED	0.84
LQConst:abs_greenLED	0.7
LQConst:abs_blueLED	0.87
LQConst:abs_whiteLED	0.75
LQConst:abs_redFlr	0.84
LQConst:abs_blueFlr	0.87
LQConst:k_ambient	0.39
LQConst:k_redLED	0.18
LQConst:k_greenLED	0.23
LQConst:k_blueLED	0.26
LQConst:k_whiteLED	0.21
LQConst:k_redFlr	0.19
LQConst:k_blueFlr	0.25
QConst:fQ_Amb_in	0.0
QConst:fQ_Amb_out	0.0
QConst:fQ_HeadLS	0.0
QConst:fQ_ConsoleLS	0.0
QConst:fQ_Flr	1.0
LeakConst:fan_a	-6276.0
LeakConst:fan_b	6.6
LeakConst:fan_c	1.709e-05
LeakConst:fan_d	3.11
LeakConst:Fs_meas	2.94359 76.2785 384.689 618.449 845.034 1049.11 1224.88 1398.33
LeakConst:Fs_true	0.282282 99.9505 401.086 601.05 800.065 1000.06 1200.05 1401.49
LeakConst:leak_wt	0.0
[Data]
Sys	Sys	Sys	Sys	Sys	UserDefVar	GasEx	GasEx	GasEx	GasEx	GasEx	GasEx	GasEx	GasEx	GasEx	GasEx	GasEx	GasEx	GasEx	GasEx	GasEx	GasEx	GasEx	GasEx	GasEx	GasEx	GasEx	GasEx	GasEx	GasEx	GasEx	GasEx	Leak	Leak	Leak	Leak	Leak	FLR	FLR	FLR	FLR	FLR	FLR	FLR	FLR	FLR	FLR	FLR	FLR	FLR	FLR	FLR	FLR	FLR	FLR	FLR	FLR	FLR	FLR	FLR	FLR	MPF	MPF	MPF	MPF	MPF	MPF	MPF	MPF	LeafQ	LeafQ	LeafQ	LeafQ	Const	Const	Meas	Meas	Meas	Meas	Meas	Meas	Meas	Meas	Meas	Meas	Meas	Meas	Meas	Meas	FlrLS	FlrLS	FlrLS	FlrLS	FlrLS	FlrLS	FlrLS	FlrLS	FlrLS	FlrLS	FlrLS	FlrLS	FlrLS	FlrLS	FlrLS	FlrLS	FlrLS	FlrStats	FlrStats	FlrStats	FlrStats	FlrStats	Match	Match	Match	Match	Match	Match	Match	Match	Match	Stability	Stability	Stability	Stability	Stability	Stability	Stability	Stability	Stability	Stability	Stability	Auxiliary	Auxiliary	Auxiliary	Auxiliary	Auxiliary	Auxiliary	Auxiliary	Auxiliary	Auxiliary	Auxiliary	Auxiliary	Auxiliary	Auxiliary	Auxiliary	Auxiliary	Auxiliary	Auxiliary	Auxiliary	Auxiliary	Status	Status	Status	Status	Status	Status	Status	Status	Status	Status	Status	Status	Status	Status	Status	Status	Status	Status	Status	Status	
obs	time	elapsed	date	hhmmss	plant	TIME	E	A	Ca	Ci	Pci	Pca	gsw	gbw	gtw	gtc	Rabs	TleafEB	TleafCnd	SVPleaf	RHcham	VPcham	SVPcham	VPDleaf	LatHFlux	SenHFlux	NetTherm	EBSum	blfa_1	blfa_2	blfa_3	Leak	LeakPct	CorrFact	CorrFactPct	Fan	DarkAdaptedID	Fo	Fm	Fv	Fv/Fm	Adark	LightAdaptedID	Fs	Fm'	PhiPS2	PS2/1	Qabs_fs	Afs	ETR	Fv'/Fm'	PhiCO2	NPQ	DarkPulseID	Fo'	Fv'	qP	qN	qP_Fo	qN_Fo	ID	P1_dur	P2_dur	P3_dur	P1_Qmax	P1_Fmax	P2_dQdt	P3_ΔF	Qin	Qabs	alpha	convert	K	Geometry	TIME	CO2_s	CO2_r	H2O_s	H2O_r	Flow	Pa	ΔPcham	Tair	Tleaf	Tleaf2	Fan_speed	Qamb_in	Qamb_out	Q	f_red	f_blue	f_farred	F	Q_modavg	F_dc	Pc	Tled	TDigital	TPreamp	TPwrSpy	TDrive	Q_red	Q_blue	Q_farred	TSPF	F_avg	dF/dt	dF_dc/dt	F_dc_avg	period	time	hhmmss	count	co2_adj	h2o_adj	co2_at	h2o_at	co2_cv	h2o_cv	CO2_s:MN	CO2_s:SLP	CO2_s:SD	CO2_s:OK	H2O_s:MN	H2O_s:SLP	H2O_s:SD	H2O_s:OK	Stable	Total	State	ADC_CH1	ADC_CH2	ADC_CH3	ADC_CH4	ADC_CH5	ADC_CH6	ADC_CH7	ADC_CH8	DAC_1	DAC_2	DAC_3	DAC_4	GPIO	GPIO_dir	excit_5v	power_12v	power_5v	ch1_pullup	AuxPower	MatchValveR	MatchValveS	MatchCO2	MatchH2O	DIAG	Flow_s	Flow_r	Txchg	Tirga	Tchopper	Ts	Tr	CO2_%	Desiccant_%	Humidifier_%	Txchg_sp	CO2_r_sp	H2O_r_sp	SS_s	SS_r	
	s	s				s	mol m⁻² s⁻¹	µmol m⁻² s⁻¹	µmol mol⁻¹	µmol mol⁻¹	Pa	Pa	mol m⁻² s⁻¹	mol m⁻² s⁻¹	mol m⁻² s⁻¹	mol m⁻² s⁻¹	W m⁻²	°C	°C	kPa	%	kPa	kPa	kPa	W m⁻²	W m⁻²	W m⁻²	W m⁻²				µmol s⁻¹	%		%	µmol s⁻¹						µmol m⁻² s⁻¹						µmol m⁻² s⁻¹	µmol m⁻² s⁻¹	µmol m⁻² s⁻¹		µmol µmol⁻¹										ms	ms	ms	µmol m⁻² s⁻¹		mol m⁻² s⁻²		µmol m⁻² s⁻¹	µmol m⁻² s⁻¹		J/µmol			s	µmol mol⁻¹	µmol mol⁻¹	mmol mol⁻¹	mmol mol⁻¹	µmol s⁻¹	kPa	kPa	°C	°C	°C	rpm	µmol m⁻² s⁻¹	µmol m⁻² s⁻¹	µmol m⁻² s⁻¹					µmol m⁻² s⁻¹			°C	°C	°C	°C	°C	µmol m⁻² s⁻¹	µmol m⁻² s⁻¹	µmol m⁻² s⁻¹	s		min⁻¹	min⁻¹		s	secs			µmol/mol	mmol/mol	µmol/mol	mmol/mol	%	%	µmol mol⁻¹	µmol mol⁻¹ min⁻¹	µmol mol⁻¹		mmol mol⁻¹	mmol mol⁻¹ min⁻¹	mmol mol⁻¹					V	V	V	V	V	V	V	V	V	V	V	V							V	%	%	µmol/mol	mmol/mol		µmol s⁻¹	µmol s⁻¹	°C	°C	°C	°C	°C	%	%	%	°C	µmol mol⁻¹	mmol mol⁻¹	%	%	
1	1598195463.4	0	20200823 10:11:03	10:11:03		1598195455.358065	0.010022292634547219	34.918210140297916	384.41847043811254	289.4476237038311	28.771320564368445	38.211497134819076	0.7091285805351556	3.377402326674786	0.6356190132592789	0.403229549415711	321.4366863038988	27.44428423708987	27.09287419354839	3.598729590241173	54.49902342974402	2.076141197163572	3.8095016506854926	1.522588393077601	-441.98310518353236	177.21914901675004	11.389859103106726	68.06258924022322	-0.041097967244417256	0.046136068611531814	3.4495220584293915	140.0	28.0	1	0	52037.0	0	0	0	0	0	-1	MPF-6473-20200823-10_11_05	322.41242307692306	457.684	0.29555670926463884	0.5	1681.183151289791	34.918210140297916	248.44247993318305	0.5689165450398092	0.021364840655666656	-1.0	DARK-6474-20200823-10_11_13	197.3	260.384	0.5195080224709543	2.3197364419665485	0.29555670926463884	0	6473	300	300	300	9871.13	422.833	-0.00656703	1.57501	1999.9838709677415	1681.183151289791	0.840598354663885	0.19119670932777014	0.5	0: Broadleaf	1598195455.358065	384.4184838709677	399.9255161290323	20.886567741935483	16.96172580645161	500.0436451612904	99.20075483870966	0.2000286129032258	28.06616451612903	27.09287419354839	999.9000000000003	9990.825806451614	0.0	103.5602258064516	1999.9838709677415	0.9800028709677419	0.019996767741935487	0.0	322.51038709677414	5.00054	7721.642258064517	18703.490322580652	46.01399999999999	46.5904193548387	46.13899999999999	46.048096774193546	47.675129032258056	1955.0938709677414	39.89000000000002	0.0	1587483902.4	322.41242307692306	-11.274017099173241	-225.62495725267567	7719.449615384616	15	1598195492.9	10:11:32	1	-0.357	0.12	400.0	17.0	0.21	0.02	384.72777358490566	0.1225986099634077	0.02206306698725855	1	20.925764150943394	-0.19552473073476503	0.036579162510088845	1	2	2	2/2	1.86677	1.86331	1.86902	1.86691	1.87157	1.86407	1.8657	1.86567	5	0	0	0	11111111	oooooooo	off	off	off	off	0.0	100.0	100.0	-0.357	0.12	2	342.38	526.818	23.1893	30.9856	30.0008	30.7976	30.7686	21.7618	45.4854	64.8592	23.1203	400	17.1597	101.369	101.517	
2	1598195590.9	127.5	20200823 10:13:10	10:13:10		1598195582.9000006	0.009510037838184488	25.35997784401502	288.777796755904	216.36810861210802	21.507994432640643	28.7058535785927	0.6709943771724722	3.378258185942387	0.6047990316017273	0.38340112894576156	321.4385919213875	27.00871883443938	26.99645161290323	3.5784138438516013	55.837922015540464	2.0596734867310498	3.6886642847450775	1.5187403571205516	-419.3926686639359	94.27801715898303	6.038110647504018	2.362051063938651	-0.04111119563725304	0.04615091864136083	3.4504011312086775	140.0	28.0	1	0	52345.0	0	0	0	0	0	-1	MPF-6475-20200823-10_13_12	298.7688076923077	405.6	0.26339051357912313	0.5	1681.1931774822783	25.35997784401502	221.4051672213876	0.508629191321499	0.01567932715709161	-1.0	DARK-6476-20200823-10_13_20	199.3	206.3	0.5178438793392744	2.0351229302558957	0.2633905135791231	0	6475	300	300	300	9869.83	379.268	-0.0065658	2.07205	1999.9958064516131	1681.1931774822783	0.8405983512860692	0.19119670257213844	0.5	0: Broadleaf	1598195582.9000006	288.7778064516129	300.01974193548386	20.720093548387094	16.995087096774196	500.0253870967741	99.20465161290322	0.19999064516129034	27.51409677419355	26.99645161290323	999.9000000000003	9993.649032258065	0.0	104.7788064516129	1999.9958064516131	0.9800051290322579	0.019994825806451618	0.0	298.81390322580637	5.00054	7250.360645161289	18703.625806451615	46.54812903225805	47.251774193548364	46.71951612903225	46.652999999999984	48.18719354838708	1955.1051612903232	39.89000000000002	0.0	126.59999990463257	298.7688076923077	-4.996752148681953	-81.37025651032839	7250.056923076922	15	1598195618.4	10:13:38	2	-0.482	0.112	300.0	17.0	0.1	0.02	288.88215094339625	0.2385099177551964	0.037591345966363224	1	20.7008962264151	0.1534271891630205	0.05239874318766478	1	2	2	2/2	1.86676	1.86328	1.86899	1.86691	1.87153	1.86405	1.86569	1.86565	5	0	0	0	11111111	oooooooo	off	off	off	off	0.0	100.0	100.0	-0.482	0.112	2	342.182	524.598	22.1672	31.1516	30.0017	30.9981	30.9726	17.3481	45.3749	59.4795	22.1098	300	16.7848	101.346	101.503	
3	1598195709.9	246.5	20200823 10:15:09	10:15:09		1598195701.9000006	0.008077945451350184	15.112708957797327	193.2950587770154	141.03471413217386	14.019775918047012	19.21479705755129	0.5422440337944099	3.3828146764532856	0.4981755033470453	0.31502007695970513	321.4394476591133	27.06197324626894	26.96778064516129	3.5723923598330813	55.25131770822755	2.0057338779396927	3.6302009818691	1.5666584818933886	-356.2373944045431	49.88466711078807	3.185795461656897	18.272515827015113	-0.04118164725192168	0.04623000675072681	3.4550812519595184	140.0	28.0	1	0	52610.0	0	0	0	0	0	-1	MPF-6477-20200823-10_15_11	292.69246153846154	379.182	0.22809505319751067	0.5	1681.1948518689112	15.112708957797327	191.7361145862102	0.4640040930212932	0.009584081785573831	-1.0	DARK-6478-20200823-10_15_19	203.24	175.942	0.4915798300663768	1.8656858886046055	0.2280950531975106	0	6477	300	300	300	9869.05	357.55	-0.00656492	1.80463	1999.997419354839	1681.1948518689112	0.840598510577695	0.1911970211553902	0.5	0: Broadleaf	1598195701.9000006	193.2950645161291	199.9642258064516	20.177077419354838	17.011329032258065	500.0369677419354	99.20659677419356	0.19996425806451615	27.241309677419355	26.96778064516129	999.9000000000003	10010.57870967742	0.0	105.8323870967742	1999.997419354839	0.9799998387096773	0.020000283870967743	0.0	292.72887096774195	5.00054	7136.342903225807	18703.6	46.98374193548388	47.806161290322564	47.1972258064516	47.15499999999998	48.562129032258035	1955.0958064516133	39.900645161290335	0.0	118.5	292.69246153846154	-3.4995555498944784	-73.17811938424784	7135.6	15	1598195735.4	10:15:35	3	-0.421	0.118	200.0	17.0	0.17	0.03	193.21741509433963	0.1756845670053068	0.026640467134456593	1	20.1796	-0.03754716981131516	0.02306224555006116	1	2	2	2/2	1.86676	1.86334	1.86904	1.86691	1.87161	1.86407	1.86572	1.86567	5	0	0	0	11111111	oooooooo	off	off	off	off	0.0	100.0	100.0	-0.421	0.118	2	342.17	523.423	21.8918	31.27	30.0003	31.1578	31.139	12.7597	42.8421	54.5008	21.8607	200	16.985	101.315	101.482	
4	1598195826.9	363.5	20200823 10:17:06	10:17:06		1598195818.9000006	0.007473465976889955	5.193799855114179	97.61428833974938	77.16791666737888	7.670698483497569	9.703122824513633	0.4888450616085756	3.381152173971431	0.4527026656823454	0.28596341590808944	321.43851613004057	27.14081510141112	27.016529032258063	3.5826357813090843	54.940528160478486	1.9876196308322651	3.6177657867185573	1.5950161504768192	-329.579849580847	30.30747345340154	1.93638974079922	24.10252974339431	-0.04115593701467862	0.04620114475708099	3.453373632515984	141.0	28.0	1	0	52363.0	0	0	0	0	0	-1	MPF-6479-20200823-10_17_08	292.40796153846156	361.057	0.19013352036254239	0.5	1681.188754515476	5.193799855114179	159.82516814497276	0.4281789301966172	0.003684178732743934	-1.0	DARK-6480-20200823-10_17_16	206.46	154.597	0.44405155637909177	1.7487987987987987	0.19013352036254233	0	6479	300	300	300	9868.11	344.628	-0.00656407	2.13522	1999.9899999999996	1681.188754515476	0.8405985802506394	0.19119716050127886	0.5	0: Broadleaf	1598195818.9000006	97.61429032258066	99.9833806451613	19.99563225806452	17.066312903225807	500.04990322580653	99.20272258064516	0.19996722580645168	27.1827935483871	27.016529032258063	999.9000000000003	10004.719677419356	0.0	106.2381935483871	1999.9899999999996	0.9799960967741933	0.020004090322580645	0.0	292.4396451612904	5.00054	7137.151290322579	18703.525806451613	47.34858064516128	48.255741935483854	47.618838709677405	47.5742580645161	48.903	1955.0848387096773	39.905161290322596	0.0	116.5	292.40796153846156	-1.7467692434775106	-33.657777714639884	7136.869615384615	15	1598195856.9	10:17:36	4	-0.329	0.123	100.0	17.0	0.17	0.03	97.51616981132076	0.04441896468312541	0.01162360293744645	1	19.99299433962264	-0.027820029027576024	0.0066898801380901995	1	2	2	2/2	1.86676	1.86327	1.869	1.86691	1.87158	1.86402	1.86569	1.8656	5	0	0	0	11111111	oooooooo	off	off	off	off	0.0	100.0	100.0	-0.329	0.123	2	341.304	521.988	21.6054	31.3624	30.0003	31.2867	31.2742	7.96335	41.0886	50.2738	21.6071	100	17.1888	101.288	101.468	
5	1598195954.4	491.0	20200823 10:19:14	10:19:14		1598195946.4000006	0.007127124499160831	0.4677702636464743	49.66359982133692	46.697364383175206	4.64169410611795	4.936536389671626	0.46610821741181946	3.3792202169185654	0.4331107333491163	0.2734639831966777	321.4432336421339	27.107435271814857	26.980416129032257	3.5750449764394236	55.23349197423786	1.98510845548936	3.594030332927817	1.5899365209500635	-314.30619041299263	16.43209525507507	1.0496928384685364	24.618831322684912	-0.04112606683942237	0.04616761286858478	3.451389258539085	140.0	28.0	1	0	52375.0	0	0	0	0	0	-1	MPF-6481-20200823-10_19_16	291.8792307692308	351.029	0.16850393907844996	0.5	1681.2122125799551	0.4677702636464743	141.64544012325942	0.40893772309410337	0.0008730428274691527	-1.0	DARK-6482-20200823-10_19_23	207.48	143.549	0.41205281284278683	1.6918690958164644	0.16850393907844996	0	6481	300	300	300	9867.3	336.381	-0.00656333	1.61557	2000.0177419354839	1681.2122125799551	0.8405986493664751	0.19119729873295024	0.5	0: Broadleaf	1598195946.4000006	49.66360000000001	49.99226129032259	19.97101290322581	17.177354838709675	500.04606451612904	99.19949677419353	0.1999911290322581	27.070612903225804	26.980416129032257	999.9000000000003	9997.783548387097	0.0	107.68219354838709	2000.0177419354839	0.9799951290322579	0.02000513870967742	0.0	291.8687741935484	5.00054	7131.545483870967	18703.767741935484	47.737806451612904	48.74967741935482	48.027999999999984	48.004	49.257999999999996	1955.1074193548386	39.91032258064517	0.0	126.79999995231628	291.8792307692308	-1.716170937110729	-23.32683767284448	7131.345	15	1598195983.4	10:19:43	5	-0.35	0.123	50.0	17.0	0.41	0.04	49.683350943396235	0.011190130624058329	0.007808815111758219	1	19.950509433962264	0.18524238026125	0.02595785600466362	1	2	2	2/2	1.86676	1.86329	1.86901	1.86691	1.87155	1.86402	1.86569	1.8656	5	0	0	0	11111111	oooooooo	off	off	off	off	0.0	100.0	100.0	-0.35	0.123	2	342.411	519.902	21.7662	31.4618	30.0006	31.4117	31.4044	5.54837	39.8047	46.0462	21.7546	50	17.1674	101.266	101.454	
6	1598196074.9	611.5	20200823 10:21:14	10:21:14		1598196066.9000006	0.006890494644953243	30.853622545033353	386.5867946840137	260.3013639446782	25.873774347573978	38.42645823988806	0.44526827822729564	3.3820529049277313	0.41507644172273533	0.2619645991450555	321.43662904175505	27.25216123611731	27.007635483870967	3.5807650842459857	54.709729380930675	1.9768119905250745	3.61327320184863	1.6039530937209112	-303.87081384243805	28.074613002573553	1.7929816357417652	47.4334098376323	-0.041169865918328025	0.04621678117166642	3.4542988062577105	142.0	28.0	1	0	52394.0	0	0	0	0	0	-1	MPF-6483-20200823-10_21_16	277.9895384615385	380.137	0.2687122314809175	0.5	1681.1794686337464	30.853622545033353	225.87674326823856	0.5128072247637037	0.0189471874593615	-1.0	DARK-6484-20200823-10_21_24	185.2	194.937	0.5240024291871811	2.052575593952484	0.2687122314809175	0	6483	300	300	300	9865.9	352.171	-0.00656229	0.781982	1999.9790322580645	1681.1794686337464	0.8405985470435761	0.19119709408715227	0.5	0: Broadleaf	1598196066.9000006	386.5868064516131	399.9926451612903	19.88758387096774	17.186425806451613	500.0417741935484	99.19933225806452	0.1999715161290323	27.161609677419353	27.007635483870967	999.9000000000003	10008.447741935484	0.0	108.69829032258066	1999.9790322580645	0.9799970967741938	0.020002716129032257	0.0	277.96287096774194	5.00054	6874.567419354838	18703.4064516129	48.070129032258045	49.170999999999985	48.39499999999999	48.3628064516129	49.57419354838707	1955.069032258065	39.90258064516131	0.0	119.70000004768372	277.9895384615385	-0.41982905823391076	-22.328888917436835	6874.6023076923075	15	1598196107.4	10:21:47	6	-0.28	0.123	400.0	17.0	0.12	0.03	386.5037547169811	0.13205611998058747	0.02447093436494542	1	19.87876981132075	0.0870159651669102	0.013757983410063115	1	2	2	2/2	1.86677	1.86329	1.869	1.86691	1.87152	1.86403	1.86569	1.86561	5	0	0	0	11111111	oooooooo	off	off	off	off	0.0	100.0	100.0	-0.28	0.123	2	340.98	519.363	21.9281	31.5484	30.0004	31.5195	31.5161	21.8552	39.2969	41.8612	21.9161	400	17.2127	101.245	101.441	
7	1598196204.9	741.5	20200823 10:23:24	10:23:24		1598196196.9032264	0.006308487186309928	30.387169684931077	386.874633613285	252.00028708901436	25.049026738938352	38.45564286429979	0.40625969391155786	3.3811382676068997	0.38095862546058523	0.2402409179017071	321.4387772872964	27.28079221234835	27.01372258064516	3.5820453713048437	55.19076271338989	1.9820869543784418	3.591338218447135	1.5999584169264018	-278.20428491626785	8.043425250413156	0.5135804441215214	51.791498065563225	-0.04115572197969465	0.04620090336147338	3.4533593488027314	141.0	28.0	1	0	52602.0	0	0	0	0	0	-1	MPF-6485-20200823-10_23_26	277.33619230769233	382.899	0.27569361030534856	0.5	1681.1913287090615	30.387169684931077	231.74685351292356	0.5120906557603964	0.018669600032396302	-1.0	DARK-6486-20200823-10_23_34	186.82	196.079	0.5383687579613711	2.0495610748313884	0.2756936103053486	0	6485	300	300	300	9865.25	354.444	-0.00656157	1.38235	1999.9932258064514	1681.1913287090615	0.8405985115430377	0.1911970230860755	0.5	0: Broadleaf	1598196196.9032264	386.8746451612903	400.0042258064517	19.940354838709677	17.467564516129034	500.0580645161291	99.20081290322584	0.19997361290322585	27.057848387096772	27.01372258064516	999.9000000000003	10004.86	0.0	110.374	1999.9932258064514	0.9799984516129034	0.020001541935483872	0.0	277.35593548387095	5.00054	6873.255483870968	18703.55483870968	48.375	49.48767741935484	48.73170967741935	48.652999999999984	49.86687096774194	1955.0925806451614	39.900645161290335	0.0	129.20000004768372	277.33619230769233	-0.20133331486592293	10.948376048815085	6873.226153846154	15	1598196229.4	10:23:49	7	-0.303	0.126	400.0	17.0	0.13	0.03	386.8662641509434	0.2981990097035849	0.04021458992886739	1	19.949456603773584	-0.12096818653022351	0.015513992581670596	1	2	2	2/2	1.86676	1.86326	1.86898	1.86691	1.87153	1.86401	1.86569	1.86562	5	0	0	0	11111111	oooooooo	off	off	off	off	0.0	100.0	100.0	-0.303	0.126	2	341.397	517.508	21.2142	31.6392	30.0004	31.6254	31.6239	21.8648	38.1057	38.0694	21.2053	400	17.5292	101.225	101.43	
8	1598196350.9	887.5	20200823 10:25:50	10:25:50		1598196342.9000006	0.005449108777436626	35.28327844240254	484.79518006733423	301.2893194820951	29.948229937031154	48.18875607664468	0.3419476346920711	3.3819652530577566	0.32383545778065526	0.2039444860027745	321.4382958145995	27.29213607102875	27.01371935483871	3.582044692721527	55.05789319463318	1.9560527055655694	3.5527198591685987	1.6259919871559576	-240.3056970849552	-25.508346806613137	-1.6268365862755023	53.997415336755665	-0.04116851039672779	0.046215259479919946	3.454208775684828	141.0	28.0	1	0	52303.0	0	0	0	0	0	-1	MPF-6487-20200823-10_25_52	279.42880769230766	401.957	0.3048291043760709	0.5	1681.1888803219676	35.28327844240254	256.23765033777744	0.5320892533280923	0.021581916741832043	-1.0	DARK-6488-20200823-10_26_00	188.08	213.87699999999998	0.5728909247263256	2.1371597192683964	0.3048291043760709	0	6487	300	300	300	9864.93	365.539	-0.00656145	0.959564	1999.9903225806459	1681.1888803219676	0.8405985075731169	0.19119701514623402	0.5	0: Broadleaf	1598196342.9000006	484.79519354838715	499.9635161290322	19.67855161290323	17.54203548387097	500.0550322580645	99.20022580645161	0.20001177419354838	26.873816129032257	27.01371935483871	999.9000000000003	10008.02806451613	0.0	111.50806451612901	1999.9903225806459	0.9799990322580646	0.020001038709677423	0.0	279.44780645161296	5.00054	6929.576774193547	18703.538709677418	48.66299999999998	49.80006451612902	49.033999999999985	48.939129032258045	50.09045161290322	1955.0900000000004	39.900322580645174	0.0	145.40000009536743	279.42880769230766	-0.9329572673517195	-25.384957157704928	6929.356538461538	15	1598196374.9	10:26:14	8	-0.241	0.132	500.0	18.0	0.16	0.05	484.7032075471698	0.348466376391314	0.047124627415799085	0	19.680615094339622	-0.07461828737299421	0.010978063826033146	1	1	2	1/2	1.86676	1.86326	1.86899	1.86691	1.87152	1.86401	1.86569	1.86557	5	0	0	0	11111111	oooooooo	off	off	off	off	0.0	100.0	100.0	-0.241	0.132	2	341.83	516.112	21.4361	31.7352	30.0002	31.7276	31.7266	26.1573	36.7758	33.8726	21.4261	500	17.6115	101.206	101.423	
9	1598196496.4	1033.0	20200823 10:28:16	10:28:16		1598196488.4000006	0.004718033806047733	38.63814587439901	583.463017557863	350.98827522936904	34.88975088375929	57.99874459959438	0.29263361710918845	3.3811129699205216	0.2792558795454181	0.1756858911211302	321.44126374578036	27.24271329715141	26.98627419354839	3.5762753661026427	55.40284640176449	1.9434654072008901	3.507880070109527	1.6328099589017526	-208.065290846705	-59.85100935465618	-3.813415034131357	49.711548510287805	-0.041155330801005564	0.04620046422912575	3.453333364666292	141.0	28.0	1	0	52545.0	0	0	0	0	0	-1	MPF-6489-20200823-10_28_18	280.26792307692307	406.269	0.3101419919390279	0.5	1681.204586773586	38.63814587439901	260.7060696994951	0.538483123250851	0.023577229199968405	-1.0	DARK-6490-20200823-10_28_25	187.5	218.769	0.5759548972801308	2.1667680000000002	0.3101419919390279	0	6489	300	300	300	9864.71	371.928	-0.00656116	1.47516	2000.0090322580647	1681.204586773586	0.8405984971355155	0.19119699427103098	0.5	0: Broadleaf	1598196488.4000006	583.4630322580645	600.0173870967742	19.55111612903226	17.701025806451614	500.0610967741936	99.20430645161291	0.20001370967741935	26.657932258064516	26.98627419354839	999.9000000000003	10004.412580645161	0.0	113.00064516129034	2000.0090322580647	0.9799995161290324	0.020000619354838715	0.0	280.2912580645162	5.00054	6964.197419354839	18703.699999999997	48.91499999999998	50.12887096774193	49.31606451612901	49.20325806451611	50.352580645161275	1955.1090322580646	39.90000000000001	0.0	144.79999995231628	280.26792307692307	-2.392615382589691	-30.556923122149804	6963.775	15	1598196522.9	10:28:42	9	-0.28	0.131	600.0	18.0	0.18	0.05	583.4539245283019	0.5447701983552117	0.07201306198514537	0	19.542590566037735	0.08117658442187554	0.012976702842430184	1	1	2	1/2	1.86676	1.86328	1.86901	1.86691	1.87155	1.86402	1.86569	1.86558	5	0	0	0	11111111	oooooooo	off	off	off	off	0.0	100.0	100.0	-0.28	0.131	2	341.463	514.322	21.3916	31.8424	30.001	31.8312	31.8308	30.3055	36.5893	29.3571	21.3636	600	17.6831	101.19	101.412	
10	1598196644.4	1181.0	20200823 10:30:44	10:30:44		1598196636.43871	0.003770558335258335	41.293117085624175	682.4746940006848	364.4071717099337	36.22289725103038	67.8395285175484	0.22450627603078566	3.3809843025076294	0.2165409047257921	0.13603017795217157	321.4378143419025	27.264987233629935	27.112529032258067	3.602883094656617	55.36417005348565	1.9201079673898682	3.4681418786462617	1.6827751272667488	-166.28162258489257	-118.1040217184721	-7.522780791197741	29.52938924734005	-0.041153341234234066	0.046198230766129125	3.4532012059123076	139.0	28.0	1	0	52659.0	0	0	0	0	0	-1	MPF-6491-20200823-10_30_46	281.3119230769231	416.273	0.3242129009642156	0.5	1681.1864319348726	41.293117085624175	272.53116507964194	0.554955521977164	0.025156708549538522	-1.0	DARK-6492-20200823-10_30_53	185.26	231.01300000000003	0.5842142083912026	2.2469664255640724	0.32421290096421557	0	6491	300	300	300	9864.41	377.908	-0.00656077	1.88272	1999.9874193548387	1681.1864319348726	0.8405985036031848	0.1911970072063695	0.5	0: Broadleaf	1598196636.43871	682.4747096774194	700.0194516129033	19.316541935483865	17.837606451612906	500.052129032258	99.20228387096773	0.1999783870967742	26.464587096774192	27.112529032258067	999.9000000000003	10004.132903225805	0.0	116.6388064516129	1999.9874193548387	0.9800001935483872	0.019999948387096775	0.0	281.3072258064517	5.00054	6995.596129032258	18703.52903225807	49.163	50.37474193548386	49.570129032258045	49.455290322580616	50.55399999999998	1955.0874193548384	39.90000000000001	0.0	147.59999990463257	281.3119230769231	-1.4791111237025596	-24.459829129167222	6995.541153846154	15	1598196666.5	10:31:06	10	-0.163	0.133	700.0	18.0	0.12	0.06	682.288641509434	0.6889405314828159	0.09469316771982482	0	19.332849056603774	-0.19400256296395768	0.024857933114654646	1	1	2	1/2	1.86676	1.86325	1.86891	1.86687	1.87149	1.864	1.86565	1.86554	5	0	0	0	11111111	oooooooo	off	off	off	off	0.0	100.0	100.0	-0.163	0.133	2	343.595	512.762	19.9238	31.9399	30.0005	31.9304	31.9303	34.3442	36.0661	25.5748	19.882	700	17.7195	101.167	101.398	
11	1598196787.9	1324.5	20200823 10:33:07	10:33:07		1598196779.93871	0.003497580954865745	42.83792093600738	781.7606288422828	423.7650290562122	42.12240169281636	77.70729762449383	0.20671155649913	3.3789539573958085	0.1999344166398108	0.12554939991916095	321.4375083162351	27.039729686383435	26.95716774193549	3.570165679256975	55.106461107140014	1.8789536959642383	3.4096794789836116	1.6912119832927366	-154.24332010957937	-142.19420792298558	-9.042592685584443	15.957387598085688	-0.04112195077475777	0.04616299222541169	3.4511157760440163	140.0	28.0	1	0	52518.0	0	0	0	0	0	-1	MPF-6493-20200823-10_33_09	281.7995769230769	417.611	0.3252103586278212	0.5	1681.1845641929285	42.83792093600738	273.3693175203698	0.5537952783810771	0.026075614700312374	-1.0	DARK-6494-20200823-10_33_17	186.34	231.271	0.5872393126545181	2.2411237522807768	0.32521035862782127	0	6493	300	300	300	9864.7	379.918	-0.00656088	1.59784	1999.9851612903224	1681.1845641929285	0.8405985187951522	0.19119703759030454	0.5	0: Broadleaf	1598196779.93871	781.7606451612902	799.9871290322582	18.90288387096774	17.530477419354842	500.0656451612903	99.200364516129	0.20000787096774192	26.176593548387096	26.95716774193549	999.9000000000003	9996.695483870968	0.0	116.80616129032258	1999.9851612903224	0.9799986451612905	0.020001374193548388	0.0	281.8325806451612	5.00054	7011.284516129032	18703.48064516129	49.394999999999996	50.687129032258035	49.82419354838707	49.69932258064515	50.74187096774194	1955.0841935483872	39.900967741935496	0.0	143	281.7995769230769	-2.829914540999803	-42.21880325870808	7011.270769230769	15	1598196809.9	10:33:29	11	-0.258	0.129	800.0	18.0	0.09	0.06	781.8068113207547	0.5466539448624251	0.07087460534747932	0	18.893877358490567	0.13284397150846466	0.017900033113803653	1	1	2	1/2	1.86676	1.86325	1.86902	1.86691	1.87156	1.86401	1.86569	1.86556	5	0	0	0	11111111	oooooooo	off	off	off	off	0.0	100.0	100.0	-0.258	0.129	2	342.239	510.689	20.535	32.0353	30	32.0219	32.0214	38.2777	36.745	20.9766	20.5449	800	17.5624	101.151	101.393	
12	1598196931.5	1468.0999999046326	20200823 10:35:31	10:35:31		1598196923.5	0.0032638016861868875	47.16344446405883	979.8490788101409	561.1981121167379	55.785461179738135	97.40113440829768	0.19506797255454905	3.3758216985607574	0.18901536798564614	0.118662763558267	321.4406459421007	27.15259786859589	26.897083870967737	3.5575823849886445	55.183867296052924	1.8881479060422137	3.421557782300019	1.6694344789464308	-143.93365436084173	-120.41469708407607	-7.664617166063907	49.42767733111896	-0.04107354056919388	0.046108647528699295	3.447898565780134	142.0	28.0	1	0	52590.0	0	0	0	0	0	-1	MPF-6495-20200823-10_35_33	283.1221538461538	424.573	0.3331602484233481	0.5	1681.2013351606822	47.16344446405883	280.0547272358987	0.5637499322849074	0.028648231152787876	-1.0	DARK-6496-20200823-10_35_40	185.22	239.35299999999998	0.5909716868133935	2.2922632545081525	0.33316024842334807	0	6495	300	300	300	9864	387.242	-0.0065603	2.35294	2000.0051612903228	1681.2013351606822	0.8405984982938938	0.19119699658778747	0.5	0: Broadleaf	1598196923.5	979.8490967741936	999.9907419354838	18.99464516129032	17.71410967741936	500.07312903225807	99.20421935483868	0.20000167741935485	26.23545483870968	26.897083870967737	999.9000000000003	9984.539032258062	0.0	120.62322580645161	2000.0051612903228	0.9800001935483872	0.019999948387096775	0.0	283.1454516129033	5.00054	7068.927096774194	18703.674193548388	49.582387096774184	50.91296774193546	50.05199999999997	49.91699999999998	50.91899999999999	1955.1051612903223	39.90000000000001	0.0	142.90000009536743	283.1221538461538	-1.1820854700111574	-40.651965803475505	7068.678846153846	15	1598196958.0	10:35:58	12	0.089	0.131	1000.0	18.0	0.2	0.07	979.4618301886792	0.45603289791962	0.06215675128377558	0	18.983315094339623	0.10108756652153084	0.01352726661126471	1	1	2	1/2	1.86679	1.86333	1.869	1.86691	1.87159	1.86402	1.86569	1.86558	5	0	0	0	11111111	oooooooo	off	off	off	off	0.0	100.0	100.0	0.089	0.131	2	340.097	509.114	21.3855	32.1401	30.0002	32.1248	32.1234	45.8691	35.978	17.1907	21.3964	1000	17.6505	101.13	101.371	
13	1598197058.0	1594.5999999046326	20200823 10:37:38	10:37:38		1598197050.0	0.0028619839204294694	50.4801172534857	1178.3894001269475	662.6980324946037	65.87582388204865	117.13837793515384	0.16870244174065452	3.3785111812093023	0.1641583961547023	0.1029970674348907	321.4397707202212	27.373013386158313	27.023958064516133	3.584199081315461	55.075720135915454	1.898932849999033	3.4478584125869998	1.685266231316428	-126.2134908909396	-119.99651892671338	-7.641728016462705	67.58803288610551	-0.04111510628788386	0.046155308689285746	3.450660988982266	140.0	28.0	1	0	52536.0	0	0	0	0	0	-1	MPF-6497-20200823-10_37_39	283.1633846153846	428.263	0.3388095992056642	0.5	1681.196728709068	50.4801172534857	284.8027949198966	0.5689097587230276	0.03062111433741337	-1.0	DARK-6498-20200823-10_37_47	184.62	243.64299999999997	0.5955419009970137	2.319699924168562	0.3388095992056643	0	6497	300	300	300	9862.9	388.676	-0.0065595	1.8262	1999.9996774193548	1681.196728709068	0.8405984999349373	0.19119699986987454	0.5	0: Broadleaf	1598197050.0	1178.3894193548388	1199.9270967741936	19.10289677419355	17.980148387096772	500.0785161290322	99.20550000000001	0.19999187096774196	26.365151612903226	27.023958064516133	999.9000000000003	9994.514193548388	0.0	121.25235483870968	1999.9996774193548	0.9800019999999998	0.01999759999999999	0.0	283.1883870967742	5.00054	7068.924838709678	18703.63225806451	49.695193548387074	51.03999999999998	50.17699999999998	50.01999999999999	51.03199999999999	1955.0996774193543	39.90000000000001	0.0	126.20000004768372	283.1633846153846	-1.9386666566358355	-25.535384661615247	7068.632692307691	15	1598197088.5	10:38:08	13	0.121	0.138	1200.0	18.0	0.08	0.08	1178.3292452830187	0.2605708756650621	0.046575119141386796	1	19.099454716981132	-0.03447701983551534	0.004641468783377886	1	2	2	2/2	1.86677	1.86329	1.86901	1.86691	1.87158	1.86403	1.86569	1.86555	5	0	0	0	11111111	oooooooo	off	off	off	off	0.0	100.0	100.0	0.121	0.138	2	342.71	508.845	20.7533	32.1826	30.0001	32.1883	32.1892	53.1508	35.1718	14.1475	20.7426	1200	17.9725	101.116	101.366	
14	1598197210.0	1746.5999999046326	20200823 10:40:10	10:40:10		1598197202.0	0.0029758065925357745	52.714978758400505	1577.098980043305	1059.1250598751071	105.2840937441301	156.77415552629003	0.17935123015663276	3.3851670778439504	0.1742345788193664	0.10934416385038134	321.44249935313945	26.87553400913497	26.76943870967742	3.530978238021111	56.044573296341326	1.8793834369659537	3.3533727289322455	1.6515948010551573	-131.23307073082765	-159.56544548039946	-10.104888306998603	20.539094834913755	-0.041218036313361975	0.04627085666005041	3.4574975097772973	141.0	28.0	1	0	52727.0	0	0	0	0	0	-1	MPF-6499-20200823-10_40_11	282.3464230769231	417.073	0.32302876696184335	0.5	1681.2110899993932	52.714978758400505	271.5397727025403	0.5690442680298172	0.0319501691833474	-1.0	DARK-6500-20200823-10_40_19	179.74	237.33299999999997	0.5676689584806028	2.320423945699343	0.32302876696184335	0	6499	300	300	300	9863.47	380.762	-0.00655983	2.02634	2000.0167741935481	1681.2110899993932	0.8405984948187724	0.19119698963754486	0.5	0: Broadleaf	1598197202.0	1577.0990000000002	1600.0590322580645	18.906009677419355	17.73835483870968	500.07003225806443	99.20669354838711	0.19997496774193546	25.8951129032258	26.76943870967742	999.9000000000003	10019.414516129029	0.0	124.8447419354839	2000.0167741935481	0.9800010967741934	0.019998774193548383	0.0	282.3788709677419	5.00054	7067.601290322582	18703.800000000003	49.866741935483866	51.21341935483869	50.34248387096773	50.16299999999998	51.143	1955.1167741935487	39.90000000000001	0.0	151.5	282.3464230769231	-2.9144957321947857	-48.7029058035177	7067.22	15	1598197234.0	10:40:34	14	0.0	0.126	1600.0	17.0	0.08	0.07	1577.1943396226413	0.06531204644424192	0.1061239829199783	1	18.89417358490566	0.24951136913401667	0.039276005210072816	0	1	2	1/2	1.86676	1.86334	1.86895	1.86691	1.87158	1.86404	1.86569	1.86556	5	0	0	0	11111111	oooooooo	off	off	off	off	0.0	100.0	100.0	0.0	0.126	2	341.891	507.677	20.3847	32.278	29.9996	32.2672	32.2669	66.8455	37.3695	9.95417	20.4617	1600	17.3746	101.109	101.366	
15	1598197355.5	1892.0999999046326	20200823 10:42:35	10:42:35		1598197347.5	0.0026983082337333837	52.678767911446194	1777.0213025402609	1180.8279973626197	117.37540308862567	176.63757308312321	0.155406928155347	3.3767954114953636	0.1515401483119848	0.09505199400821224	321.4404914911808	26.97203509907096	27.01451290322581	3.582211627599242	55.38700433472199	1.8607472838694523	3.3595376861769615	1.7214643437297896	-118.99539310764223	-198.13947248958422	-12.596220850018149	-8.290594956063785	-0.041088587507575505	0.046125539035216864	3.4488986834552318	141.0	28.0	1	0	52633.0	0	0	0	0	0	-1	MPF-6501-20200823-10_42_37	280.40688461538457	410.259	0.3165125332646339	0.5	1681.2005222574562	52.678767911446194	266.0605181127665	0.5581815389790352	0.03192883133260526	-1.0	DARK-6502-20200823-10_42_44	181.26	228.99900000000002	0.5670422813401605	2.263373055279709	0.3165125332646339	0	6501	300	300	300	9862.79	374.735	-0.00655922	1.60358	2000.0041935483873	1681.2005222574562	0.840598498583489	0.191196997166978	0.5	0: Broadleaf	1598197347.5	1777.021322580645	1800.0077419354839	18.719616129032254	17.66063870967742	500.06674193548383	99.20094193548387	0.1999897419354839	25.926132258064513	27.01451290322581	999.9000000000003	9988.52677419355	0.0	125.97370967741934	2000.0041935483873	0.9800019354838708	0.019997683870967738	0.0	280.43335483870965	5.00054	7038.66129032258	18703.677419354834	49.99587096774193	51.424999999999976	50.52199999999999	50.328419354838694	51.29599999999998	1955.1041935483872	39.90000000000001	0.0	144.79999995231628	280.40688461538457	-0.690495718848276	-48.439316294325565	7038.582692307693	15	1598197380.0	10:43:00	15	0.201	0.129	1800.0	18.0	0.14	0.08	1776.7311320754714	0.6997581035314265	0.12383282061606903	0	18.72320943396226	-0.0805370101596493	0.03476505654077663	1	1	2	1/2	1.86676	1.86328	1.86893	1.86691	1.87161	1.86401	1.86569	1.86554	5	0	0	0	11111111	oooooooo	off	off	off	off	0.0	100.0	100.0	0.201	0.129	2	341.769	506.46	20.5347	32.3888	30.0013	32.3665	32.3639	73.3691	36.7604	6.15071	20.4837	1800	17.6215	101.083	101.345	
