[Header]
File opened	2020-08-23 12:48:24
Console s/n	68C-571038
Console ver	Bluestem v.1.3.4
Scripts ver	2018.05  1.3.4, Mar 2018
Head s/n	68H-581038
Head ver	1.4.0
Head cal	{"chamberpressurezero": "2.59209", "co2aspan1": "0.992625", "co2aspan2a": "0.164928", "co2aspanconc2": "0", "co2bzero": "0.880288", "h2oaspan1": "1.00223", "flowazero": "0.42932", "tazero": "0.00774765", "h2obzero": "1.01783", "ssa_ref": "36614.9", "h2obspanconc1": "20", "co2bspanconc1": "1002", "h2oaspanconc2": "0", "co2aspan2": "0", "oxygen": "21", "h2obspan2b": "0.0963575", "co2bspanconc2": "0", "co2bspan2": "0", "co2aspan2b": "0.163711", "h2oaspanconc1": "12.19", "co2azero": "0.869071", "h2oaspan2": "0", "h2obspanconc2": "0", "h2oaspan2a": "0.0661155", "co2aspanconc1": "1002", "co2bspan2b": "0.162103", "h2oaspan2b": "0.0662632", "h2obspan1": "0.998578", "co2bspan2a": "0.163389", "tbzero": "0.197721", "h2obspan2": "0", "ssb_ref": "36526.8", "flowbzero": "0.22736", "flowmeterzero": "0.990908", "co2bspan1": "0.992131", "h2obspan2a": "0.0975941", "h2oazero": "1.00263"}
Chamber type	6800-01A
Chamber s/n	MPF-551037
Chamber rev	0
Chamber cal	0
Fluorometer	MPF-551037
Flr. Version	1.4.0
12:48:24	Stability Definition:	CO2_s (Meas): Slp<0.3	H2O_s (Meas): Slp<0.2
SysConst:AvgTime	4
SysConst:Oxygen	21
SysConst:Chamber	6800-01A 2 cm²
Const:S	2.0
Const:CustomBLC	2.0
LTConst:deltaTw	0
LTConst:fT1	1
LTConst:fT2	0
LTConst:fTeb	0
LQConst:Leaf	standard
LQConst:Ambient	Sun+Sky
LQConst:abs_ambient	0.49
LQConst:abs_redLED	0.84
LQConst:abs_greenLED	0.7
LQConst:abs_blueLED	0.87
LQConst:abs_whiteLED	0.75
LQConst:abs_redFlr	0.84
LQConst:abs_blueFlr	0.87
LQConst:k_ambient	0.39
LQConst:k_redLED	0.18
LQConst:k_greenLED	0.23
LQConst:k_blueLED	0.26
LQConst:k_whiteLED	0.21
LQConst:k_redFlr	0.19
LQConst:k_blueFlr	0.25
QConst:fQ_Amb_in	0.0
QConst:fQ_Amb_out	0.0
QConst:fQ_HeadLS	0.0
QConst:fQ_ConsoleLS	0.0
QConst:fQ_Flr	1.0
LeakConst:fan_a	-6276.0
LeakConst:fan_b	6.6
LeakConst:fan_c	1.709e-05
LeakConst:fan_d	3.11
LeakConst:Fs_meas	2.94359 76.2785 384.689 618.449 845.034 1049.11 1224.88 1398.33
LeakConst:Fs_true	0.282282 99.9505 401.086 601.05 800.065 1000.06 1200.05 1401.49
LeakConst:leak_wt	0.0
[Data]
Sys	Sys	Sys	Sys	Sys	UserDefVar	GasEx	GasEx	GasEx	GasEx	GasEx	GasEx	GasEx	GasEx	GasEx	GasEx	GasEx	GasEx	GasEx	GasEx	GasEx	GasEx	GasEx	GasEx	GasEx	GasEx	GasEx	GasEx	GasEx	GasEx	GasEx	GasEx	Leak	Leak	Leak	Leak	Leak	FLR	FLR	FLR	FLR	FLR	FLR	FLR	FLR	FLR	FLR	FLR	FLR	FLR	FLR	FLR	FLR	FLR	FLR	FLR	FLR	FLR	FLR	FLR	FLR	MPF	MPF	MPF	MPF	MPF	MPF	MPF	MPF	LeafQ	LeafQ	LeafQ	LeafQ	Const	Const	Meas	Meas	Meas	Meas	Meas	Meas	Meas	Meas	Meas	Meas	Meas	Meas	Meas	Meas	FlrLS	FlrLS	FlrLS	FlrLS	FlrLS	FlrLS	FlrLS	FlrLS	FlrLS	FlrLS	FlrLS	FlrLS	FlrLS	FlrLS	FlrLS	FlrLS	FlrLS	FlrStats	FlrStats	FlrStats	FlrStats	FlrStats	Match	Match	Match	Match	Match	Match	Match	Match	Match	Stability	Stability	Stability	Stability	Stability	Stability	Stability	Stability	Stability	Stability	Stability	Auxiliary	Auxiliary	Auxiliary	Auxiliary	Auxiliary	Auxiliary	Auxiliary	Auxiliary	Auxiliary	Auxiliary	Auxiliary	Auxiliary	Auxiliary	Auxiliary	Auxiliary	Auxiliary	Auxiliary	Auxiliary	Auxiliary	Status	Status	Status	Status	Status	Status	Status	Status	Status	Status	Status	Status	Status	Status	Status	Status	Status	Status	Status	Status	
obs	time	elapsed	date	hhmmss	plant	TIME	E	A	Ca	Ci	Pci	Pca	gsw	gbw	gtw	gtc	Rabs	TleafEB	TleafCnd	SVPleaf	RHcham	VPcham	SVPcham	VPDleaf	LatHFlux	SenHFlux	NetTherm	EBSum	blfa_1	blfa_2	blfa_3	Leak	LeakPct	CorrFact	CorrFactPct	Fan	DarkAdaptedID	Fo	Fm	Fv	Fv/Fm	Adark	LightAdaptedID	Fs	Fm'	PhiPS2	PS2/1	Qabs_fs	Afs	ETR	Fv'/Fm'	PhiCO2	NPQ	DarkPulseID	Fo'	Fv'	qP	qN	qP_Fo	qN_Fo	ID	P1_dur	P2_dur	P3_dur	P1_Qmax	P1_Fmax	P2_dQdt	P3_ΔF	Qin	Qabs	alpha	convert	K	Geometry	TIME	CO2_s	CO2_r	H2O_s	H2O_r	Flow	Pa	ΔPcham	Tair	Tleaf	Tleaf2	Fan_speed	Qamb_in	Qamb_out	Q	f_red	f_blue	f_farred	F	Q_modavg	F_dc	Pc	Tled	TDigital	TPreamp	TPwrSpy	TDrive	Q_red	Q_blue	Q_farred	TSPF	F_avg	dF/dt	dF_dc/dt	F_dc_avg	period	time	hhmmss	count	co2_adj	h2o_adj	co2_at	h2o_at	co2_cv	h2o_cv	CO2_s:MN	CO2_s:SLP	CO2_s:SD	CO2_s:OK	H2O_s:MN	H2O_s:SLP	H2O_s:SD	H2O_s:OK	Stable	Total	State	ADC_CH1	ADC_CH2	ADC_CH3	ADC_CH4	ADC_CH5	ADC_CH6	ADC_CH7	ADC_CH8	DAC_1	DAC_2	DAC_3	DAC_4	GPIO	GPIO_dir	excit_5v	power_12v	power_5v	ch1_pullup	AuxPower	MatchValveR	MatchValveS	MatchCO2	MatchH2O	DIAG	Flow_s	Flow_r	Txchg	Tirga	Tchopper	Ts	Tr	CO2_%	Desiccant_%	Humidifier_%	Txchg_sp	CO2_r_sp	H2O_r_sp	SS_s	SS_r	
	s	s				s	mol m⁻² s⁻¹	µmol m⁻² s⁻¹	µmol mol⁻¹	µmol mol⁻¹	Pa	Pa	mol m⁻² s⁻¹	mol m⁻² s⁻¹	mol m⁻² s⁻¹	mol m⁻² s⁻¹	W m⁻²	°C	°C	kPa	%	kPa	kPa	kPa	W m⁻²	W m⁻²	W m⁻²	W m⁻²				µmol s⁻¹	%		%	µmol s⁻¹						µmol m⁻² s⁻¹						µmol m⁻² s⁻¹	µmol m⁻² s⁻¹	µmol m⁻² s⁻¹		µmol µmol⁻¹										ms	ms	ms	µmol m⁻² s⁻¹		mol m⁻² s⁻²		µmol m⁻² s⁻¹	µmol m⁻² s⁻¹		J/µmol			s	µmol mol⁻¹	µmol mol⁻¹	mmol mol⁻¹	mmol mol⁻¹	µmol s⁻¹	kPa	kPa	°C	°C	°C	rpm	µmol m⁻² s⁻¹	µmol m⁻² s⁻¹	µmol m⁻² s⁻¹					µmol m⁻² s⁻¹			°C	°C	°C	°C	°C	µmol m⁻² s⁻¹	µmol m⁻² s⁻¹	µmol m⁻² s⁻¹	s		min⁻¹	min⁻¹		s	secs			µmol/mol	mmol/mol	µmol/mol	mmol/mol	%	%	µmol mol⁻¹	µmol mol⁻¹ min⁻¹	µmol mol⁻¹		mmol mol⁻¹	mmol mol⁻¹ min⁻¹	mmol mol⁻¹					V	V	V	V	V	V	V	V	V	V	V	V							V	%	%	µmol/mol	mmol/mol		µmol s⁻¹	µmol s⁻¹	°C	°C	°C	°C	°C	%	%	%	°C	µmol mol⁻¹	mmol mol⁻¹	%	%	
1	1598205003.7	0	20200823 12:50:03	12:50:03		1598204995.7387094	0.009413710454742598	33.46921942629043	385.123213011064	283.3912502020243	28.157334963339853	38.265272139417505	0.6263235153675102	3.3788892836305413	0.5682505612306437	0.35992444469757806	321.43818824542893	26.779748892902216	27.047425806451617	3.589141338065977	54.73006775904293	1.9893626808743974	3.6348624482484753	1.5997786571915797	-415.1446310541486	39.306005168588214	2.5143996895458174	-51.88603795058562	-0.0411209510149717	0.04616186990746807	3.4510493478754922	149.0	30.0	1	0	52311.0	0	0	0	0	0	-1	MPF-6593-20200823-12_50_05	339.9034615384616	479.368	0.29093418513863756	0.5	1681.1856577412407	33.46921942629043	244.55718970085613	0.5753158325128086	0.020502922605586345	-1.0	DARK-6594-20200823-12_50_13	203.58	275.788	0.505694730958339	2.3546910305530995	0.2909341851386375	0	6593	300	300	300	9875.05	442.7	-0.00656877	1.04599	1999.9861290322585	1681.1856577412407	0.8405986588290604	0.1911973176581209	0.5	0: Broadleaf	1598204995.7387094	385.1232258064516	399.95970967741937	20.02206451612903	16.332316129032257	500.04648387096785	99.15852580645162	0.1999933548387097	27.2632	27.047425806451617	999.9000000000003	10000.670322580645	0.0	164.406064516129	1999.9861290322585	0.979993870967742	0.020006245161290324	0.0	340.13245161290325	5.00054	8332.441612903225	18703.470967741934	47.69122580645159	48.856645161290324	47.95125806451612	48.350645161290316	49.27799999999999	1955.0758064516128	39.91032258064517	0.0	429.10000014305115	339.9034615384616	-18.816546996934747	-388.78393159525416	8327.645	15	1598205034.2	12:50:34	46	-0.277	0.107	400.0	16.0	0.14	0.02	385.6442363636364	-0.01633419406179258	0.020658226304537942	1	20.04043636363636	-0.059555852575513525	0.011797416722414784	1	2	2	2/2	1.86676	1.86328	1.86896	1.86691	1.87156	1.86401	1.86558	1.86554	5	0	0	0	11111111	oooooooo	off	off	off	off	0.0	100.0	100.0	-0.277	0.107	2	333.703	471.811	23.0052	34.3903	30.0004	34.4712	34.4815	21.9954	55.6761	0	22.9433	400	16.4621	100.659	101.132	
2	1598205132.3	128.59999990463257	20200823 12:52:12	12:52:12		1598205124.245161	0.008592731854960359	24.32824983521536	289.32137780634065	208.90568990777848	20.756619410426133	28.746625949141837	0.5685091752386471	3.381142829798993	0.5202496631502858	0.3291499000354124	321.43580935611664	26.463587434817615	26.94371935483871	3.5673458295944105	55.87977672001582	1.9720264181650122	3.5290520719969942	1.5953194114293983	-378.9394748037518	-33.45914183486181	-2.1324709654603757	-93.09527824795734	-0.04115579252511246	0.04620098255488499	3.453364034789673	148.0	30.0	1	0	52325.0	0	0	0	0	0	-1	MPF-6595-20200823-12_52_13	297.9985	408.415	0.2703536843651678	0.5	1681.1756222574427	24.32824983521536	227.25601177110164	0.521222286155014	0.015065796517561436	-1.0	DARK-6596-20200823-12_52_21	195.54	212.87500000000003	0.5186917204932473	2.088651938222359	0.2703536843651679	0	6595	300	300	300	9871.92	377.638	-0.00656606	1.37567	1999.9745161290316	1681.1756222574427	0.8405985219808565	0.1911970439617131	0.5	0: Broadleaf	1598205124.245161	289.32138709677423	300.0462258064516	19.847525806451614	16.47892903225807	500.0412903225806	99.15881935483874	0.1999842258064516	26.760164516129038	26.94371935483871	999.9000000000003	10009.114193548387	0.0	167.82964516129033	1999.9745161290316	0.9799989677419354	0.020000961290322576	0.0	298.10383870967735	5.00054	7491.348387096773	18703.400000000005	48.40699999999999	49.532	48.657	49.017967741935486	49.91699999999999	1955.0735483870974	39.900967741935496	0.0	128.10000014305115	297.9985	-9.440649581159118	-174.11247867755208	7489.507307692308	15	1598205162.8	12:52:42	47	-0.339	0.106	300.0	16.0	0.2	0.03	289.3498363636363	0.29772291167224746	0.044545283858673825	1	19.86255090909091	-0.10713216844251729	0.017028327977784894	1	2	2	2/2	1.86676	1.86331	1.86894	1.86691	1.87155	1.86401	1.86561	1.86553	5	0	0	0	11111111	oooooooo	off	off	off	off	0.0	100.0	100.0	-0.339	0.106	2	334.097	471.227	22.1099	34.3792	29.9993	34.4261	34.4326	17.5179	56.5213	0	22.0846	300	16.2171	100.669	101.142	
3	1598205254.3	250.59999990463257	20200823 12:54:14	12:54:14		1598205246.3000007	0.007428697399528603	14.654094036843896	193.54960733356177	135.9813301163459	13.511097854239006	19.23107887013483	0.47038263365751926	3.378350909790576	0.4367925595451272	0.275813132048091	321.4395914831313	26.67999901261023	27.04082258064516	3.587750111637609	55.26941833189768	1.9449459768034705	3.5190274034076134	1.6428041348341387	-327.60555531921136	-59.921384719880905	-3.823093836819822	-69.91044239278074	-0.0411126288922312	0.046152527595633853	3.450496370168233	147.0	29.0	1	0	52629.0	0	0	0	0	0	-1	MPF-6597-20200823-12_54_16	284.03138461538464	365.028	0.221891513485583	0.5	1681.1983372839543	14.654094036843896	186.52182176469114	0.4576854378294268	0.00931127142448507	-1.0	DARK-6598-20200823-12_54_23	197.96	167.068	0.4848122643750771	1.8439482723782583	0.22189151348558295	0	6597	300	300	300	9869.84	347.108	-0.00656441	2.22665	2000.0019354838705	1681.1983372839543	0.8405983551596982	0.19119671031939653	0.5	0: Broadleaf	1598205246.3000007	193.54961290322584	199.98558064516126	19.57474838709677	16.66179677419355	500.06203225806456	99.15997741935483	0.19997032258064512	26.711825806451618	27.04082258064516	999.9000000000003	9998.5	0.0	175.3571935483871	2000.0019354838705	0.9800028064516129	0.019996851612903228	0.0	284.0450967741936	5.00054	7226.0199999999995	18703.66451612904	48.94329032258064	50.076290322580626	49.22154838709676	49.48167741935482	50.385	1955.1080645161285	39.89032258064518	0.0	121.29999995231628	284.03138461538464	-3.3708034205059225	-53.57196572461335	7226.106153846153	15	1598205280.8	12:54:40	48	-0.277	0.112	200.0	17.0	0.28	0.03	193.4785090909091	0.09239826839820696	0.01851375186893398	1	19.563080000000003	0.03729350649350243	0.008619500090966995	1	2	2	2/2	1.86674	1.86325	1.8689	1.86683	1.87149	1.86399	1.86554	1.86543	5	0	0	0	11111111	oooooooo	off	off	off	off	0.0	100.0	100.0	-0.277	0.112	2	335.503	469.481	21.0232	34.4028	30	34.423	34.4264	12.865	54.8329	0	21.0266	200	16.6446	100.653	101.124	
4	1598205372.3	368.59999990463257	20200823 12:56:12	12:56:12		1598205364.3000007	0.0071994004105826155	5.030219662758224	97.70407227621371	76.0752872958567	7.558716130719054	9.707716834233748	0.4444304695255843	3.3803789998992086	0.41433421314458324	0.26149287924502945	321.437047050784	26.64778332397278	27.065858064516128	3.5930273025749653	54.673554408746725	1.9144417764026738	3.5015864563881354	1.6785855261722915	-317.49355810669334	-79.89885525822851	-5.093123394152958	-81.04848970829082	-0.0411439819773572	0.0461877241803689	3.4525794794478997	148.0	30.0	1	0	52438.0	0	0	0	0	0	-1	MPF-6599-20200823-12_56_13	281.3070769230769	346.212	0.18747161587964334	0.5	1681.1850482570028	5.030219662758224	157.58723879471825	0.4036024170161635	0.003586886327004964	-1.0	DARK-6600-20200823-12_56_21	206.48	139.732	0.46449577102541345	1.6767338240991865	0.1874716158796433	0	6599	300	300	300	9868.27	331.35	-0.00656302	1.29272	1999.9861290322578	1681.1850482570028	0.8405983540848282	0.19119670816965645	0.5	0: Broadleaf	1598205364.3000007	97.70407419354837	99.99728387096775	19.268048387096776	16.44407419354839	500.0528709677419	99.15838387096775	0.19998070967741932	26.627438709677424	27.065858064516128	999.9000000000003	10006.285806451613	0.0	174.24483870967742	1999.9861290322578	0.9800055161290322	0.019994503225806454	0.0	281.33083870967744	5.00054	7182.804193548388	18703.53225806452	49.387	50.4634193548387	49.66899999999997	49.84254838709676	50.73767741935483	1955.0958064516128	39.89000000000002	0.0	117.29999995231628	281.3070769230769	-2.091145305192623	-43.25435907771979	7182.674230769232	15	1598205396.8	12:56:36	49	-0.206	0.11	100.0	17.0	1.15	0.03	97.62333454545455	0.0943307359307279	0.014906791840472276	1	19.265954545454548	0.0432779220779221	0.006918980959697867	1	2	2	2/2	1.86676	1.86325	1.8689	1.86682	1.8715	1.864	1.86555	1.86546	5	0	0	0	11111111	oooooooo	off	off	off	off	0.0	100.0	100.0	-0.206	0.11	2	334.393	470.265	21.2852	34.4028	30	34.4136	34.4141	8.01624	55.2458	0	21.2917	100	16.5607	100.651	101.125	
5	1598205488.3	484.59999990463257	20200823 12:58:08	12:58:08		1598205480.3000007	0.007176040317477662	0.4834115641160935	49.66529658971629	46.53016985498426	4.623266039181225	4.934774142555643	0.449485170620975	3.378655420669259	0.41871128610286473	0.2642836819704458	321.442203969337	26.69853628874059	26.995274193548386	3.5781663875978444	54.75483326050864	1.9224204195536203	3.5109602295878894	1.6557459680442241	-316.4633780007649	-58.73164629263032	-3.745264443075537	-57.49808476713377	-0.04111733591448914	0.0461578116404762	3.4508091410462636	149.0	30.0	1	0	52411.0	0	0	0	0	0	-1	MPF-6601-20200823-12_58_10	279.9741923076923	335.552	0.16563098325239523	0.5	1681.2067932251157	0.4834115641160935	139.2299671062411	0.3754768262445165	0.000882349256554225	-1.0	DARK-6602-20200823-12_58_17	209.56	125.99200000000002	0.44112171957193874	1.6012216071769423	0.1656309832523952	0	6601	300	300	300	9866.63	321.411	-0.00656165	1.48248	2000.011290322581	1681.2067932251157	0.8405986512975907	0.1911973025951814	0.5	0: Broadleaf	1598205480.3000007	49.66529677419355	50.00118387096773	19.347912903225804	16.533348387096776	500.05596774193543	99.1606225806452	0.19998696774193547	26.672838709677418	26.995274193548386	999.9000000000003	9999.579677419353	0.0	149.8908709677419	2000.011290322581	0.9799949032258062	0.02000538387096774	0.0	279.97735483870963	5.00054	6997.565161290324	18703.709677419352	49.771935483870955	50.868870967741934	50.07222580645159	50.18932258064516	51.118870967741934	1955.100967741935	39.91032258064517	0.0	115.29999995231628	279.9741923076923	-2.5307692307665093	834.8464952817208	7001.668461538463	15	1598205515.8	12:58:35	50	-0.277	0.112	50.0	17.0	0.48	0.03	49.72944909090908	0.05916190476192555	0.011655071041900264	1	19.339790909090908	0.05331601731602328	0.007525454325814416	1	2	2	2/2	1.86676	1.86327	1.86893	1.86688	1.87153	1.86401	1.86559	1.86554	5	0	0	0	11111111	oooooooo	off	off	off	off	0.0	100.0	100.0	-0.277	0.112	2	333.728	470.429	21.8135	34.3965	30.0002	34.4136	34.4141	5.56778	55.452	0	21.8227	50	16.5785	100.65	101.127	
6	1598205607.3	603.5999999046326	20200823 13:00:07	13:00:07		1598205599.3000007	0.007205952229814672	31.20279626291928	386.41495584557305	261.0300275431989	25.935943570373535	38.39419006267613	0.4552340407617398	3.378330320778312	0.42369472852276274	0.267460575428272	321.442973535053	26.862502556659667	26.997558064516134	3.578646398548995	54.58135429987837	1.9356818425137419	3.5464159278254757	1.6429645560352533	-317.78249333482705	-28.039011425704693	-1.789742872751062	-26.168274098229794	-0.04111231064136154	0.046152170331152355	3.4504752226814537	148.0	30.0	1	0	52466.0	0	0	0	0	0	-1	MPF-6603-20200823-13_00_08	271.11307692307696	377.515	0.2818481996130565	0.5	1681.213291021073	31.20279626291928	236.92346961991552	0.516628478338609	0.01915449778734567	-1.0	DARK-6604-20200823-13_00_16	182.48	195.035	0.5455529678105111	2.068802060499781	0.2818481996130565	0	6603	300	300	300	9865	346.259	-0.00656049	0.608795	2000.0193548387094	1681.213291021073	0.8405985106862397	0.19119702137247968	0.5	0: Broadleaf	1598205599.3000007	386.4149677419353	400.00825806451604	19.4815	16.655609677419353	500.05970967741933	99.16000322580645	0.19999690322580646	26.84360967741936	26.997558064516134	999.9000000000003	9998.42	0.0	174.2869354838709	2000.0193548387094	0.9799975806451614	0.02000229677419355	0.0	271.12738709677416	5.00054	6999.2367741935495	18703.8	50.17906451612902	51.34045161290322	50.509967741935476	50.614774193548385	51.50393548387096	1955.1112903225808	39.900967741935496	0.0	118.5	271.11307692307696	-0.3133675303575536	-5.0420512691388115	6999.067692307693	15	1598205633.3	13:00:33	51	-0.219	0.111	400.0	17.0	0.16	0.04	386.3474	0.06215584415612396	0.01943249387448333	1	19.479996363636364	0.026287445887447972	0.0036173301875764437	1	2	2	2/2	1.86676	1.86325	1.86894	1.86689	1.87152	1.864	1.86556	1.86554	5	0	0	0	11111111	oooooooo	off	off	off	off	0.0	100.0	100.0	-0.219	0.111	2	334.589	471.164	22.0298	34.4462	30.001	34.4515	34.4538	22.0222	55.293	0	22.0382	400	16.7584	100.637	101.113	
7	1598205726.3	722.5999999046326	20200823 13:02:06	13:02:06		1598205718.3000007	0.0071203138468515234	31.661145486081463	386.26311697405885	260.6386303572908	25.89513635669659	38.37626091686567	0.46048636194887954	3.3789017469819895	0.42824774635141677	0.27036303299874287	321.43760840734257	26.942140509812845	26.994780645161292	3.5780626638031827	55.41764567099345	1.9723056895554283	3.5589849869565406	1.6057569742477544	-314.0058406461522	-16.575102068341653	-1.0581210666699803	-10.20145537382125	-0.041121143679097964	0.046162086189828096	3.451062149318725	149.0	30.0	1	0	52507.0	0	0	0	0	0	-1	MPF-6605-20200823-13_02_07	270.93046153846154	380.2	0.28740015376522476	0.5	1681.1853480639045	31.661145486081463	241.58646377070454	0.5152551288795371	0.019427450711306082	-1.0	DARK-6606-20200823-13_02_15	184.3	195.89999999999998	0.5577822279813092	2.0629408572978836	0.28740015376522476	0	6605	300	300	300	9863.41	350.701	-0.00655923	0.918793	1999.9861290322583	1681.1853480639045	0.8405985039893186	0.19119700797863737	0.5	0: Broadleaf	1598205718.3000007	386.26312903225806	400.02612903225804	19.851567741935487	17.06030322580645	500.0575483870968	99.1526322580645	0.20000906451612907	26.903790322580644	26.994780645161292	999.9000000000003	10001.311612903226	0.0	172.33403225806447	1999.9861290322583	0.9800004516129032	0.01999961290322581	0.0	270.9298709677419	5.00054	7024.028387096774	18703.493548387094	50.54799999999998	51.72358064516129	50.898999999999994	50.985709677419365	51.864838709677414	1955.0861290322578	39.90000000000001	0.0	118.40000009536743	270.93046153846154	-0.4135384605645551	4.485812064864591	7023.962692307691	15	1598205753.3	13:02:33	52	-0.221	0.113	400.0	17.0	0.1	0.03	386.24561818181826	0.14862337662337302	0.024221321117855264	1	19.827747272727272	0.1862917748917779	0.027622512916726294	1	2	2	2/2	1.86676	1.86325	1.86893	1.86688	1.87154	1.86401	1.86561	1.86554	5	0	0	0	11111111	oooooooo	off	off	off	off	0.0	100.0	100.0	-0.221	0.113	2	333.433	470.969	22.078	34.5229	30.0012	34.5133	34.5112	22.0217	54.8318	0	22.0458	400	16.8643	100.625	101.1	
8	1598205874.8	871.0999999046326	20200823 13:04:34	13:04:34		1598205866.8000007	0.006834177262716984	38.32425415165904	483.5136305617908	320.51411165798424	31.84207650325161	48.03556990071751	0.427303420374656	3.378489108337908	0.39938952204686334	0.2519742909985723	321.43967264242383	26.788521595496302	27.018264516129033	3.5830009279325488	54.93673612100947	1.9301906326874327	3.513478901323498	1.652810295245116	-301.38721728581896	-60.69764184957763	-3.8715059528170306	-44.51669244578978	-0.04111476509332359	0.04615492566850156	3.450638317374199	149.0	30.0	1	0	52499.0	0	0	0	0	0	-1	MPF-6607-20200823-13_04_36	278.9097307692308	405.309	0.31185902417851374	0.5	1681.194241612233	38.32425415165904	262.1477978218637	0.5428672938424758	0.023390666692950264	-1.0	DARK-6608-20200823-13_04_44	185.28	220.02900000000002	0.5744664077497476	2.187548575129534	0.3118590241785137	0	6607	300	300	300	9866.07	371.258	-0.00656109	0.793182	1999.996451612903	1681.194241612233	0.8405986121907512	0.19119722438150236	0.5	0: Broadleaf	1598205866.8000007	483.5136451612903	500.16306451612905	19.428800000000006	16.748570967741934	500.06154838709676	99.14689677419355	0.19998170967741935	26.68501935483871	27.018264516129033	999.9000000000003	10000.338709677419	0.0	172.96341935483878	1999.996451612903	0.9799953548387095	0.020004783870967737	0.0	278.9119677419354	5.00054	7191.018064516128	18703.56129032258	50.08241935483869	51.32425806451611	50.42309677419354	50.29199999999999	51.32635483870967	1955.0890322580653	39.90741935483872	0.0	147.79999995231628	278.9097307692308	-0.8864615295368694	-24.98495716058403	7191.294999999999	15	1598205900.3	13:05:00	53	-0.293	0.111	500.0	17.0	0.36	0.03	483.5099454545454	0.511428571428664	0.09981863884644206	0	19.466994545454547	-0.3375463203463262	0.0468197721177393	0	0	2	0/2	1.86676	1.86325	1.86891	1.86685	1.87149	1.86401	1.86554	1.86546	5	0	0	0	11111111	oooooooo	off	off	off	off	0.0	100.0	100.0	-0.293	0.111	2	333.661	470.284	21.4207	34.6451	30.0004	34.6015	34.5964	26.3233	55.0283	0	21.4251	500	16.8958	100.604	101.075	
9	1598205991.8	988.0999999046326	20200823 13:06:31	13:06:31		1598205983.8000007	0.0063384104913736805	43.27609025391303	581.2168544528156	382.199436388204	37.97063245600352	57.74255390383795	0.39298882446652245	3.3781905390262734	0.36924257502899555	0.23279044953535455	321.4399812568642	26.89297202763692	27.007658064516136	3.580769832850307	54.74795874244522	1.9226047662257626	3.5117378079252433	1.6581650666245444	-279.5239026695793	-60.29395276101959	-3.8457310968647533	-22.223605270599442	-0.04111015001359483	0.046149744837202834	3.4503316494062473	149.0	30.0	1	0	52413.0	0	0	0	0	0	-1	MPF-6609-20200823-13_06_33	284.82065384615385	420.631	0.32287288895456145	0.5	1681.200493225279	43.27609025391303	271.40703007973974	0.555334723308553	0.02633599646938724	-1.0	DARK-6610-20200823-13_06_41	187.04	233.59099999999998	0.5814023063981324	2.2488825919589392	0.32287288895456145	0	6609	300	300	300	9868.53	386.422	-0.00656315	1.38788	2000.0045161290327	1681.200493225279	0.8405983484873363	0.19119669697467284	0.5	0: Broadleaf	1598205983.8000007	581.2168709677419	599.9988387096774	19.352283870967742	16.86625806451613	500.05496774193546	99.14771935483869	0.19997412903225806	26.676600000000004	27.007658064516136	999.9000000000003	9999.13322580645	0.0	174.07054838709684	2000.0045161290327	0.9800032903225806	0.019996358064516134	0.0	284.84838709677416	5.00054	7307.469032258065	18703.690322580645	49.43312903225804	50.7498064516129	49.78199999999998	49.82438709677419	50.707387096774184	1955.1145161290324	39.89000000000002	0.0	116.40000009536743	284.82065384615385	-1.5611965964064194	-46.850598263674726	7306.881538461538	15	1598206020.3	13:07:00	54	-0.194	0.113	600.0	17.0	0.25	0.03	581.0870363636363	0.2774978354977099	0.04310830488911173	1	19.358999999999995	-0.07876883116884144	0.010449323597073675	1	2	2	2/2	1.86676	1.86325	1.8689	1.86685	1.87151	1.86401	1.86554	1.86549	5	0	0	0	11111111	oooooooo	off	off	off	off	0.0	100.0	100.0	-0.194	0.113	2	333.789	469.957	21.6338	34.7073	30.0009	34.6614	34.6535	30.4847	55.513	0	21.6171	600	16.923	100.596	101.066	
10	1598206141.8	1138.0999999046326	20200823 13:09:01	13:09:01		1598206133.8000007	0.005902506088094267	46.18423741005268	679.941208244371	451.6868706023598	44.87404448755212	67.55058429523994	0.3649289140207951	3.3760663721616333	0.3443452115069319	0.2169683114638134	321.4415936437293	26.693094060394447	26.962903225806453	3.571368883789985	55.51520086511259	1.915451228966799	3.450318469748212	1.6559176548231858	-260.3005184849572	-106.59708570617661	-6.791662402741985	-52.247672950146494	-0.04107732136615782	0.046112891804507325	3.44814987401725	149.0	30.0	1	0	52642.0	0	0	0	0	0	-1	MPF-6611-20200823-13_09_03	286.74157692307693	432.179	0.33652126335829147	0.5	1681.2059803219627	46.18423741005268	282.8807802317309	0.5729547247783904	0.028065708760455735	-1.0	DARK-6612-20200823-13_09_11	184.56	247.61899999999997	0.5873435522997955	2.341672084958821	0.33652126335829147	0	6611	300	300	300	9870.86	393.142	-0.00656503	1.33987	2000.0106451612905	1681.2059803219627	0.8405985160075896	0.19119703201517935	0.5	0: Broadleaf	1598206133.8000007	679.9412258064517	700.0181290322581	19.280280645161287	16.96504516129032	500.0531612903227	99.14771612903223	0.19996787096774196	26.377238709677414	26.962903225806453	999.9000000000003	9991.148709677418	0.0	165.69683870967742	2000.0106451612905	0.9799993548387095	0.020000625806451604	0.0	286.7402903225807	5.00054	7333.6900000000005	18703.729032258067	48.82832258064514	50.27799999999999	49.211387096774175	49.406999999999975	50.18125806451612	1955.1093548387096	39.90129032258066	0.0	149.40000009536743	286.74157692307693	-1.145196585923832	-34.335384658783795	7333.409615384617	15	1598206169.3	13:09:29	55	-0.12	0.112	700.0	17.0	0.28	0.04	679.8530181818182	0.1614580246756757	0.034659114456020684	1	19.308789090909087	-0.2958345834750312	0.04012874133326049	0	1	2	1/2	1.86676	1.86326	1.86892	1.86685	1.87152	1.86401	1.86555	1.86552	5	0	0	0	11111111	oooooooo	off	off	off	off	0.0	100.0	100.0	-0.12	0.112	2	333.557	470.136	21.4136	34.7587	30.0012	34.7126	34.705	34.5269	55.615	0	21.3814	700	16.8658	100.593	101.062	
11	1598206290.8	1287.0999999046326	20200823 13:11:30	13:11:30		1598206282.8000007	0.005420704962600693	48.04454837144675	779.1322720119338	515.5667624480369	51.22244420826422	77.40813070356099	0.3273368477158526	3.3778782413536868	0.31067992996323207	0.19560085535218424	321.4411046929571	26.55278226283804	26.908674193548386	3.560006714174646	55.11959604001318	1.8739355916351994	3.3997629269177634	1.6860711225394467	-239.05308885069056	-142.29168860947888	-9.047242876808248	-68.9509156440206	-0.04110532292559347	0.046144326008045175	3.45001088103997	149.0	30.0	1	0	52490.0	0	0	0	0	0	-1	MPF-6613-20200823-13_11_32	287.65715384615385	436.454	0.34092217313587725	0.5	1681.2010932251162	48.04454837144675	286.5793650903596	0.5731050694918595	0.02917232719457885	-1.0	DARK-6614-20200823-13_11_40	186.32	250.13400000000001	0.5948685350805815	2.3424967797337914	0.34092217313587725	0	6613	300	300	300	9872.36	397.01	-0.00656637	1.49396	2000.0045161290316	1681.2010932251162	0.840598648486578	0.19119729697315602	0.5	0: Broadleaf	1598206282.8000007	779.1322903225806	800.0374516129033	18.861632258064517	16.734454838709677	500.04870967741937	99.15171612903224	0.20000306451612904	26.127316129032256	26.908674193548386	999.9000000000003	9997.556129032258	0.0	167.35329032258065	2000.0045161290316	0.9799969677419353	0.020003141935483873	0.0	287.6782258064516	5.00054	7369.799032258066	18703.664516129033	48.513806451612886	50.04599999999998	48.88493548387097	49.20129032258063	49.866741935483866	1955.0945161290324	39.91000000000001	0.0	148.40000009536743	287.65715384615385	-1.6307692341318785	-26.423589806368305	7369.296538461538	15	1598206318.3	13:11:58	56	-0.191	0.109	800.0	17.0	0.16	0.04	779.2158727272729	-0.10435497835464137	0.03137749891270064	1	18.938598181818183	-0.7389670995670727	0.09792483293723364	0	1	2	1/2	1.86676	1.86325	1.8689	1.86688	1.87151	1.86401	1.86554	1.86552	5	0	0	0	11111111	oooooooo	off	off	off	off	0.0	100.0	100.0	-0.191	0.109	2	333.494	469.319	21.5824	34.8969	30.0005	34.8115	34.7999	38.4651	56.5455	0	21.6407	800	16.7537	100.57	101.04	
12	1598206417.4	1413.7000000476837	20200823 13:13:37	13:13:37		1598206409.358065	0.004323874908719796	52.45319652613716	977.3233349051087	616.0427329885175	61.20777462308787	97.10330665952601	0.25646840477935606	3.378750134846429	0.24612322042857324	0.15472171495033013	321.4425462348732	26.902555055440907	27.035048387096772	3.586533938923046	55.23902335627873	1.889146465960837	3.419949070743496	1.6973874729622092	-190.682883474543	-147.1002948002789	-9.361185967058914	-25.70181800700763	-0.04111880001170813	0.04615945521786647	3.450906424457528	149.0	30.0	1	0	52626.0	0	0	0	0	0	-1	MPF-6615-20200823-13_13_38	286.7863846153846	435.834	0.34198253322277616	0.5	1681.2086803218929	52.45319652613716	287.4720016863007	0.5769031328441563	0.031794504246732025	-1.0	DARK-6616-20200823-13_13_46	184.4	251.434	0.5927902168545838	2.363524945770065	0.34198253322277616	0	6615	300	300	300	9873.3	396.836	-0.006567	1.763	2000.0135483870972	1681.2086803218929	0.8405986457830232	0.19119729156604648	0.5	0: Broadleaf	1598206409.358065	977.3233548387099	999.9925483870968	19.013841935483867	17.31735806451613	500.05325806451606	99.15637096774194	0.20000700000000005	26.227493548387095	27.035048387096772	999.9000000000003	10000.364516129031	0.0	161.34029032258064	2000.0135483870972	0.979996064516129	0.020004316129032265	0.0	286.81129032258065	5.00054	7353.077741935486	18703.75806451613	48.26793548387096	49.81403225806449	48.626999999999995	49.03199999999999	49.65499999999998	1955.1035483870967	39.91000000000001	0.0	126.10000014305115	286.7863846153846	-1.2976410195267623	-36.391453126385336	7352.750384615385	15	1598206457.3	13:14:17	57	0.116	0.118	1000.0	17.0	0.13	0.04	976.982309090909	0.2964252720702157	0.04576297539884433	1	19.01767636363636	-0.11829208662333147	0.015994612316042225	1	2	2	2/2	1.86662	1.86311	1.86877	1.86676	1.87145	1.86387	1.86546	1.86539	5	0	0	0	11111111	oooooooo	off	off	off	off	0.0	100.0	100.0	0.116	0.118	2	333.41	470.116	20.0061	34.9486	30.0003	34.8767	34.8657	46.0793	54.4441	0	19.8745	1000	17.3012	100.557	101.024	
13	1598206565.8	1562.0999999046326	20200823 13:16:05	13:16:05		1598206557.858065	0.004235197488450221	52.971467907534254	1176.818495969734	794.9768038620883	78.98519487115925	116.9232080490729	0.2477922980300332	3.377557493399995	0.23811774782731376	0.1496613396061966	321.44243090002954	26.75047213578721	26.992625806451617	3.577609835104611	54.909184536474655	1.8588074260298812	3.385239540017439	1.7188024090747298	-186.77220924065475	-170.74779256595514	-10.858216851784631	-46.93578775836497	-0.041100365432087005	0.046138760787283885	3.4496814335537755	148.0	30.0	1	0	52574.0	0	0	0	0	0	-1	MPF-6617-20200823-13_16_07	282.44203846153846	423.28	0.3327300168646322	0.5	1681.2076448380083	52.971467907534254	279.6941240099496	0.5678983178983179	0.032102797101386395	-1.0	DARK-6618-20200823-13_16_15	182.9	240.37999999999997	0.5858971692256492	2.3142700929469653	0.3327300168646322	0	6617	300	300	300	9874.12	386.646	-0.00656769	1.21936	2000.012258064516	1681.2076448380083	0.8405986703626375	0.19119734072527486	0.5	0: Broadleaf	1598206557.858065	1176.818516129032	1199.9977419354839	18.708680645161294	17.04650967741936	500.0643870967742	99.15534516129033	0.20000016129032255	26.05491935483871	26.992625806451617	999.9000000000003	9995.98451612903	0.0	147.75370967741935	2000.012258064516	0.9799939677419355	0.020006161290322583	0.0	282.4349677419355	5.00054	7256.169032258066	18703.696774193548	48.06619354838708	49.612806451612904	48.420999999999985	48.83435483870966	49.42899999999997	1955.1006451612907	39.911612903225816	0.0	147.70000004768372	282.44203846153846	-1.9103931567732064	-77.94974360901165	7256.091153846155	15	1598206590.8	13:16:30	58	0.19	0.116	1200.0	17.0	0.21	0.05	1176.7176363636365	0.24306175001899621	0.07091515125615616	1	18.73051272727273	-0.1710688594035948	0.02358922754560525	1	2	2	2/2	1.86674	1.86325	1.8689	1.86679	1.87149	1.86401	1.86554	1.8654	5	0	0	0	11111111	oooooooo	off	off	off	off	0.0	100.0	100.0	0.19	0.116	2	334.55	468.299	20.8087	35.035	30.0003	34.9555	34.9419	53.3347	55.7687	0	20.8177	1200	17.0985	100.545	101.014	
14	1598206712.4	1708.7000000476837	20200823 13:18:32	13:18:32		1598206704.4000006	0.003969123453060881	54.103239324520636	1575.8483987443083	1152.711773126214	114.52902968054835	156.57026521240374	0.23240367835510187	3.377258935440053	0.223870472953173	0.14065961631945548	321.4413859174791	26.652263181583123	26.966829032258065	3.5721926535987136	55.42782171101944	1.8587966186091682	3.353544413670556	1.7133960349895454	-175.03834427998487	-194.97507582354095	-12.388518439661688	-60.9605526257084	-0.041095751097291466	0.04613358079223796	3.4493747782447426	148.0	30.0	1	0	52528.0	0	0	0	0	0	-1	MPF-6619-20200823-13_18_33	279.09611538461536	409.712	0.3187992653751529	0.5	1681.2051389656815	54.103239324520636	267.98348162359554	0.5591537470222986	0.0327760355041631	-1.0	DARK-6620-20200823-13_18_41	180.62	229.09199999999998	0.570145987705309	2.2683645222013067	0.31879926537515285	0	6619	300	300	300	9874.62	374.205	-0.00656808	2.02078	2000.0096774193546	1681.2051389656815	0.840598502070734	0.19119700414146826	0.5	0: Broadleaf	1598206704.4000006	1575.8484193548388	1599.9890322580648	18.708416129032262	17.150635483870968	500.05338709677414	99.15616451612902	0.20000790322580644	25.895977419354832	26.966829032258065	999.9000000000003	9994.779677419354	0.0	136.3627419354839	2000.0096774193546	0.9799997741935484	0.02000028709677419	0.0	279.10525806451614	5.00054	7177.863225806453	18703.71290322581	47.91699999999999	49.46754838709676	48.28799999999999	48.68732258064515	49.27999999999999	1955.1083870967743	39.900322580645174	0.0	146.20000004768372	279.09611538461536	-1.7629059936576443	-72.6485468689475	7176.825769230771	15	1598206738.4	13:18:58	59	-0.129	0.116	1600.0	17.0	0.2	0.07	1576.1790909090912	-0.08692640692669339	0.04473244611620421	1	18.76889090909091	-0.5282181818181247	0.07124576484440637	0	1	2	1/2	1.86675	1.86325	1.8689	1.86679	1.87149	1.86397	1.86553	1.8654	5	0	0	0	11111111	oooooooo	off	off	off	off	0.0	100.0	100.0	-0.129	0.116	2	334.643	468.603	20.6969	35.1173	30.0007	35.0331	35.0207	67.0639	55.7195	0	20.7025	1600	17.1021	100.531	100.995	
15	1598206832.9	1829.2000000476837	20200823 13:20:32	13:20:32		1598206824.9000006	0.003597550370571354	54.020483055782485	1775.802850424381	1306.2926960442667	129.790062214736	176.43944816933703	0.20893945995067437	3.3799846090926264	0.20202011442449763	0.12686515826711287	321.43838526402163	26.65506018831715	26.93926451612903	3.566412170502575	55.28929046293239	1.845249477467178	3.337444669694737	1.721162693035397	-158.65197134219673	-204.9130381572177	-13.002381748930375	-55.12900598432316	-0.041137884266465655	0.04618087896570433	3.4521743882270806	149.0	30.0	1	0	52566.0	0	0	0	0	0	-1	MPF-6621-20200823-13_20_34	277.5306153846154	403.006	0.31134867623654394	0.5	1681.1920932252774	54.020483055782485	261.71846636251723	0.5540016773943812	0.032727065085244735	-1.0	DARK-6622-20200823-13_20_42	179.74	223.26599999999996	0.5619995190283547	2.2421608990764437	0.3113486762365439	0	6621	300	300	300	9875.03	368.035	-0.00656844	0.639557	1999.9945161290325	1681.1920932252774	0.8405983514790862	0.1911967029581725	0.5	0: Broadleaf	1598206824.9000006	1775.8028709677421	1799.9641935483871	18.571806451612904	17.159645161290324	500.0473225806451	99.1575870967742	0.19997848387096775	25.81473870967742	26.93926451612903	999.9000000000003	10004.88322580645	0.0	123.24474193548389	1999.9945161290325	0.9800064193548388	0.019993603225806452	0.0	277.5611612903226	5.00054	7133.653548387096	18703.60967741935	47.82832258064514	49.382935483870966	48.207387096774184	48.60658064516128	49.193387096774174	1955.1045161290328	39.89000000000002	0.0	120.10000014305115	277.5306153846154	-2.553777776996063	-14.951453053771093	7133.468846153846	15	1598206858.4	13:20:58	60	0.11	0.116	1801.0	17.0	0.13	0.08	1775.5659999999996	0.13826839826867277	0.07683749084919854	1	18.551319999999997	0.18394545454545572	0.027198679112312416	1	2	2	2/2	1.86676	1.86325	1.8689	1.86683	1.8715	1.864	1.86554	1.8654	5	0	0	0	11111111	oooooooo	off	off	off	off	0.0	100.0	100.0	0.11	0.116	2	333.532	470.124	20.9263	35.1877	30.0011	35.1004	35.0858	73.5519	55.9626	0	20.9183	1800	17.0526	100.521	100.986	
