[Header]
File opened	2020-08-23 10:48:38
Console s/n	68C-571038
Console ver	Bluestem v.1.3.4
Scripts ver	2018.05  1.3.4, Mar 2018
Head s/n	68H-581038
Head ver	1.4.0
Head cal	{"chamberpressurezero": "2.59209", "co2aspan1": "0.992625", "co2aspan2a": "0.164928", "co2aspanconc2": "0", "co2bzero": "0.880288", "h2oaspan1": "1.00223", "flowazero": "0.42932", "tazero": "0.00774765", "h2obzero": "1.01783", "ssa_ref": "36614.9", "h2obspanconc1": "20", "co2bspanconc1": "1002", "h2oaspanconc2": "0", "co2aspan2": "0", "oxygen": "21", "h2obspan2b": "0.0963575", "co2bspanconc2": "0", "co2bspan2": "0", "co2aspan2b": "0.163711", "h2oaspanconc1": "12.19", "co2azero": "0.869071", "h2oaspan2": "0", "h2obspanconc2": "0", "h2oaspan2a": "0.0661155", "co2aspanconc1": "1002", "co2bspan2b": "0.162103", "h2oaspan2b": "0.0662632", "h2obspan1": "0.998578", "co2bspan2a": "0.163389", "tbzero": "0.197721", "h2obspan2": "0", "ssb_ref": "36526.8", "flowbzero": "0.22736", "flowmeterzero": "0.990908", "co2bspan1": "0.992131", "h2obspan2a": "0.0975941", "h2oazero": "1.00263"}
Chamber type	6800-01A
Chamber s/n	MPF-551037
Chamber rev	0
Chamber cal	0
Fluorometer	MPF-551037
Flr. Version	1.4.0
10:48:38	Stability Definition:	CO2_s (Meas): Slp<0.3	H2O_s (Meas): Slp<0.2
SysConst:AvgTime	4
SysConst:Oxygen	21
SysConst:Chamber	6800-01A 2 cm²
Const:S	2.0
Const:CustomBLC	2.0
LTConst:deltaTw	0
LTConst:fT1	1
LTConst:fT2	0
LTConst:fTeb	0
LQConst:Leaf	standard
LQConst:Ambient	Sun+Sky
LQConst:abs_ambient	0.49
LQConst:abs_redLED	0.84
LQConst:abs_greenLED	0.7
LQConst:abs_blueLED	0.87
LQConst:abs_whiteLED	0.75
LQConst:abs_redFlr	0.84
LQConst:abs_blueFlr	0.87
LQConst:k_ambient	0.39
LQConst:k_redLED	0.18
LQConst:k_greenLED	0.23
LQConst:k_blueLED	0.26
LQConst:k_whiteLED	0.21
LQConst:k_redFlr	0.19
LQConst:k_blueFlr	0.25
QConst:fQ_Amb_in	0.0
QConst:fQ_Amb_out	0.0
QConst:fQ_HeadLS	0.0
QConst:fQ_ConsoleLS	0.0
QConst:fQ_Flr	1.0
LeakConst:fan_a	-6276.0
LeakConst:fan_b	6.6
LeakConst:fan_c	1.709e-05
LeakConst:fan_d	3.11
LeakConst:Fs_meas	2.94359 76.2785 384.689 618.449 845.034 1049.11 1224.88 1398.33
LeakConst:Fs_true	0.282282 99.9505 401.086 601.05 800.065 1000.06 1200.05 1401.49
LeakConst:leak_wt	0.0
[Data]
Sys	Sys	Sys	Sys	Sys	UserDefVar	GasEx	GasEx	GasEx	GasEx	GasEx	GasEx	GasEx	GasEx	GasEx	GasEx	GasEx	GasEx	GasEx	GasEx	GasEx	GasEx	GasEx	GasEx	GasEx	GasEx	GasEx	GasEx	GasEx	GasEx	GasEx	GasEx	Leak	Leak	Leak	Leak	Leak	FLR	FLR	FLR	FLR	FLR	FLR	FLR	FLR	FLR	FLR	FLR	FLR	FLR	FLR	FLR	FLR	FLR	FLR	FLR	FLR	FLR	FLR	FLR	FLR	MPF	MPF	MPF	MPF	MPF	MPF	MPF	MPF	LeafQ	LeafQ	LeafQ	LeafQ	Const	Const	Meas	Meas	Meas	Meas	Meas	Meas	Meas	Meas	Meas	Meas	Meas	Meas	Meas	Meas	FlrLS	FlrLS	FlrLS	FlrLS	FlrLS	FlrLS	FlrLS	FlrLS	FlrLS	FlrLS	FlrLS	FlrLS	FlrLS	FlrLS	FlrLS	FlrLS	FlrLS	FlrStats	FlrStats	FlrStats	FlrStats	FlrStats	Match	Match	Match	Match	Match	Match	Match	Match	Match	Stability	Stability	Stability	Stability	Stability	Stability	Stability	Stability	Stability	Stability	Stability	Auxiliary	Auxiliary	Auxiliary	Auxiliary	Auxiliary	Auxiliary	Auxiliary	Auxiliary	Auxiliary	Auxiliary	Auxiliary	Auxiliary	Auxiliary	Auxiliary	Auxiliary	Auxiliary	Auxiliary	Auxiliary	Auxiliary	Status	Status	Status	Status	Status	Status	Status	Status	Status	Status	Status	Status	Status	Status	Status	Status	Status	Status	Status	Status	
obs	time	elapsed	date	hhmmss	plant	TIME	E	A	Ca	Ci	Pci	Pca	gsw	gbw	gtw	gtc	Rabs	TleafEB	TleafCnd	SVPleaf	RHcham	VPcham	SVPcham	VPDleaf	LatHFlux	SenHFlux	NetTherm	EBSum	blfa_1	blfa_2	blfa_3	Leak	LeakPct	CorrFact	CorrFactPct	Fan	DarkAdaptedID	Fo	Fm	Fv	Fv/Fm	Adark	LightAdaptedID	Fs	Fm'	PhiPS2	PS2/1	Qabs_fs	Afs	ETR	Fv'/Fm'	PhiCO2	NPQ	DarkPulseID	Fo'	Fv'	qP	qN	qP_Fo	qN_Fo	ID	P1_dur	P2_dur	P3_dur	P1_Qmax	P1_Fmax	P2_dQdt	P3_ΔF	Qin	Qabs	alpha	convert	K	Geometry	TIME	CO2_s	CO2_r	H2O_s	H2O_r	Flow	Pa	ΔPcham	Tair	Tleaf	Tleaf2	Fan_speed	Qamb_in	Qamb_out	Q	f_red	f_blue	f_farred	F	Q_modavg	F_dc	Pc	Tled	TDigital	TPreamp	TPwrSpy	TDrive	Q_red	Q_blue	Q_farred	TSPF	F_avg	dF/dt	dF_dc/dt	F_dc_avg	period	time	hhmmss	count	co2_adj	h2o_adj	co2_at	h2o_at	co2_cv	h2o_cv	CO2_s:MN	CO2_s:SLP	CO2_s:SD	CO2_s:OK	H2O_s:MN	H2O_s:SLP	H2O_s:SD	H2O_s:OK	Stable	Total	State	ADC_CH1	ADC_CH2	ADC_CH3	ADC_CH4	ADC_CH5	ADC_CH6	ADC_CH7	ADC_CH8	DAC_1	DAC_2	DAC_3	DAC_4	GPIO	GPIO_dir	excit_5v	power_12v	power_5v	ch1_pullup	AuxPower	MatchValveR	MatchValveS	MatchCO2	MatchH2O	DIAG	Flow_s	Flow_r	Txchg	Tirga	Tchopper	Ts	Tr	CO2_%	Desiccant_%	Humidifier_%	Txchg_sp	CO2_r_sp	H2O_r_sp	SS_s	SS_r	
	s	s				s	mol m⁻² s⁻¹	µmol m⁻² s⁻¹	µmol mol⁻¹	µmol mol⁻¹	Pa	Pa	mol m⁻² s⁻¹	mol m⁻² s⁻¹	mol m⁻² s⁻¹	mol m⁻² s⁻¹	W m⁻²	°C	°C	kPa	%	kPa	kPa	kPa	W m⁻²	W m⁻²	W m⁻²	W m⁻²				µmol s⁻¹	%		%	µmol s⁻¹						µmol m⁻² s⁻¹						µmol m⁻² s⁻¹	µmol m⁻² s⁻¹	µmol m⁻² s⁻¹		µmol µmol⁻¹										ms	ms	ms	µmol m⁻² s⁻¹		mol m⁻² s⁻²		µmol m⁻² s⁻¹	µmol m⁻² s⁻¹		J/µmol			s	µmol mol⁻¹	µmol mol⁻¹	mmol mol⁻¹	mmol mol⁻¹	µmol s⁻¹	kPa	kPa	°C	°C	°C	rpm	µmol m⁻² s⁻¹	µmol m⁻² s⁻¹	µmol m⁻² s⁻¹					µmol m⁻² s⁻¹			°C	°C	°C	°C	°C	µmol m⁻² s⁻¹	µmol m⁻² s⁻¹	µmol m⁻² s⁻¹	s		min⁻¹	min⁻¹		s	secs			µmol/mol	mmol/mol	µmol/mol	mmol/mol	%	%	µmol mol⁻¹	µmol mol⁻¹ min⁻¹	µmol mol⁻¹		mmol mol⁻¹	mmol mol⁻¹ min⁻¹	mmol mol⁻¹					V	V	V	V	V	V	V	V	V	V	V	V							V	%	%	µmol/mol	mmol/mol		µmol s⁻¹	µmol s⁻¹	°C	°C	°C	°C	°C	%	%	%	°C	µmol mol⁻¹	mmol mol⁻¹	%	%	
1	1598198101.0	0	20200823 10:55:01	10:55:01		1598198093.0483868	0.007369568962508314	31.95342169887481	386.06940714664944	263.4693150209116	26.19104202877364	38.37851124256752	0.4782738289176877	3.378802595509937	0.44359608351112995	0.2801533939066343	321.4393588511014	27.273233691522723	27.114667741935477	3.6033353038915186	54.88651253882934	1.9983721109628376	3.6409165358230657	1.604963192928681	-324.99799124661666	32.228452029860435	2.062687912294839	30.732507546640036	-0.04111961095958009	0.04616036557789568	3.4509603081924656	146.0	29.0	1	0	52372.0	0	0	0	0	0	-1	MPF-6503-20200823-10_55_02	301.2518076923077	433.68	0.3053592333234004	0.5	1681.1945609671318	31.95342169887481	256.6841411021971	0.5544641210108836	0.01960119456960286	-1.0	DARK-6504-20200823-10_55_10	193.22	240.46	0.5507285715199713	2.2444881482248213	0.3053592333234005	0	6503	300	300	300	9862.96	397.776	-0.00655982	1.87042	1999.9970967741933	1681.1945609671318	0.8405985007071961	0.19119700141439233	0.5	0: Broadleaf	1598198093.0483868	386.06941935483866	399.98703225806446	20.102664516129032	17.214474193548387	500.06545161290313	99.20831290322579	0.20000729032258066	27.291593548387098	27.114667741935477	999.9000000000003	9995.325806451614	0.0	144.35064516129032	1999.9970967741933	0.9800017419354838	0.019997935483870966	0.0	301.25709677419354	5.00054	7759.004193548387	18703.616129032256	49.26199999999999	50.15499999999999	49.59451612903225	49.2458064516129	50.658999999999985	1955.0970967741935	39.90000000000001	0.0	1587482743.3	301.2518076923077	-6.296034182003594	-177.52205141049893	7758.113076923077	15	1598198131.1	10:55:31	1	-0.194	0.122	400.0	17.0	0.12	0.04	386.400890909091	0.5734019277406801	0.0778926236972812	0	20.11213818181818	-0.018391618581454567	0.008494350869502357	1	1	2	1/2	1.86676	1.86325	1.86892	1.86688	1.87153	1.86401	1.86563	1.86554	5	0	0	0	11111111	oooooooo	off	off	off	off	0.0	0	0	-0.194	0.122	2	336.777	496.166	21.497	32.8904	30.0007	32.7828	32.766	22.1196	41.6295	0	21.4482	400	17.2413	100.989	101.285	
2	1598198246.1	145.09999990463257	20200823 10:57:26	10:57:26		1598198238.0903223	0.006716882442932099	22.3079368784526	290.3066044220672	195.4081276077177	19.42557023759422	28.85945126069372	0.42779845220599677	3.3811547241867377	0.3998426205692513	0.2522609641375713	321.43884240824923	26.885656528852852	26.957616129032257	3.5702597303011383	55.1749067489452	1.9466238790590815	3.5280963643790773	1.6236358512420568	-296.2145157333056	-36.83152858901752	-2.347506176294831	-13.954708090368683	-0.041155976448860314	0.046201189025404564	3.4533762519313695	146.0	29.0	1	0	52585.0	0	0	0	0	0	-1	MPF-6505-20200823-10_57_27	281.52142307692304	385.791	0.2702747781132192	0.5	1681.1942851475512	22.3079368784526	227.1922061917333	0.5095790207651293	0.013863916314946885	-1.0	DARK-6506-20200823-10_57_35	189.2	196.591	0.5303883541112103	2.0390644820295982	0.2702747781132192	0	6505	300	300	300	9862.5	358.774	-0.0065593	1.65543	1999.997096774193	1681.1942851475512	0.8405983627972057	0.19119672559441153	0.5	0: Broadleaf	1598198238.0903223	290.3066129032258	300.00845161290323	19.581722580645163	16.947938709677416	500.067935483871	99.21026129032258	0.19998574193548385	26.75556129032258	26.957616129032257	999.9000000000003	10003.969032258065	0.0	142.08883870967742	1999.997096774193	0.980002387096774	0.019997264516129026	0.0	281.5157419354839	5.00054	7359.552903225808	18703.629032258064	49.420999999999985	50.388903225806445	49.76799999999999	49.51393548387096	50.788	1955.0983870967748	39.890645161290344	0.0	144.09999990463257	281.52142307692304	-3.6424957189054776	-56.24478599220745	7359.443846153846	15	1598198270.6	10:57:50	2	-0.314	0.117	300.0	17.0	0.16	0.03	290.40938181818177	0.17535865129132988	0.0255780381002497	1	19.607205454545458	-0.19279961407383425	0.026650624541082385	1	2	2	2/2	1.86678	1.86327	1.86896	1.86691	1.87158	1.86401	1.86568	1.86556	5	0	0	0	11111111	oooooooo	off	off	off	off	0.0	100.0	100.0	-0.314	0.117	2	336.354	494.93	21.7361	32.9475	30.0001	32.8776	32.8672	17.6375	43.4767	0	21.7661	300	16.9017	100.974	101.277	
3	1598198362.1	261.09999990463257	20200823 10:59:22	10:59:22		1598198354.0999994	0.006256291795451372	13.608572603306477	194.0524787117435	131.0432434331967	13.027183387748739	19.291015399155583	0.39177908347330687	3.3798929094815686	0.36818521512043245	0.2321170759849231	321.44518830247364	26.96927663475521	27.008661290322582	3.580980812104027	55.01781804037148	1.9386550202154937	3.5236857608437497	1.6423257918885332	-275.9024681794055	-49.9926448763587	-3.1880121772087793	-7.637936930499372	-0.04113646653639822	0.04617928743950366	3.452080200748154	145.0	29.0	1	0	52759.0	0	0	0	0	0	-1	MPF-6507-20200823-10_59_23	276.3845769230769	363.179	0.2389852471561491	0.5	1681.2273778683243	13.608572603306477	200.894270212773	0.4652774527161537	0.008689230734410892	-1.0	DARK-6508-20200823-10_59_31	194.2	168.97899999999998	0.5136402930359576	1.8701287332646757	0.2389852471561491	0	6507	300	300	300	9862.22	339.706	-0.00655896	1.54309	2000.0364516129034	1681.2273778683243	0.840598368350997	0.1911967367019939	0.5	0: Broadleaf	1598198354.0999994	194.05248387096773	199.98074193548385	19.501348387096776	17.047961290322583	500.06667741935473	99.21135806451613	0.19997399999999999	26.734303225806446	27.008661290322582	999.9000000000003	9999.116129032258	0.0	140.42287096774194	2000.0364516129034	0.9800027741935481	0.019996929032258057	0.0	276.43	5.00054	7271.080967741936	18703.987096774195	49.52399999999999	50.53199999999999	49.894999999999996	49.66899999999999	50.87493548387097	1955.1432258064515	39.89193548387099	0.0	115.5	276.3845769230769	-2.4054358968102134	-59.89572648120425	7270.446538461539	15	1598198388.1	10:59:48	3	-0.323	0.118	200.0	17.0	0.23	0.04	194.07629090909091	-0.13497835497836363	0.02529007906618033	1	19.498889090909092	0.01778787878787813	0.002956021449502075	1	2	2	2/2	1.86681	1.86334	1.86899	1.86691	1.87161	1.86402	1.86567	1.86559	5	0	0	0	11111111	oooooooo	off	off	off	off	0.0	100.0	100.0	-0.323	0.118	2	337.051	494.414	21.4653	32.9724	29.9988	32.9375	32.9317	12.9871	43.6597	0	21.7875	200	16.9811	100.962	101.268	
4	1598198479.6	378.59999990463257	20200823 11:01:19	11:01:19		1598198471.5999994	0.006152494101088171	4.783270429791872	97.83762075872183	74.6256151910273	7.4186075902436865	9.72613644944942	0.38610508608081373	3.3792534886692525	0.36316414112883627	0.2289250679012893	321.4400537365903	26.972203517777338	27.007203225806453	3.580674183451667	55.21715129934602	1.9433085012608908	3.519392897916316	1.637365682190776	-271.3249898579884	-53.49107815375895	-3.411373147091082	-6.787387422248102	-0.041126581192463034	0.04616819027493273	3.4514234328892393	146.0	29.0	1	0	52525.0	0	0	0	0	0	-1	MPF-6509-20200823-11_01_21	276.1745	345.785	0.20131150859638214	0.5	1681.2005319349455	4.783270429791872	169.222507668432	0.4277947279378805	0.003439964668067127	-1.0	DARK-6510-20200823-11_01_28	197.86	147.925	0.4705796856515126	1.747624583038512	0.20131150859638214	0	6509	300	300	300	9861.89	327.716	-0.00655864	1.59076	2000.004516129032	1681.2005319349455	0.8405983678421262	0.19119673568425238	0.5	0: Broadleaf	1598198471.5999994	97.83762258064515	99.99138709677419	19.54822258064516	17.135693548387092	500.07470967741943	99.21100645161287	0.20000103225806456	26.713590322580643	27.007203225806453	999.9000000000003	9996.74870967742	0.0	141.91758064516128	2000.004516129032	0.9800030645161287	0.019996677419354833	0.0	276.1813870967742	5.00054	7276.219032258063	18703.7	49.614838709677414	50.667064516129024	50.01199999999999	49.76199999999999	50.96941935483869	1955.1132258064515	39.891290322580666	0.0	116.60000014305115	276.1745	-1.1755555565411955	-49.33948721830467	7276.20846153846	15	1598198504.6	11:01:44	4	-0.242	0.121	100.0	17.0	0.19	0.04	97.76360545454546	-0.051300432900459096	0.009762757028287812	1	19.54026	0.04993852813853069	0.006668694843002751	1	2	2	2/2	1.86676	1.86327	1.86895	1.86689	1.87151	1.86401	1.86564	1.86554	5	0	0	0	11111111	oooooooo	off	off	off	off	0.0	100.0	100.0	-0.242	0.121	2	336.753	493.879	21.466	32.9948	30.0001	32.9849	32.9845	8.14784	43.2849	0	21.4702	100	17.0541	100.955	101.266	
5	1598198596.1	495.09999990463257	20200823 11:03:16	11:03:16		1598198588.0999994	0.006292580711937698	0.3662026358180805	49.722483732073016	46.85980212390245	4.65844727310075	4.943033437081488	0.3952471075800393	3.3824785969273257	0.37126456528581925	0.23407372599581072	321.4432790859832	26.95872797137461	26.99768709677419	3.578673519489271	55.07703855835066	1.9404997248455076	3.523246303066332	1.6381737946437633	-277.5028093964525	-48.41615565996882	-3.0849177733255218	-7.56060374376365	-0.04117644939843513	0.04622417170483119	3.4547360511114036	145.0	29.0	1	0	52685.0	0	0	0	0	0	-1	MPF-6511-20200823-11_03_17	276.01396153846156	333.336	0.171964739666698	0.5	1681.217593225274	0.3662026358180805	144.55507287102841	0.4005447956416349	0.000812626896912931	-1.0	DARK-6512-20200823-11_03_25	199.82	133.51600000000002	0.4293271103203994	1.6681813632269042	0.17196473966669804	0	6511	300	300	300	9861.46	321.172	-0.00655835	1.4729	2000.0248387096772	1681.217593225274	0.8405983569233656	0.1911967138467314	0.5	0: Broadleaf	1598198588.0999994	49.722483870967736	49.99408387096773	19.519687096774195	17.052096774193547	500.062870967742	99.21245161290321	0.19998851612903223	26.732183870967745	26.99768709677419	999.9000000000003	10008.72451612903	0.0	140.94141935483873	2000.0248387096772	0.9800043225806448	0.019995587096774188	0.0	276.0581290322581	5.00054	7283.067741935483	18703.890322580646	49.7458064516129	50.86274193548387	50.153	49.909064516129035	51.078258064516106	1955.133870967742	39.890967741935505	0.0	116.0	276.01396153846156	-2.0091965808926404	13.018119796649772	7283.3515384615375	15	1598198621.1	11:03:41	5	-0.241	0.12	50.0	17.0	0.23	0.04	49.72135636363636	-0.0014147186147076135	0.007323356499121118	1	19.510330909090904	0.09683722943724075	0.012953130512839226	1	2	2	2/2	1.86679	1.86328	1.86904	1.86692	1.87162	1.86402	1.86568	1.86554	5	0	0	0	11111111	oooooooo	off	off	off	off	0.0	100.0	100.0	-0.241	0.12	2	337.756	492.993	21.6996	33.0271	29.9997	33.0348	33.0358	5.70354	43.8967	0	21.8154	50	17.0557	100.943	101.261	
6	1598198712.6	611.5999999046326	20200823 11:05:12	11:05:12		1598198704.5999994	0.0064505654628922585	30.512974810925698	386.80240774938505	251.5601013596208	25.00845214590999	38.45335350018259	0.4073505807675526	3.378406190025654	0.3818988276123753	0.24084086745819341	321.4412683478663	27.099122032324654	27.018896774193546	3.5831339634002277	54.79600159599768	1.9506999143648858	3.5599311218856626	1.632434049035342	-284.4699369135486	-20.141374089889215	-1.2861574763183004	15.543799868110167	-0.04111348338059028	0.04615348683367422	3.4505531498806667	145.0	29.0	1	0	52619.0	0	0	0	0	0	-1	MPF-6513-20200823-11_05_14	267.2948846153846	375.006	0.2872250454249142	0.5	1681.2072674188285	30.512974810925698	241.44241687653445	0.5144611019557019	0.018744253264683916	-1.0	DARK-6514-20200823-11_05_21	182.08	192.92599999999996	0.5583027450142303	2.0595672231985938	0.2872250454249142	0	6513	300	300	300	9861.03	342.361	-0.00655787	1.15237	2000.0125806451613	1681.2072674188285	0.8405983460746567	0.19119669214931348	0.5	0: Broadleaf	1598198704.5999994	386.80241935483866	400.00406451612906	19.62209677419355	17.092803225806453	500.0599354838709	99.21342903225806	0.19999945161290322	26.908312903225806	27.018896774193546	999.9000000000003	9993.320967741936	0.0	141.7606451612903	2000.0125806451613	0.9800054838709675	0.019994596774193543	0.0	267.2646129032258	5.00054	7116.241935483872	18703.77096774194	49.85067741935483	51.034	50.29199999999998	50.064225806451596	51.201225806451596	1955.1225806451614	39.89000000000002	0.0	115.90000009536743	267.2948846153846	-0.6842051222540415	21.11829049793296	7116.342692307692	15	1598198738.1	11:05:38	6	-0.175	0.119	400.0	17.0	0.05	0.04	386.7329090909091	0.051861471861561856	0.020564994730476027	1	19.610301818181817	0.12590735930736152	0.0169519158574973	1	2	2	2/2	1.86676	1.86325	1.86903	1.8669	1.87159	1.86401	1.86567	1.86554	5	0	0	0	11111111	oooooooo	off	off	off	off	0.0	100.0	100.0	-0.175	0.119	2	337.335	492.944	21.9857	33.0684	30.0004	33.0834	33.0859	22.1166	44.2223	0	21.98	400	17.1556	100.931	101.254	
7	1598198829.6	728.5999999046326	20200823 11:07:09	11:07:09		1598198821.5999994	0.006435086822864628	30.81943367603505	386.68314956380743	251.25082680658113	24.9779547108902	38.44188025181922	0.41068646166810574	3.381713327477703	0.38485391438008154	0.24271911807612	321.4398498152264	27.09692093900543	27.022258064516127	3.58384129578362	55.2989165077777	1.9679626005638282	3.558772440481791	1.6158786952197917	-283.7873288883301	-21.783693441491565	-1.3896547498450005	14.479172735559743	-0.041164614497222696	0.046210885991425935	3.4539500134837424	145.0	29.0	1	0	52534.0	0	0	0	0	0	-1	MPF-6515-20200823-11_07_11	268.03638461538463	376.271	0.287650696930179	0.5	1681.1977448381188	30.81943367603505	241.79885149006503	0.5116817400224838	0.01892664546674069	-1.0	DARK-6516-20200823-11_07_18	183.74	192.531	0.5621672114340827	2.0478447806683358	0.287650696930179	0	6515	300	300	300	9860.63	347.402	-0.0065577	1.30927	2000.0009677419355	1681.1977448381188	0.8405984656778663	0.1911969313557327	0.5	0: Broadleaf	1598198821.5999994	386.68316129032263	400.0044838709677	19.795545161290327	17.272803225806456	500.06706451612894	99.21443548387097	0.1999824838709678	26.90277419354839	27.022258064516127	999.9000000000003	10005.647741935485	0.0	142.66551612903223	2000.0009677419355	0.9800025806451612	0.01999762258064516	0.0	268.0187419354839	5.00054	7133.352903225806	18703.654838709674	49.973580645161285	51.12087096774193	50.414999999999985	50.19525806451611	51.32012903225804	1955.103225806452	39.897741935483886	0.0	116.60000014305115	268.03638461538463	2.005880337691212	24.98188030688441	7133.585384615385	15	1598198855.1	11:07:35	7	-0.159	0.122	400.0	17.0	0.13	0.04	386.6789454545454	-0.10846753246754412	0.02221663437551048	1	19.79618909090909	-0.04570735930736129	0.011705688946790301	1	2	2	2/2	1.86676	1.86325	1.86895	1.86687	1.87152	1.86401	1.86558	1.86554	5	0	0	0	11111111	oooooooo	off	off	off	off	0.0	100.0	100.0	-0.159	0.122	2	337.971	492.444	21.289	33.115	30.0001	33.1306	33.1338	22.114	44.1067	0	21.2973	400	17.1816	100.921	101.25	
8	1598198946.6	845.5999999046326	20200823 11:09:06	11:09:06		1598198938.5999994	0.006425053339307489	37.70520678783981	483.6916308252171	315.4990470237878	31.36529949288867	48.086144811375014	0.4048335369158234	3.381379233489697	0.3797055706767478	0.23944354289791323	321.4370981730196	27.01625177828877	26.974470967741937	3.573796671353228	54.72940736963867	1.938217810083284	3.5414558703197603	1.6355788612699438	-283.34485226346027	-28.194276441532846	-1.7976092030635185	8.100360264962948	-0.04115944810628715	0.04620508626500008	3.453606853384845	145.0	29.0	1	0	52579.0	0	0	0	0	0	-1	MPF-6517-20200823-11_09_08	275.1691538461539	402.438	0.3162446045200654	0.5	1681.1853190317277	37.70520678783981	265.83289317106437	0.5492473374780711	0.023022570057970725	-1.0	DARK-6518-20200823-11_09_15	181.4	221.03799999999998	0.5757781293435793	2.2185115766262404	0.3162446045200654	0	6517	300	300	300	9860.52	365.874	-0.00655763	1.60733	1999.9864516129035	1681.1853190317277	0.8405983538918095	0.19119670778361905	0.5	0: Broadleaf	1598198938.5999994	483.69164516129024	500.0150322580645	19.49625483870968	16.976616129032255	500.05493548387096	99.21487096774192	0.20000774193548387	26.819809677419354	26.974470967741937	999.9000000000003	10004.348064516129	0.0	143.02425806451615	1999.9864516129035	0.9800060645161289	0.0199941129032258	0.0	275.1966774193549	5.00054	7297.461612903223	18703.545161290323	50.043999999999976	51.21138709677419	50.4878064516129	50.26993548387097	51.379	1955.0964516129036	39.89000000000002	0.0	116.5	275.1691538461539	-0.5948034170627493	-8.325811996349609	7297.465	15	1598198975.1	11:09:35	8	-0.141	0.117	500.0	17.0	0.17	0.04	483.6475272727273	0.2611944878057303	0.036829264325316656	1	19.50132727272727	0.0005370887948775676	0.0016916322989087025	1	2	2	2/2	1.86676	1.86326	1.86893	1.8669	1.87158	1.86402	1.86561	1.86554	5	0	0	0	11111111	oooooooo	off	off	off	off	0.0	100.0	100.0	-0.141	0.117	2	337.249	491.721	21.934	33.1659	30.0001	33.1766	33.1798	26.404	45.5096	0	21.9396	500	17.0332	100.915	101.246	
9	1598199096.6	995.5999999046326	20200823 11:11:36	11:11:36		1598199088.5999994	0.005756228112904868	42.22743718477009	581.8153710770897	372.3611444996691	37.01603497194897	57.837662283332456	0.3609154231825664	3.3831686678947057	0.3408083380818806	0.21471835045527113	321.43646138642544	26.907584924256657	26.964877419354842	3.5717831170636734	55.607096342822956	1.9393139687074639	3.4875296432516665	1.6324691483562095	-253.84965977910468	-74.00052820261931	-4.709256939996796	-11.122983535295361	-0.04118712238418914	0.04623615306634496	3.4554448512987723	145.0	29.0	1	0	52658.0	0	0	0	0	0	-1	MPF-6519-20200823-11_11_38	279.5310769230769	417.531	0.33051419673490856	0.5	1681.18059645104	42.22743718477009	277.827027201165	0.5607032771219382	0.02571254823903089	-1.0	DARK-6520-20200823-11_11_45	183.42	234.11100000000002	0.5894636436430714	2.276365718024207	0.3305141967349085	0	6519	300	300	300	9860.12	379.216	-0.00655735	1.61688	1999.9806451612906	1681.18059645104	0.8405984330490655	0.19119686609813097	0.5	0: Broadleaf	1598199088.5999994	581.8153870967742	600.0438064516128	19.50844193548387	17.251138709677424	500.05980645161287	99.20900000000002	0.19996229032258062	26.559158064516136	26.964877419354842	999.9000000000003	10011.667096774194	0.0	140.87748387096775	1999.9806451612906	0.9800037096774193	0.019996564516129033	0.0	279.5454193548387	5.00054	7398.784516129033	18703.470967741934	50.23374193548388	51.42506451612902	50.644999999999996	50.46951612903225	51.546064516129015	1955.0854838709681	39.8951612903226	0.0	149.5	279.5310769230769	-1.6431453055131504	-24.036581252028878	7399.04346153846	15	1598199125.1	11:12:05	9	-0.161	0.118	600.0	17.0	0.15	0.04	581.8093818181818	0.2649870129867821	0.041272703243885524	1	19.539214545454545	-0.266738528138524	0.04175345567922523	0	1	2	1/2	1.86676	1.86331	1.86902	1.86691	1.87157	1.86402	1.86566	1.86554	5	0	0	0	11111111	oooooooo	off	off	off	off	0.0	100.0	100.0	-0.161	0.118	2	337.657	490.309	21.42	33.2781	29.9973	33.267	33.2688	30.5595	45.9293	0	21.4163	600	17.0022	100.9	101.231	
10	1598199231.6	1130.5999999046326	20200823 11:13:51	11:13:51		1598199223.6032252	0.005080307246819438	45.66290762577946	680.39866004952	422.23588609145065	41.974461917828236	67.63841868003698	0.31355261156379893	3.3845647483220445	0.2982624253980604	0.1877256275969813	321.44070116484136	26.8853523630186	26.960199999999997	3.570801750045152	55.752911210961834	1.924349895017499	3.451568453055316	1.646451855027653	-224.04154958473723	-105.25204029756009	-6.6892416775268515	-14.54213039498282	-0.041208717856510084	0.0462603958758925	3.4568788279962996	146.0	29.0	1	0	52489.0	0	0	0	0	0	-1	MPF-6521-20200823-11_13_53	283.09811538461537	428.584	0.3394571066941011	0.5	1681.202825483299	45.66290762577946	285.34812345225424	0.5660127302932447	0.027755668095766597	-1.0	DARK-6522-20200823-11_14_00	186	242.584	0.5997340492999729	2.304215053763441	0.3394571066941011	0	6521	300	300	300	9860.12	389.446	-0.00655714	1.56818	2000.007096774193	1681.202825483299	0.8405984299730271	0.19119685994605445	0.5	0: Broadleaf	1598199223.6032252	680.3986774193546	700.0437096774194	19.357712903225803	17.365209677419355	500.07087096774194	99.21002258064517	0.1999596129032258	26.383377419354836	26.960199999999997	999.9000000000003	10016.81322580645	0.0	137.9004193548387	2000.007096774193	0.9800036451612905	0.01999662903225806	0.0	283.11509677419366	5.00054	7483.743548387097	18703.732258064516	50.36274193548387	51.5884193548387	50.80799999999997	50.61270967741935	51.66299999999998	1955.1116129032257	39.89548387096776	0.0	134.60000014305115	283.09811538461537	-0.0939829184899545	-40.67589757622282	7483.325000000001	15	1598199257.6	11:14:17	10	-0.03	0.117	700.0	17.0	0.11	0.03	680.2278181818182	0.2946111811380038	0.0526584503825709	1	19.351114545454543	0.08427148775421374	0.014622727244468482	1	2	2	2/2	1.86677	1.86328	1.86899	1.86691	1.87159	1.86402	1.86566	1.86555	5	0	0	0	11111111	oooooooo	off	off	off	off	0.0	100.0	100.0	-0.03	0.117	2	336.792	489.323	21.1035	33.4235	29.9972	33.3832	33.3784	34.5978	46.1026	0	21.132	700	17.0131	100.873	101.206	
11	1598199366.7	1265.7000000476837	20200823 11:16:06	11:16:06		1598199358.645161	0.004626792515474206	48.16427483485053	779.2764332534383	470.6958488624568	46.79150245532875	77.46725455106613	0.2749450634410985	3.3781982903990784	0.2630907841006551	0.16545420748145	321.4389004467015	27.02384314167542	27.091787096774194	3.5984999845514465	54.89538161091936	1.89859693939069	3.4585731689549566	1.6999030451607564	-204.0415499324125	-122.76076229961461	-7.823200844791196	-13.186612630116798	-0.04111026982669346	0.04614987933790225	3.4503396110300475	144.0	29.0	1	0	52505.0	0	0	0	0	0	-1	MPF-6523-20200823-11_16_08	284.17226923076925	434.149	0.3454499049156643	0.5	1681.1945596160601	48.16427483485053	290.38425038205	0.5777486531121804	0.02924365568139736	-1.0	DARK-6524-20200823-11_16_15	183.32	250.829	0.5979242064084725	2.3682576914684703	0.34544990491566435	0	6523	300	300	300	9859.91	394.074	-0.00655687	2.71091	1999.9974193548387	1681.1945596160601	0.8405983644510809	0.19119672890216202	0.5	0: Broadleaf	1598199358.645161	779.276451612903	799.9817741935484	19.098803225806453	17.28366129032258	500.06296774193555	99.20921290322579	0.19999703225806453	26.417741935483868	27.091787096774194	999.9000000000003	9992.964516129034	0.0	143.30019354838709	1999.9974193548387	0.980004290322581	0.019996054838709674	0.0	284.1930967741936	5.00054	7521.644193548388	18703.635483870967	50.44316129032256	51.67899999999997	50.882999999999996	50.689290322580646	51.721548387096774	1955.1087096774197	39.890967741935505	0.0	134.60000014305115	284.17226923076925	-1.8530940104021651	-33.29128214949793	7521.741153846154	15	1598199397.1	11:16:37	11	-0.123	0.121	800.0	17.0	0.12	0.05	779.3274909090908	0.2997818339624987	0.05086555281140657	1	19.107738181818178	-0.1178930452871711	0.016389680688099307	1	2	2	2/2	1.86676	1.86325	1.8689	1.86683	1.87151	1.864	1.86556	1.86553	5	0	0	0	11111111	oooooooo	off	off	off	off	0.0	100.0	100.0	-0.123	0.121	2	338.284	488.651	20.4384	33.5007	30.0007	33.4701	33.4665	38.5355	46.005	0	20.3209	800	17.3515	100.85	101.186	
12	1598199518.7	1417.7000000476837	20200823 11:18:38	11:18:38		1598199510.6451604	0.004445897733541517	51.358070888698315	977.7350449571097	628.3843197144832	62.46869477290255	97.1982116293856	0.2607749407221243	3.3797794782444783	0.25009030931528814	0.1572299358249377	321.4400097816634	26.61822616759243	26.96717096774194	3.572264411327236	55.01685169142413	1.8532324526067938	3.36848146637164	1.7190319587204421	-196.06409004918092	-181.50475182418597	-11.528375961961746	-67.65720805366524	-0.04113471284641487	0.046177318768865674	3.4519636920924066	145.0	29.0	1	0	52523.0	0	0	0	0	0	-1	MPF-6525-20200823-11_18_40	283.9490769230769	432.5	0.34347034237438867	0.5	1681.1992911017921	51.358070888698315	288.72104805715605	0.5797919075144509	0.031143286322934914	-1.0	DARK-6526-20200823-11_18_47	181.74	250.76	0.592402787832681	2.3797733025200833	0.3434703423743886	0	6525	300	300	300	9859.94	391.327	-0.00655702	1.34656	2000.0029032258058	1681.1992911017921	0.8405984253273757	0.19119685065475145	0.5	0: Broadleaf	1598199510.6451604	977.7350645161292	1000.0138387096773	18.6420129032258	16.89705806451613	500.0722258064517	99.21158709677418	0.20001948387096774	25.971045161290323	26.96717096774194	999.9000000000003	9998.666774193549	0.0	144.77641935483868	2000.0029032258058	0.9800043870967742	0.01999595161290323	0.0	283.9426774193548	5.00054	7543.2561290322565	18703.674193548388	50.58429032258062	51.84248387096773	51.04199999999999	50.862677419354824	51.82019354838708	1955.1112903225808	39.8951612903226	0.0	151.40000009536743	283.9490769230769	-1.2270769265790067	-98.4300852524791	7541.916153846153	15	1598199543.1	11:19:03	12	0.248	0.115	1000.0	17.0	0.11	0.05	977.2901636363636	0.626040323687292	0.09067640038497764	0	18.683500000000002	-0.3018267623891915	0.04068689313190792	0	0	2	0/2	1.86676	1.86325	1.86893	1.86688	1.87153	1.86401	1.86555	1.86554	5	0	0	0	11111111	oooooooo	off	off	off	off	0.0	100.0	100.0	0.248	0.115	2	337.444	487.415	20.63	33.6756	30.0006	33.6091	33.602	46.1162	48.4464	0	20.6443	1000	16.9147	100.82	101.155	
13	1598199646.2	1545.2000000476837	20200823 11:20:46	11:20:46		1598199638.1999993	0.0038299183276243823	53.27886880209747	1176.930108816944	757.4731663226427	75.30258033699808	117.0019982364233	0.22420101152406297	3.3801892851635023	0.21625507721746545	0.13584987231701012	321.439817601961	26.702390208690066	26.986732258064514	3.5763715905660804	55.518010586092245	1.863925224432492	3.3573343222414054	1.7124463661335885	-168.89939824823526	-195.29532688794794	-12.400530420580333	-55.155437954802494	-0.04114104874138268	0.04618443136602192	3.452384617396989	145.0	29.0	1	0	52711.0	0	0	0	0	0	-1	MPF-6527-20200823-11_20_47	281.25953846153845	421.248	0.3323184004160531	0.5	1681.1943190315674	53.27886880209747	279.3459034445631	0.5700395016712245	0.03228589829720825	-1.0	DARK-6528-20200823-11_20_55	181.12	240.128	0.5829743367639824	2.3257950530035334	0.3323184004160531	0	6527	300	300	300	9859.74	384.496	-0.00655682	1.57788	1999.9964516129035	1681.1943190315674	0.8405986509004868	0.19119730180097366	0.5	0: Broadleaf	1598199638.1999993	1176.9301290322578	1200.0425806451613	18.74933548387097	17.246229032258068	500.0457419354839	99.21289677419357	0.19997180645161286	25.915051612903223	26.986732258064514	999.9000000000003	10000.07483870968	0.0	127.62200000000001	1999.9964516129035	0.9799940000000004	0.020006300000000008	0.0	281.2469354838709	5.00054	7469.589032258065	18703.564516129034	50.641000000000005	51.93306451612901	51.12893548387097	50.927032258064486	51.891	1955.086451612903	39.91000000000001	0.0	126.80000019073486	281.25953846153845	-0.964991444117884	-33.22495728295308	7469.211153846153	15	1598199671.7	11:21:11	13	0.212	0.121	1200.0	17.0	0.07	0.06	1176.9265454545455	0.2785281385283711	0.05951984181977199	1	18.75574909090909	-0.12697575757575172	0.018252619963643378	1	2	2	2/2	1.86676	1.86326	1.86903	1.86691	1.87162	1.86401	1.86566	1.86554	5	0	0	0	11111111	oooooooo	off	off	off	off	0.0	100.0	100.0	0.212	0.121	2	337.347	487.01	20.1528	33.795	29.9944	33.7267	33.7173	53.4047	46.8417	0	20.2832	1200	17.044	100.803	101.137	
14	1598199763.7	1662.7000000476837	20200823 11:22:43	11:22:43		1598199755.6999993	0.003825617691160274	54.387455479732054	1575.85494708478	1135.6665862607938	112.89801360219401	156.657680522976	0.22332877819336355	3.3804412858329775	0.21544394517903467	0.13533769439559948	321.43900794139154	26.803153044606695	26.9315935483871	3.5648049648844418	54.708031324480736	1.8476231513353871	3.3772429871893657	1.7171818135490546	-168.70974018016807	-167.05641122489212	-10.609041781374552	-24.93618524504322	-0.04114494501479506	0.046188805274259614	3.4526434553436385	145.0	29.0	1	0	52651.0	0	0	0	0	0	-1	MPF-6529-20200823-11_22_45	278.34665384615386	409.261	0.3198798472218124	0.5	1681.1931561968838	54.387455479732054	268.8899049773079	0.5632615861271902	0.03294532533372129	-1.0	DARK-6530-20200823-11_22_53	178.74	230.52100000000002	0.5679063779605596	2.2897001230838088	0.3198798472218124	0	6529	300	300	300	9859.5	373.596	-0.00655659	0.858887	1999.9954838709675	1681.1931561968838	0.8405984762240335	0.19119695244806714	0.5	0: Broadleaf	1598199755.6999993	1575.8549677419355	1600.0183870967742	18.58565806451613	17.084038709677422	500.0622903225807	99.21124838709676	0.19998283870967742	26.014941935483872	26.9315935483871	999.9000000000003	10001.188064516129	0.0	127.63106451612903	1999.9954838709675	0.9800007419354841	0.019999619354838714	0.0	278.363064516129	5.00054	7405.424838709678	18703.58709677419	50.65706451612904	51.92899999999997	51.125	50.90306451612903	51.87493548387096	1955.0996774193547	39.89838709677421	0.0	116.70000004768372	278.34665384615386	-4.550393165707542	-365.39623968046277	7404.104615384616	15	1598199785.2	11:23:05	14	0.166	0.118	1600.0	17.0	0.19	0.04	1575.8736363636365	0.27341991342015703	0.04477676493104197	1	18.56799818181818	0.19221471861471814	0.0265073402589416	1	2	2	2/2	1.86676	1.86326	1.86898	1.86691	1.87159	1.86401	1.86557	1.86554	5	0	0	0	11111111	oooooooo	off	off	off	off	0.0	100.0	100.0	0.166	0.118	2	337.419	487.329	21.2501	33.8295	29.9999	33.79	33.7819	67.1152	48.6068	0	21.2482	1600	17.1613	100.799	101.137	
15	1598199882.7	1781.7000000476837	20200823 11:24:42	11:24:42		1598199874.6999993	0.0030560030754742972	55.08410429170826	1775.8016566153	1227.8976964859244	122.06297050606749	176.52905926641577	0.17862732717177335	3.3841762689213706	0.17354982644030564	0.10891281294637171	321.44040204194215	26.925197326263905	26.983664516129032	3.5757272008298404	55.63815568595315	1.8732454953666144	3.3668360718857344	1.702481705463226	-134.7697356284165	-186.25615984217373	-11.815283518967885	-11.400776947615952	-0.041202708204942484	0.046253649515533485	3.456479802710074	145.0	29.0	1	0	52873.0	0	0	0	0	0	-1	MPF-6531-20200823-11_24_44	276.08173076923083	402.166	0.3135130001809431	0.5	1681.1973093541458	55.08410429170826	263.53860617587367	0.556053967764555	0.033359620539277275	-1.0	DARK-6532-20200823-11_24_51	178.54	223.626	0.5638175759114288	2.252526044583847	0.31351300018094314	0	6531	300	300	300	9859.46	368.12	-0.00655654	0.9245	2000.0	1681.1973093541458	0.8405986546770728	0.1911973093541458	0.5	0: Broadleaf	1598199874.6999993	1775.801677419355	1800.0032258064516	18.843993548387097	17.644767741935485	500.0585806451613	99.20817096774192	0.19992374193548387	25.962790322580645	26.983664516129032	999.9000000000003	10015.539354838711	0.0	146.4081612903226	2000.0	0.9799941290322584	0.02000613225806452	0.0	276.09599999999995	5.00054	7343.856451612902	18703.6	50.70325806451611	51.97358064516128	51.17899999999998	50.92303225806449	51.91699999999999	1955.089677419355	39.91032258064517	0.0	118.39999985694885	276.08173076923083	0.12912821268959793	18.18700847203315	7344.3065384615375	15	1598199906.7	11:25:06	15	0.458	0.125	1800.0	17.0	0.23	0.08	1775.4818181818184	0.2927272727267261	0.05618446595699945	1	18.83353090909091	0.03345108225107917	0.005636532548788689	1	2	2	2/2	1.86679	1.86331	1.86905	1.86691	1.87164	1.86406	1.86566	1.86556	5	0	0	0	11111111	oooooooo	off	off	off	off	0.0	100.0	100.0	0.458	0.125	2	337.09	487.425	19.8347	33.8478	29.9917	33.8318	33.8301	73.5979	47.6071	0	20.4492	1800	17.3887	100.79	101.13	
