[Header]
File opened	2020-08-23 13:24:23
Console s/n	68C-571038
Console ver	Bluestem v.1.3.4
Scripts ver	2018.05  1.3.4, Mar 2018
Head s/n	68H-581038
Head ver	1.4.0
Head cal	{"chamberpressurezero": "2.59209", "co2aspan1": "0.992625", "co2aspan2a": "0.164928", "co2aspanconc2": "0", "co2bzero": "0.880288", "h2oaspan1": "1.00223", "flowazero": "0.42932", "tazero": "0.00774765", "h2obzero": "1.01783", "ssa_ref": "36614.9", "h2obspanconc1": "20", "co2bspanconc1": "1002", "h2oaspanconc2": "0", "co2aspan2": "0", "oxygen": "21", "h2obspan2b": "0.0963575", "co2bspanconc2": "0", "co2bspan2": "0", "co2aspan2b": "0.163711", "h2oaspanconc1": "12.19", "co2azero": "0.869071", "h2oaspan2": "0", "h2obspanconc2": "0", "h2oaspan2a": "0.0661155", "co2aspanconc1": "1002", "co2bspan2b": "0.162103", "h2oaspan2b": "0.0662632", "h2obspan1": "0.998578", "co2bspan2a": "0.163389", "tbzero": "0.197721", "h2obspan2": "0", "ssb_ref": "36526.8", "flowbzero": "0.22736", "flowmeterzero": "0.990908", "co2bspan1": "0.992131", "h2obspan2a": "0.0975941", "h2oazero": "1.00263"}
Chamber type	6800-01A
Chamber s/n	MPF-551037
Chamber rev	0
Chamber cal	0
Fluorometer	MPF-551037
Flr. Version	1.4.0
13:24:23	Stability Definition:	CO2_s (Meas): Slp<0.3	H2O_s (Meas): Slp<0.2
SysConst:AvgTime	4
SysConst:Oxygen	21
SysConst:Chamber	6800-01A 2 cm²
Const:S	2.0
Const:CustomBLC	2.0
LTConst:deltaTw	0
LTConst:fT1	1
LTConst:fT2	0
LTConst:fTeb	0
LQConst:Leaf	standard
LQConst:Ambient	Sun+Sky
LQConst:abs_ambient	0.49
LQConst:abs_redLED	0.84
LQConst:abs_greenLED	0.7
LQConst:abs_blueLED	0.87
LQConst:abs_whiteLED	0.75
LQConst:abs_redFlr	0.84
LQConst:abs_blueFlr	0.87
LQConst:k_ambient	0.39
LQConst:k_redLED	0.18
LQConst:k_greenLED	0.23
LQConst:k_blueLED	0.26
LQConst:k_whiteLED	0.21
LQConst:k_redFlr	0.19
LQConst:k_blueFlr	0.25
QConst:fQ_Amb_in	0.0
QConst:fQ_Amb_out	0.0
QConst:fQ_HeadLS	0.0
QConst:fQ_ConsoleLS	0.0
QConst:fQ_Flr	1.0
LeakConst:fan_a	-6276.0
LeakConst:fan_b	6.6
LeakConst:fan_c	1.709e-05
LeakConst:fan_d	3.11
LeakConst:Fs_meas	2.94359 76.2785 384.689 618.449 845.034 1049.11 1224.88 1398.33
LeakConst:Fs_true	0.282282 99.9505 401.086 601.05 800.065 1000.06 1200.05 1401.49
LeakConst:leak_wt	0.0
[Data]
Sys	Sys	Sys	Sys	Sys	UserDefVar	GasEx	GasEx	GasEx	GasEx	GasEx	GasEx	GasEx	GasEx	GasEx	GasEx	GasEx	GasEx	GasEx	GasEx	GasEx	GasEx	GasEx	GasEx	GasEx	GasEx	GasEx	GasEx	GasEx	GasEx	GasEx	GasEx	Leak	Leak	Leak	Leak	Leak	FLR	FLR	FLR	FLR	FLR	FLR	FLR	FLR	FLR	FLR	FLR	FLR	FLR	FLR	FLR	FLR	FLR	FLR	FLR	FLR	FLR	FLR	FLR	FLR	MPF	MPF	MPF	MPF	MPF	MPF	MPF	MPF	LeafQ	LeafQ	LeafQ	LeafQ	Const	Const	Meas	Meas	Meas	Meas	Meas	Meas	Meas	Meas	Meas	Meas	Meas	Meas	Meas	Meas	FlrLS	FlrLS	FlrLS	FlrLS	FlrLS	FlrLS	FlrLS	FlrLS	FlrLS	FlrLS	FlrLS	FlrLS	FlrLS	FlrLS	FlrLS	FlrLS	FlrLS	FlrStats	FlrStats	FlrStats	FlrStats	FlrStats	Match	Match	Match	Match	Match	Match	Match	Match	Match	Stability	Stability	Stability	Stability	Stability	Stability	Stability	Stability	Stability	Stability	Stability	Auxiliary	Auxiliary	Auxiliary	Auxiliary	Auxiliary	Auxiliary	Auxiliary	Auxiliary	Auxiliary	Auxiliary	Auxiliary	Auxiliary	Auxiliary	Auxiliary	Auxiliary	Auxiliary	Auxiliary	Auxiliary	Auxiliary	Status	Status	Status	Status	Status	Status	Status	Status	Status	Status	Status	Status	Status	Status	Status	Status	Status	Status	Status	Status	
obs	time	elapsed	date	hhmmss	plant	TIME	E	A	Ca	Ci	Pci	Pca	gsw	gbw	gtw	gtc	Rabs	TleafEB	TleafCnd	SVPleaf	RHcham	VPcham	SVPcham	VPDleaf	LatHFlux	SenHFlux	NetTherm	EBSum	blfa_1	blfa_2	blfa_3	Leak	LeakPct	CorrFact	CorrFactPct	Fan	DarkAdaptedID	Fo	Fm	Fv	Fv/Fm	Adark	LightAdaptedID	Fs	Fm'	PhiPS2	PS2/1	Qabs_fs	Afs	ETR	Fv'/Fm'	PhiCO2	NPQ	DarkPulseID	Fo'	Fv'	qP	qN	qP_Fo	qN_Fo	ID	P1_dur	P2_dur	P3_dur	P1_Qmax	P1_Fmax	P2_dQdt	P3_ΔF	Qin	Qabs	alpha	convert	K	Geometry	TIME	CO2_s	CO2_r	H2O_s	H2O_r	Flow	Pa	ΔPcham	Tair	Tleaf	Tleaf2	Fan_speed	Qamb_in	Qamb_out	Q	f_red	f_blue	f_farred	F	Q_modavg	F_dc	Pc	Tled	TDigital	TPreamp	TPwrSpy	TDrive	Q_red	Q_blue	Q_farred	TSPF	F_avg	dF/dt	dF_dc/dt	F_dc_avg	period	time	hhmmss	count	co2_adj	h2o_adj	co2_at	h2o_at	co2_cv	h2o_cv	CO2_s:MN	CO2_s:SLP	CO2_s:SD	CO2_s:OK	H2O_s:MN	H2O_s:SLP	H2O_s:SD	H2O_s:OK	Stable	Total	State	ADC_CH1	ADC_CH2	ADC_CH3	ADC_CH4	ADC_CH5	ADC_CH6	ADC_CH7	ADC_CH8	DAC_1	DAC_2	DAC_3	DAC_4	GPIO	GPIO_dir	excit_5v	power_12v	power_5v	ch1_pullup	AuxPower	MatchValveR	MatchValveS	MatchCO2	MatchH2O	DIAG	Flow_s	Flow_r	Txchg	Tirga	Tchopper	Ts	Tr	CO2_%	Desiccant_%	Humidifier_%	Txchg_sp	CO2_r_sp	H2O_r_sp	SS_s	SS_r	
	s	s				s	mol m⁻² s⁻¹	µmol m⁻² s⁻¹	µmol mol⁻¹	µmol mol⁻¹	Pa	Pa	mol m⁻² s⁻¹	mol m⁻² s⁻¹	mol m⁻² s⁻¹	mol m⁻² s⁻¹	W m⁻²	°C	°C	kPa	%	kPa	kPa	kPa	W m⁻²	W m⁻²	W m⁻²	W m⁻²				µmol s⁻¹	%		%	µmol s⁻¹						µmol m⁻² s⁻¹						µmol m⁻² s⁻¹	µmol m⁻² s⁻¹	µmol m⁻² s⁻¹		µmol µmol⁻¹										ms	ms	ms	µmol m⁻² s⁻¹		mol m⁻² s⁻²		µmol m⁻² s⁻¹	µmol m⁻² s⁻¹		J/µmol			s	µmol mol⁻¹	µmol mol⁻¹	mmol mol⁻¹	mmol mol⁻¹	µmol s⁻¹	kPa	kPa	°C	°C	°C	rpm	µmol m⁻² s⁻¹	µmol m⁻² s⁻¹	µmol m⁻² s⁻¹					µmol m⁻² s⁻¹			°C	°C	°C	°C	°C	µmol m⁻² s⁻¹	µmol m⁻² s⁻¹	µmol m⁻² s⁻¹	s		min⁻¹	min⁻¹		s	secs			µmol/mol	mmol/mol	µmol/mol	mmol/mol	%	%	µmol mol⁻¹	µmol mol⁻¹ min⁻¹	µmol mol⁻¹		mmol mol⁻¹	mmol mol⁻¹ min⁻¹	mmol mol⁻¹					V	V	V	V	V	V	V	V	V	V	V	V							V	%	%	µmol/mol	mmol/mol		µmol s⁻¹	µmol s⁻¹	°C	°C	°C	°C	°C	%	%	%	°C	µmol mol⁻¹	mmol mol⁻¹	%	%	
1	1598207299.9	0	20200823 13:28:19	13:28:19		1598207291.9000006	0.00561169711208992	28.049625569817312	387.8832151148788	237.97319353046515	23.64631873688479	38.54219881332928	0.33297025600931035	3.380344847926242	0.3157631435335152	0.1988238248202966	321.4383337803815	26.92700421002743	27.163896774193542	3.613758004958484	54.4326112861876	1.8968157050596135	3.484704592044686	1.7169422998988706	-247.4758426431655	-112.71438854245865	-7.185589331948931	-45.93748673719152	-0.04114345393809796	0.046187131410041625	3.4525444008585504	153.0	31.0	1	0	52442.0	0	0	0	0	0	-1	MPF-6623-20200823-13_28_21	306.1512307692308	424.134	0.2781733349148364	0.5	1681.1918222575355	28.049625569817312	233.83136791446478	0.5308558144360037	0.01727918562606909	-1.0	DARK-6624-20200823-13_28_29	198.98	225.15400000000002	0.5240092080565711	2.1315408583777264	0.2781733349148364	0	6623	300	300	300	9875.1	392.208	-0.00656872	1.55377	1999.9941935483873	1681.1918222575355	0.8405983515755948	0.1911967031511896	0.5	0: Broadleaf	1598207291.9000006	387.8832258064516	399.97261290322587	19.08928387096774	16.887661290322583	500.0470000000001	99.1654870967742	0.19998506451612905	26.5454064516129	27.163896774193542	999.9000000000003	10005.44064516129	0.0	169.31890322580642	1999.9941935483873	0.9800067096774194	0.019993351612903224	0.0	306.22506451612907	5.00054	8030.446774193548	18703.619354838713	47.37487096774193	48.94112903225804	47.674999999999976	48.28999999999998	48.840451612903216	1955.1041935483877	39.89000000000002	0.0	466.2999999523163	306.1512307692308	-11.748854708123758	-190.49606842884964	8028.780384615384	15	1598207324.9	13:28:44	61	-0.28	0.115	400.0	17.0	0.11	0.04	388.20279999999997	0.6713679653679925	0.08939928818101749	0	19.084134545454543	0.0534588744588744	0.008061360547965938	1	1	2	1/2	1.86663	1.86316	1.86882	1.86676	1.87148	1.86389	1.86543	1.86537	5	0	0	0	11111111	oooooooo	off	off	off	off	0.0	100.0	100.0	-0.28	0.115	2	329.839	465.772	20.7671	35.5266	30.0011	35.4426	35.4352	21.985	55.4461	0	20.5615	400	17.0495	100.451	100.911	
2	1598207416.9	117.0	20200823 13:30:16	13:30:16		1598207408.906452	0.004716420907240389	18.774407340186684	291.93279932547546	171.5638034927586	17.04864650467635	29.009960128511146	0.2742567081187195	3.377695350953415	0.26245866732754247	0.1650543791341494	321.43679891033406	26.69165564577591	27.162812903225806	3.613528246336931	55.28395500807663	1.8771318949564177	3.3954370570668844	1.7363963513805132	-207.99416200930116	-192.4837896700439	-12.253518474553026	-91.29467124356401	-0.04110249613826888	0.046141152691633144	3.449823030123224	153.0	31.0	1	0	52719.0	0	0	0	0	0	-1	MPF-6625-20200823-13_30_18	287.6491153846154	384.968	0.2527973354029026	0.5	1681.17834199844	18.774407340186684	212.49870259713768	0.47917749007709737	0.011762230601115508	-1.0	DARK-6626-20200823-13_30_26	200.5	184.46800000000002	0.527565131163045	1.9200399002493767	0.25279733540290256	0	6625	300	300	300	9874.15	357.568	-0.00656803	1.72467	1999.977419354839	1681.17834199844	0.8405986616292705	0.19119732325854122	0.5	0: Broadleaf	1598207408.906452	291.93280645161303	299.99258064516124	18.889938709677423	17.03917741935484	500.04590322580646	99.17206451612905	0.19998341935483868	26.10578064516129	27.162812903225806	999.9000000000003	9994.817419354838	0.0	114.60339677419356	1999.977419354839	0.9799942580645162	0.020005909677419356	0.0	287.72941935483874	5.00054	7074.912903225805	18703.38709677419	47.515870967741925	49.138935483870966	47.82629032258063	48.43325806451612	48.9594193548387	1955.0664516129034	39.91032258064517	0.0	116.59999990463257	287.6491153846154	-5.113264953272487	-6284.29879291439	7017.0630769230775	15	1598207440.9	13:30:40	62	-0.34	0.114	300.0	17.0	0.38	0.05	291.9659636363636	0.2804843731124889	0.03818327269956847	1	18.90156909090909	-0.10655330475257443	0.014113795607358167	1	2	2	2/2	1.86665	1.86317	1.86879	1.86676	1.87146	1.86388	1.86552	1.86537	5	0	0	0	11111111	oooooooo	off	off	off	off	0.0	100.0	100.0	-0.34	0.114	2	329.557	464.495	20.2834	35.7235	30.0008	35.5962	35.5843	17.4967	55.7063	0	17.1667	300	17.0393	100.422	100.877	
3	1598207532.4	232.5	20200823 13:32:12	13:32:12		1598207524.4000006	0.004519693759576208	11.125854790155493	195.16906028252063	120.92841069149945	12.017447026616559	19.395225900745224	0.26464754769302345	3.3812044927936378	0.2536548408689649	0.15948387761786265	321.4422068455266	26.776377585390808	26.95801612903226	3.5703436337773757	54.292716770645875	1.8478961801076916	3.4035802406314333	1.722447453669684	-199.3184947973108	-147.96570112370642	-9.401972621690847	-35.243961697181476	-0.04115674602744817	0.04620205294478822	3.453427371013854	153.0	31.0	1	0	52520.0	0	0	0	0	0	-1	MPF-6627-20200823-13_32_14	282.09515384615383	359.611	0.21555471371522605	0.5	1681.2065512896236	11.125854790155493	181.19599842969865	0.4373920708765861	0.007212590731849079	-1.0	DARK-6628-20200823-13_32_22	202.32	157.291	0.4928180643129369	1.777436733886912	0.21555471371522605	0	6627	300	300	300	9874.3	341.697	-0.00656796	2.38046	2000.0109677419357	1681.2065512896236	0.8405986659101922	0.1911973318203846	0.5	0: Broadleaf	1598207524.4000006	195.16906451612905	199.97170967741937	18.5948935483871	16.820832258064517	500.056064516129	99.1765677419355	0.19997212903225806	26.146300000000004	26.95801612903226	999.9000000000003	10007.554838709677	0.0	75.10803548387098	2000.0109677419357	0.9799936774193548	0.020006412903225808	0.0	282.1079677419355	5.00054	6813.3422580645165	18703.70322580645	47.529999999999994	49.138999999999996	47.846548387096774	48.38487096774193	48.96341935483869	1955.0996774193552	39.911290322580655	0.0	114.79999995231628	282.09515384615383	-2.575794878264656	3823.084443144538	6832.137692307691	15	1598207553.4	13:32:33	63	-0.343	0.113	200.0	17.0	0.51	0.05	195.1888181818182	-0.1554841828591713	0.023508676084367942	1	18.59153090909091	0.03180087730436739	0.03374867470921017	1	2	2	2/2	1.86676	1.86325	1.8689	1.86688	1.87153	1.86401	1.86554	1.86541	5	0	0	0	11111111	oooooooo	off	off	off	off	0.0	100.0	100.0	-0.343	0.113	2	329.326	463.596	22.2702	35.8463	30	35.7251	35.705	12.8338	56.2572	0	22.2821	200	16.9914	100.398	100.855	
4	1598207645.0	345.09999990463257	20200823 13:34:05	13:34:05		1598207637.0225809	0.004331013902908227	3.887016409556262	98.28981142201134	71.15327692836041	7.070714074062153	9.76735272021638	0.2599729450703091	3.3782469826696744	0.24934788720778134	0.15676086407607182	321.4427702893753	26.990866421618332	27.061470967741933	3.592102063900932	55.66583381101462	1.9138741543345812	3.438148723024934	1.6782279095663506	-190.99771311825282	-135.52148299441976	-8.63063724103828	-13.707063064335586	-0.04111102246674553	0.046150724242295584	3.4503896240520655	152.0	30.0	1	0	52501.0	0	0	0	0	0	-1	MPF-6629-20200823-13_34_06	280.51326923076925	347.189	0.19204447943117653	0.5	1681.2097738702773	3.887016409556262	161.4335279187617	0.40787294528340473	0.0029068451097009535	-1.0	DARK-6630-20200823-13_34_14	205.58	141.609	0.47084387834975716	1.688826734118105	0.19204447943117658	0	6629	300	300	300	9874.33	331.265	-0.00656799	1.59805	2000.0148387096776	1681.2097738702773	0.8405986502354755	0.19119730047095118	0.5	0: Broadleaf	1598207637.0225809	98.28981290322581	100.01475483870966	19.259500000000003	17.5606	500.0412903225807	99.17300000000002	0.1999927741935484	26.317370967741937	27.061470967741933	999.9000000000003	9996.796451612903	0.0	142.01509677419352	2000.0148387096776	0.9799938709677419	0.020006245161290327	0.0	280.5273548387097	5.00054	7513.927419354837	18703.738709677426	47.42906451612902	49.05799999999997	47.769999999999996	48.296064516129015	48.91103225806451	1955.104516129032	39.91032258064517	0.0	112.0	280.51326923076925	-1.2045470099319826	-53.00683770462939	7513.308076923075	15	1598207671.6	13:34:31	64	-0.262	0.12	100.0	17.0	0.56	0.04	98.21113272727273	-0.0146409247033217	0.007570686399658531	1	19.24355636363637	0.08364962542463335	0.01149060902945384	1	2	2	2/2	1.86662	1.86314	1.86886	1.86676	1.87145	1.86389	1.86543	1.86539	5	0	0	0	11111111	oooooooo	off	off	off	off	0.0	100.0	100.0	-0.262	0.12	2	329.878	464.686	20.2419	35.7769	29.9999	35.735	35.7275	7.97912	54.8397	0	19.6706	100	17.2948	100.408	100.874	
5	1598207793.0	493.09999990463257	20200823 13:36:33	13:36:33		1598207785.0677419	0.005010644297766165	0.4663879480519439	49.71266756474583	45.84939727643572	4.556271569665355	4.940183019458979	0.30481372549244706	3.3792371987542253	0.290321174166126	0.18269539872145235	321.44091723992636	26.84714222761989	26.96801935483871	3.5724424571632487	55.35958291127353	1.90460104825688	3.440417987450233	1.6678414089063687	-220.96941353148787	-116.49973909352283	-7.4140133220784685	-23.442248707162804	-0.04112632936391237	0.04616790757532321	3.4514067010592284	152.0	30.0	1	0	52641.0	0	0	0	0	0	-1	MPF-6631-20200823-13_36_34	278.6498846153846	334.676	0.16740404266997144	0.5	1681.2000192246794	0.4663879480519439	140.71983987752253	0.37856314764130083	0.0008722269398546637	-1.0	DARK-6632-20200823-13_36_42	207.98	126.696	0.44220903094506037	1.6091739590345226	0.16740404266997147	0	6631	300	300	300	9873.81	322.242	-0.00656766	1.96323	2000.0032258064514	1681.2000192246794	0.8405986538080594	0.19119730761611908	0.5	0: Broadleaf	1598207785.0677419	49.712667741935476	49.998829032258065	19.16584838709677	17.200216129032253	500.0539677419355	99.17475483870967	0.1999772258064516	26.32854838709677	26.96801935483871	999.9000000000003	10000.341612903225	0.0	144.97980645161292	2000.0032258064514	0.9799948387096775	0.020005406451612903	0.0	278.6673548387097	5.00054	7446.409999999999	18703.641935483873	47.533999999999985	49.164999999999985	47.842483870967726	48.43719354838709	48.947161290322555	1955.0925806451617	39.91032258064517	0.0	147.19999980926514	278.6498846153846	-2.0459829036142922	8.833162397277865	7446.240384615385	15	1598207817.5	13:36:57	65	-0.307	0.118	50.0	17.0	0.33	0.05	49.75575454545454	0.020592077009108596	0.006253895315047091	1	19.12982909090909	0.3547104238318937	0.048406767643780935	0	1	2	1/2	1.86674	1.86325	1.8689	1.86679	1.87149	1.86399	1.86553	1.86539	5	0	0	0	11111111	oooooooo	off	off	off	off	0.0	100.0	100.0	-0.307	0.118	2	330.269	462.913	21.1163	35.8106	30.0001	35.7812	35.777	5.53602	55.78	0	21.1374	50	17.0344	100.402	100.867	
6	1598207916.5	616.5999999046326	20200823 13:38:36	13:38:36		1598207908.5354838	0.005738852703392817	28.705264096144628	387.66092452414335	242.82187762627413	24.13012659314608	38.523329427428244	0.35380486841025505	3.380043411677086	0.33444262273807746	0.21067791259661578	321.44172249663535	27.008216042118544	27.01903548387097	3.58316315032957	54.89060919743457	1.9252239174884582	3.507383039899724	1.6579392328411118	-253.08340421962325	-66.24051476593563	-4.222500204044325	-2.104696692967835	-0.041138793398167915	0.046181899545684434	3.452234786178389	152.0	30.0	1	0	52365.0	0	0	0	0	0	-1	MPF-6633-20200823-13_38_38	270.1295769230769	371.927	0.27370269724145624	0.5	1681.2043448380202	28.705264096144628	230.0750818981107	0.5007622463547955	0.017669038381533955	-1.0	DARK-6634-20200823-13_38_45	185.68	186.247	0.5465721492261518	2.003053640672124	0.27370269724145624	0	6633	300	300	300	9873.23	342.226	-0.00656725	0.846161	2000.008387096774	1681.2043448380202	0.8405986473279086	0.19119729465581736	0.5	0: Broadleaf	1598207908.5354838	387.66093548387096	400.03174193548386	19.373561290322584	17.122709677419355	500.04812903225815	99.17378709677419	0.1999877419354839	26.65552580645161	27.01903548387097	999.9000000000003	10003.47	0.0	140.8695161290323	2000.008387096774	0.9799963225806452	0.020003980645161297	0.0	270.11558064516123	5.00054	7304.884516129033	18703.67419354839	47.66299999999998	49.30799999999997	47.98374193548388	48.57025806451611	49.10664516129031	1955.0983870967743	39.91000000000001	0.0	123.09999990463257	270.1295769230769	-0.4174700840863665	-26.95931630572104	7303.929230769231	15	1598207938.5	13:38:58	66	-0.201	0.113	400.0	17.0	0.21	0.04	387.5847454545455	-0.2686370834238365	0.03724231131476712	1	19.357949090909088	0.19412422417912786	0.025985680481423745	1	2	2	2/2	1.86676	1.86325	1.8689	1.86679	1.87149	1.86398	1.86554	1.86539	5	0	0	0	11111111	oooooooo	off	off	off	off	0.0	100.0	100.0	-0.201	0.113	2	330.048	464.503	21.7018	35.8529	30.0004	35.8375	35.8369	21.9907	56.0628	0	21.6812	400	17.0754	100.39	100.853	
7	1598208041.5	741.5999999046326	20200823 13:40:41	13:40:41		1598208033.5451612	0.0061107567931248975	29.81305797731683	387.133408006912	247.76226080805998	24.621188494442798	38.47109152115121	0.3841577966361566	3.3794172050165643	0.36144139473986925	0.227829827952702	321.4393027655624	26.91365794006614	26.99065806451613	3.577196367568126	55.4523140721145	1.9437830621459657	3.505323618448311	1.6334133054221602	-269.48437457680797	-62.87533796386256	-4.007960541775214	-14.92837031688336	-0.04112911214134266	0.04617103148677341	3.451591590608388	153.0	31.0	1	0	52538.0	0	0	0	0	0	-1	MPF-6635-20200823-13_40_43	270.7243076923077	375.974	0.2799387519022386	0.5	1681.1916093541472	29.81305797731683	235.31534041555793	0.5099661146781426	0.018328105973092555	-1.0	DARK-6636-20200823-13_40_50	184.24	191.73399999999998	0.5489359858329367	2.040675206252714	0.27993875190223866	0	6635	300	300	300	9872.76	347.008	-0.0065669	0.747314	1999.9932258064516	1681.1916093541472	0.8405986518660558	0.1911973037321116	0.5	0: Broadleaf	1598208033.5451612	387.1334193548386	400.00345161290323	19.560229032258064	17.164009677419354	500.05680645161294	99.17424193548389	0.20000664516129035	26.645551612903223	26.99065806451613	999.9000000000003	10001.07	0.0	157.3918064516129	1999.9932258064516	0.9799967741935482	0.020003393548387097	0.0	270.6924516129032	5.00054	7354.519032258065	18703.548387096773	47.777935483870955	49.41506451612902	48.09851612903225	48.699387096774196	49.22351612903224	1955.0832258064515	39.91000000000001	0.0	124.39999985694885	270.7243076923077	1.268581201219033	17.77948740561343	7354.827307692308	15	1598208072.1	13:41:12	67	-0.278	0.112	400.0	17.0	0.19	0.04	387.20212727272724	0.06459866644664174	0.017138000886340723	1	19.540530909090908	0.1868034019757064	0.026521537544399953	1	2	2	2/2	1.86676	1.86325	1.8689	1.8668	1.87149	1.86397	1.86554	1.86539	5	0	0	0	11111111	oooooooo	off	off	off	off	0.0	100.0	100.0	-0.278	0.112	2	329.788	464.604	21.7983	35.8861	30.0006	35.8799	35.8789	21.9854	56.5059	0	21.7927	400	16.9828	100.386	100.85	
8	1598208170.6	870.6999998092651	20200823 13:42:50	13:42:50		1598208162.5999994	0.005538227248129563	35.808885525007256	484.6019863394812	297.392744155392	29.552813769744652	48.156360692027896	0.3400373076764108	3.3773662075643816	0.3220982287660937	0.20284424713298105	321.44215410349574	26.91498076590745	27.00870967741935	3.5809909882265747	55.182125176722586	1.9196391882840218	3.478733706134575	1.6613517999425529	-244.2358216425137	-89.65647118203871	-5.715404030153306	-18.165542751209998	-0.04109740901063478	0.046135441945207016	3.4494849597165067	153.0	31.0	1	0	52461.0	0	0	0	0	0	-1	MPF-6637-20200823-13_42_52	275.57526923076927	397.551	0.3068178190200269	0.5	1681.208470894123	35.808885525007256	257.9123581788646	0.5394301611617126	0.021894301725372024	-1.0	DARK-6638-20200823-13_42_59	183.1	214.451	0.5687813569031188	2.1712233752048062	0.3068178190200269	0	6637	300	300	300	9872.47	362.568	-0.00656667	0.890747	2000.013548387097	1681.208470894123	0.8405985410698477	0.19119708213969563	0.5	0: Broadleaf	1598208162.5999994	484.602	499.99725806451613	19.317509677419363	17.145270967741936	500.0594516129033	99.17299354838711	0.20002193548387098	26.51630967741936	27.00870967741935	999.9000000000003	9993.486774193549	0.0	153.5229677419355	2000.013548387097	0.9799974838709674	0.02000247096774193	0.0	275.58309677419356	5.00054	7509.699032258064	18703.748387096774	47.86064516129031	49.52799999999999	48.20325806451611	48.806193548387085	49.32432258064515	1955.104838709677	39.90290322580647	0.0	128.5	275.57526923076927	-1.394700854627666	33.05811956806196	7508.486538461537	15	1598208193.1	13:43:13	68	-0.236	0.114	500.0	17.0	0.15	0.04	484.5281999999999	0.28509956709955603	0.04414620337840399	1	19.327750909090906	-0.1123177489177474	0.014881933803071587	1	2	2	2/2	1.86664	1.86315	1.86882	1.86676	1.87146	1.86386	1.86545	1.86539	5	0	0	0	11111111	oooooooo	off	off	off	off	0.0	100.0	100.0	-0.236	0.114	2	329.815	464.839	20.645	35.9097	30.0003	35.9104	35.9118	26.2922	56.2007	0	20.6546	500	17.1812	100.381	100.845	
9	1598208305.1	1005.1999998092651	20200823 13:45:05	13:45:05		1598208297.0999994	0.005126322824639732	39.790229532797895	582.9154686971547	358.7635669841918	35.650420828633756	57.92444851985076	0.3145568010993256	3.376487368100056	0.2991362345793849	0.18828260914730488	321.43879867647354	26.550446824678023	26.78449032258064	3.534106275324755	55.45389472644773	1.8775602468454358	3.385804110076271	1.6565460284793192	-226.0708365666122	-132.29291224617694	-8.406797043370839	-45.33174717968643	-0.04108382705498278	0.04612019501014298	3.448582286299701	153.0	31.0	1	0	52496.0	0	0	0	0	0	-1	MPF-6639-20200823-13_45_06	279.0665769230769	410.969	0.3209546780339224	0.5	1681.191583604085	39.790229532797895	269.7931517144946	0.5473137876579499	0.024262689589102687	-1.0	DARK-6640-20200823-13_45_14	186.04	224.929	0.5864180389230516	2.209035691249194	0.32095467803392247	0	6639	300	300	300	9872.18	373.682	-0.00656648	1.07065	1999.9935483870972	1681.191583604085	0.8405985034101179	0.19119700682023597	0.5	0: Broadleaf	1598208297.0999994	582.9154838709677	600.0252580645162	18.894593548387096	16.882996774193547	500.0468387096774	99.17025161290323	0.19998580645161296	26.05773870967742	26.78449032258064	999.9000000000003	9990.460322580646	0.0	157.55525806451612	1999.9935483870972	0.9799976774193546	0.020002219354838705	0.0	279.0782258064516	5.00054	7691.898064516129	18703.56129032258	47.95732258064513	49.68299999999997	48.31606451612901	48.920999999999985	49.38100000000001	1955.088064516129	39.90000000000001	0.0	133.89999985694885	279.0665769230769	-2.3231794812136237	92.84923078944364	7692.310000000001	15	1598208335.6	13:45:35	69	-0.177	0.11	600.0	17.0	0.12	0.04	582.8208363636364	0.2952380952383593	0.04651754845270273	1	18.919067272727272	-0.177484848484856	0.024053917122282185	1	2	2	2/2	1.86676	1.86325	1.8689	1.86685	1.87151	1.86401	1.86554	1.86541	5	0	0	0	11111111	oooooooo	off	off	off	off	0.0	100.0	100.0	-0.177	0.11	2	329.811	463.819	21.12	36.0543	29.9954	35.9976	35.9939	30.4415	57.3738	0	21.4808	600	16.7395	100.367	100.827	
10	1598208457.1	1157.1999998092651	20200823 13:47:37	13:47:37		1598208449.0999994	0.004650449293694959	43.24222820661374	681.4994029408612	410.96727628437606	40.835167651273515	67.71620024090677	0.2814656077638633	3.3791251078964772	0.26905927618345393	0.16923113428646971	321.4402855566209	26.811073941592177	26.94781290322581	3.5682039564337447	55.55484107816178	1.8980332435782576	3.41650377670572	1.670170712855487	-205.0848138519477	-134.3326086878484	-8.543261037889856	-26.520398021065063	-0.04112459654712964	0.046165962336681514	3.451291569411633	153.0	31.0	1	0	52684.0	0	0	0	0	0	-1	MPF-6641-20200823-13_47_38	280.38896153846156	416.255	0.32640097647244704	0.5	1681.1994383864883	43.24222820661374	274.37256916713966	0.5640652965129548	0.026315871393030387	-1.0	DARK-6642-20200823-13_47_46	181.46	234.795	0.578658142045352	2.293921525405048	0.32640097647244704	0	6641	300	300	300	9872.04	381.235	-0.00656643	1.80429	2000.002903225807	1681.1994383864883	0.8405984989696164	0.1911969979392329	0.5	0: Broadleaf	1598208449.0999994	681.4994193548387	700.0617741935486	19.10190645161291	17.277480645161294	500.0605483870968	99.16357741935484	0.199972935483871	26.210432258064518	26.94781290322581	999.9000000000003	10001.04741935484	0.0	85.19873548387098	2000.002903225807	0.9799980967741933	0.02000171612903225	0.0	280.3979032258065	5.00054	7015.999999999999	18703.654838709674	48.029935483870965	49.7378064516129	48.397	49.00787096774192	49.465451612903216	1955.1029032258064	39.90000000000001	0.0	151.5	280.38896153846156	-1.8661538504570985	121.80683800838447	7016.075769230769	15	1598208482.1	13:48:02	70	-0.216	0.111	700.0	17.0	0.17	0.05	681.5136181818183	0.29978354978356303	0.04587234893369118	1	19.104185454545455	-0.0687532467532428	0.017203333907143247	1	2	2	2/2	1.86675	1.86325	1.8689	1.8668	1.87149	1.86398	1.86554	1.86539	5	0	0	0	11111111	oooooooo	off	off	off	off	0.0	100.0	100.0	-0.216	0.111	2	329.32	463.539	21.3031	36.154	29.9998	36.0978	36.0904	34.4953	56.5085	0	21.3018	700	17.1143	100.347	100.807	
11	1598208603.6	1303.6999998092651	20200823 13:50:03	13:50:03		1598208595.6032252	0.004039976207105513	45.04052572173967	780.8081764358723	454.7690611064642	45.18729629230042	77.5835768823303	0.24117860238104333	3.3791622600134645	0.23200749231804957	0.14579961362785626	321.4438848095093	26.911695254466537	26.963929032258065	3.5715841174136056	55.41311519241171	1.888902547799468	3.408764407560568	1.6826815696141375	-178.1629507333531	-144.26216602067527	-9.173637751292576	-10.154869695811641	-0.041125170880250854	0.04616660707592442	3.451329729382619	152.0	30.0	1	0	52634.0	0	0	0	0	0	-1	MPF-6643-20200823-13_50_05	280.7212692307693	421.669	0.3342615434599905	0.5	1681.215725483184	45.04052572173967	280.98288164460837	0.5633067643103952	0.02738525759893636	-1.0	DARK-6644-20200823-13_50_12	184.14	237.529	0.5933916733082306	2.2899370044531335	0.33426154345999043	0	6643	300	300	300	9872.95	383.962	-0.00656705	1.99524	2000.0219354838707	1681.215725483184	0.8405986432726014	0.19119728654520277	0.5	0: Broadleaf	1598208595.6032252	780.8081935483871	800.0840322580644	19.01008709677419	17.424993548387093	500.0557741935485	99.16319354838708	0.19997812903225806	26.17205161290323	26.963929032258065	999.9000000000003	10001.225806451614	0.0	89.98043225806451	2000.0219354838707	0.9799966451612901	0.020003561290322578	0.0	280.7047419354838	5.00054	7132.361290322579	18703.829032258065	47.83645161290321	49.46951612903224	48.21951612903225	48.66299999999998	49.265935483870955	1955.1119354838713	39.91000000000001	0.0	145.89999985694885	280.7212692307693	-1.7018461501406767	199.67760730324352	7132.806538461538	15	1598208629.6	13:50:29	71	-0.283	0.118	800.0	17.0	0.11	0.06	780.8287818181818	0.4034891560758389	0.057588411368667825	0	19.013660000000005	-0.09734821473304892	0.01950359034546278	1	1	2	1/2	1.86675	1.86325	1.8689	1.86678	1.87149	1.86397	1.86554	1.86539	5	0	0	0	11111111	oooooooo	off	off	off	off	0.0	100.0	100.0	-0.283	0.118	2	330.048	464.547	21.4283	36.0515	29.9999	36.0569	36.0523	38.4405	55.3597	0	21.4255	800	17.3712	100.358	100.83	
12	1598208751.1	1451.1999998092651	20200823 13:52:31	13:52:31		1598208743.0999994	0.0035610803197283964	48.09611053326668	979.4496590844095	580.5414078728493	57.68303871878475	97.31886794273369	0.2100760465106892	3.3770924637682103	0.20307679802324297	0.12753242662316527	321.4398204781506	27.03571020402544	27.00552580645161	3.5803214531757734	55.277372643611436	1.885894253670665	3.4116930010938633	1.6944271995051083	-157.04364210002228	-149.10132593146693	-9.489838978274307	5.805013468387074	-0.0410931782890743	0.046130692589623816	3.44920379174526	151.0	30.0	1	0	52497.0	0	0	0	0	0	-1	MPF-6645-20200823-13_52_32	280.77415384615387	422.495	0.3354379250733054	0.5	1681.1940770960755	48.09611053326668	281.96812643331907	0.5663854010106629	0.02920311890348218	-1.0	DARK-6646-20200823-13_52_40	183.2	239.29500000000002	0.5922432401589925	2.3061954148471617	0.33543792507330533	0	6645	300	300	300	9874.02	384.149	-0.0065679	1.55066	1999.9961290322583	1681.1940770960755	0.8405986655131967	0.19119733102639358	0.5	0: Broadleaf	1598208743.0999994	979.4496774193549	1000.0813870967743	18.980270967741937	17.583003225806454	500.0459032258064	99.16077419354839	0.1999913548387097	26.186583870967738	27.00552580645161	999.9000000000003	9993.689354838707	0.0	84.06861290322583	1999.9961290322583	0.9799942580645162	0.02000590967741936	0.0	280.82464516129033	5.00054	7131.901935483871	18703.567741935483	47.53996774193547	49.16299999999998	47.93712903225804	48.32235483870967	48.98761290322579	1955.085161290322	39.910967741935494	0.0	147.09999990463257	280.77415384615387	-2.9368888721376774	157.12717919954343	7133.959615384616	15	1598208784.2	13:53:04	72	0.189	0.121	1000.0	17.0	0.32	0.08	978.9048909090908	0.6782977115680623	0.09820825233373139	0	18.977290909090915	-0.00786005908511188	0.021836485504163623	1	1	2	1/2	1.86675	1.86325	1.8689	1.86679	1.87149	1.86401	1.86554	1.86539	5	0	0	0	11111111	oooooooo	off	off	off	off	0.0	100.0	100.0	0.189	0.121	2	331.657	466.596	21.5076	35.7935	30.0001	35.8844	35.8912	46.0462	54.871	0	21.4918	1000	17.5244	100.404	100.889	
13	1598208905.6	1605.6999998092651	20200823 13:55:05	13:55:05		1598208897.606451	0.002885530269616466	49.19316746553382	1178.9710781004358	666.1754327779726	66.18745693709192	117.13595792094728	0.1655598027009163	3.379607480918217	0.1611824898152992	0.10112270061777512	321.441165380586	26.73889474209422	27.01303548387097	3.581900835591772	55.74622843906879	1.851871371666909	3.321967106153242	1.7300294639248628	-127.25188489008616	-232.62005195801055	-14.761797703526808	-53.19256917103746	-0.041132053752756054	0.04617433370328425	3.4517870285226726	149.0	30.0	1	0	52667.0	0	0	0	0	0	-1	MPF-6647-20200823-13_55_07	279.36600000000004	414.732	0.32639391221318825	0.5	1681.206725483344	49.19316746553382	274.36782018481614	0.5638147044356355	0.029855440562256478	-1.0	DARK-6648-20200823-13_55_14	180.9	233.83200000000002	0.5789028020117006	2.292603648424544	0.3263939122131882	0	6647	300	300	300	9875.05	378.075	-0.00656879	1.75763	2000.0119354838703	1681.206725483344	0.8405983462676704	0.1911966925353408	0.5	0: Broadleaf	1598208897.606451	1178.9710967741935	1200.0067741935484	18.63904838709678	17.50647741935484	500.05638709677424	99.1543870967742	0.2000076774193548	25.736316129032257	27.01303548387097	999.9000000000003	10003.78806451613	0.0	68.01398387096775	2000.0119354838703	0.980006806451613	0.01999326774193548	0.0	279.3660322580646	5.00054	6952.483548387097	18703.780645161296	47.29809677419354	48.92899999999997	47.701225806451596	48.04012903225806	48.77199999999999	1955.1219354838704	39.89000000000002	0.0	153.79999995231628	279.36600000000004	-0.6716581177938371	-115.07726499044968	6951.248076923077	15	1598208935.1	13:55:35	73	0.153	0.119	1200.0	17.0	0.28	0.06	1178.9403636363636	0.6342789486562207	0.09454125864813791	0	18.68868727272727	-0.43746629804918696	0.05823251529872748	0	0	2	0/2	1.86661	1.86313	1.8688	1.86676	1.87139	1.86386	1.86542	1.86534	5	0	0	0	11111111	oooooooo	off	off	off	off	0.0	100.0	100.0	0.153	0.119	2	333.098	467.798	19.7099	35.5585	29.9994	35.677	35.692	53.3133	55.607	0	20.7136	1200	17.2462	100.443	100.938	
14	1598209056.6	1756.6999998092651	20200823 13:57:36	13:57:36		1598209048.6032252	0.002375112805247078	51.48350921030341	1577.875722347967	932.0235021942201	92.59085588327471	156.7523386113005	0.13753599805534752	3.37784715572639	0.13449896041508186	0.08432913041838425	321.4397085948864	27.218139410639665	26.999738709677416	3.5791047665461084	55.182241970962956	1.8729325965910013	3.3940857234045394	1.7061721699551071	-104.74247471139614	-164.0215584997428	-10.432261465769962	42.24341391797748	-0.04110484245564767	0.04614378663843953	3.449978952272102	149.0	30.0	1	0	52577.0	0	0	0	0	0	-1	MPF-6649-20200823-13_57_38	277.12869230769235	401.223	0.3092901147050584	0.5	1681.1988867736604	51.48350921030341	259.98909826612095	0.551421528676073	0.031217906235366938	-1.0	DARK-6650-20200823-13_57_46	179.98	221.24300000000002	0.5608959727191715	2.2292643627069677	0.30929011470505846	0	6649	300	300	300	9876.07	368.399	-0.00656954	1.53522	2000.0025806451615	1681.1988867736604	0.8405983587437866	0.19119671748757336	0.5	0: Broadleaf	1598209048.6032252	1577.8757419354838	1599.9654838709678	18.853019354838707	17.921	500.0614516129032	99.14391290322581	0.1999938387096774	26.099048387096772	26.999738709677416	999.9000000000003	9998.226129032259	0.0	48.850232258064516	2000.0025806451615	0.9800041935483874	0.01999553225806451	0.0	277.0997741935484	5.00054	6893.401935483871	18703.664516129036	46.995806451612886	48.60874193548387	47.41699999999999	47.72358064516128	48.49180645161291	1955.1119354838713	39.890645161290344	0.0	150.59999990463257	277.12869230769235	-0.2092991493649348	-151.57435855510357	6894.129615384615	15	1598209087.1	13:58:07	74	0.051	0.13	1600.0	18.0	0.3	0.1	1577.973818181818	0.14211556306229092	0.07384236057218763	1	18.793638181818178	0.4459583311026223	0.05943686793078419	0	1	2	1/2	1.86674	1.86324	1.8689	1.86681	1.87149	1.86398	1.86554	1.86542	5	0	0	0	11111111	oooooooo	off	off	off	off	0.0	100.0	100.0	0.051	0.13	2	333.756	469.612	20.8901	35.3001	29.9975	35.4511	35.4693	67.0581	52.9317	0	21.2019	1600	17.8562	100.492	100.999	
15	1598209178.7	1878.7999999523163	20200823 13:59:38	13:59:38		1598209170.667741	0.0024781180109119155	51.72577976430145	1777.477657734063	1143.648578249879	113.60415034438181	176.5654615441494	0.142509351470978	3.3781627879014167	0.1392518014464389	0.08731885191842487	321.4395693877434	27.129919277233064	27.006070967741937	3.580436087188293	55.043775502704015	1.8610968966134176	3.3811214430993957	1.7193391905748756	-109.28500428121548	-176.9747042822843	-11.251783093953486	23.92807773029014	-0.04110972106500411	0.04614926330483179	3.4503031455517696	0	0.0	1	0	52551.0	0	0	0	0	0	-1	MPF-6651-20200823-13_59_40	276.0475769230769	391.239	0.2944272505474226	0.5	1681.1983254833426	51.72577976430145	247.4953002984957	0.5391052527994398	0.0313620225318407	-1.0	DARK-6652-20200823-13_59_47	180.32	210.91899999999998	0.5461405709154845	2.1696927684117124	0.2944272505474226	0	6651	300	300	300	9876.46	363.302	-0.00657002	2.08896	2000.0019354838705	1681.1983254833426	0.840598349259398	0.19119669851879606	0.5	0: Broadleaf	1598209170.667741	1777.4776774193547	1799.9274193548388	18.73559032258065	17.76302258064516	500.0554516129032	99.1348483870968	0.19999319354838707	26.03434193548387	27.006070967741937	999.9000000000003	10000.327096774194	0.0	65.19845483870968	2000.0019354838705	0.980003806451613	0.01999595161290322	0.0	276.0555806451613	5.00054	6956.857096774194	18703.664516129036	46.87283870967741	48.394999999999996	47.24587096774193	47.586387096774175	48.33232258064514	1955.1119354838709	39.89000000000002	0.0	121.39999985694885	276.0475769230769	-0.7084786294279369	-369.5781197941754	6953.583846153846	15	1598209204.2	14:00:04	75	0.269	0.131	1800.0	18.0	0.41	0.12	1777.2343636363637	0.28872487584740125	0.05352191178682899	1	18.73572181818182	-0.014269089087146265	0.0034092756313589185	1	2	2	2/2	1.86675	1.86321	1.86891	1.86676	1.87149	1.86395	1.86554	1.86539	5	0	0	0	11111111	oooooooo	off	off	off	off	0.0	100.0	100.0	0.269	0.131	2	512.769	478.249	21.1015	35.0874	29.9993	35.2565	35.2793	73.5354	52.7188	0	21.104	1800	17.8524	100.525	101.039	
