[Header]
File opened	2020-08-23 11:25:33
Console s/n	68C-571038
Console ver	Bluestem v.1.3.4
Scripts ver	2018.05  1.3.4, Mar 2018
Head s/n	68H-581038
Head ver	1.4.0
Head cal	{"chamberpressurezero": "2.59209", "co2aspan1": "0.992625", "co2aspan2a": "0.164928", "co2aspanconc2": "0", "co2bzero": "0.880288", "h2oaspan1": "1.00223", "flowazero": "0.42932", "tazero": "0.00774765", "h2obzero": "1.01783", "ssa_ref": "36614.9", "h2obspanconc1": "20", "co2bspanconc1": "1002", "h2oaspanconc2": "0", "co2aspan2": "0", "oxygen": "21", "h2obspan2b": "0.0963575", "co2bspanconc2": "0", "co2bspan2": "0", "co2aspan2b": "0.163711", "h2oaspanconc1": "12.19", "co2azero": "0.869071", "h2oaspan2": "0", "h2obspanconc2": "0", "h2oaspan2a": "0.0661155", "co2aspanconc1": "1002", "co2bspan2b": "0.162103", "h2oaspan2b": "0.0662632", "h2obspan1": "0.998578", "co2bspan2a": "0.163389", "tbzero": "0.197721", "h2obspan2": "0", "ssb_ref": "36526.8", "flowbzero": "0.22736", "flowmeterzero": "0.990908", "co2bspan1": "0.992131", "h2obspan2a": "0.0975941", "h2oazero": "1.00263"}
Chamber type	6800-01A
Chamber s/n	MPF-551037
Chamber rev	0
Chamber cal	0
Fluorometer	MPF-551037
Flr. Version	1.4.0
11:25:33	Stability Definition:	CO2_s (Meas): Slp<0.3	H2O_s (Meas): Slp<0.2
SysConst:AvgTime	4
SysConst:Oxygen	21
SysConst:Chamber	6800-01A 2 cm²
Const:S	2.0
Const:CustomBLC	2.0
LTConst:deltaTw	0
LTConst:fT1	1
LTConst:fT2	0
LTConst:fTeb	0
LQConst:Leaf	standard
LQConst:Ambient	Sun+Sky
LQConst:abs_ambient	0.49
LQConst:abs_redLED	0.84
LQConst:abs_greenLED	0.7
LQConst:abs_blueLED	0.87
LQConst:abs_whiteLED	0.75
LQConst:abs_redFlr	0.84
LQConst:abs_blueFlr	0.87
LQConst:k_ambient	0.39
LQConst:k_redLED	0.18
LQConst:k_greenLED	0.23
LQConst:k_blueLED	0.26
LQConst:k_whiteLED	0.21
LQConst:k_redFlr	0.19
LQConst:k_blueFlr	0.25
QConst:fQ_Amb_in	0.0
QConst:fQ_Amb_out	0.0
QConst:fQ_HeadLS	0.0
QConst:fQ_ConsoleLS	0.0
QConst:fQ_Flr	1.0
LeakConst:fan_a	-6276.0
LeakConst:fan_b	6.6
LeakConst:fan_c	1.709e-05
LeakConst:fan_d	3.11
LeakConst:Fs_meas	2.94359 76.2785 384.689 618.449 845.034 1049.11 1224.88 1398.33
LeakConst:Fs_true	0.282282 99.9505 401.086 601.05 800.065 1000.06 1200.05 1401.49
LeakConst:leak_wt	0.0
[Data]
Sys	Sys	Sys	Sys	Sys	UserDefVar	GasEx	GasEx	GasEx	GasEx	GasEx	GasEx	GasEx	GasEx	GasEx	GasEx	GasEx	GasEx	GasEx	GasEx	GasEx	GasEx	GasEx	GasEx	GasEx	GasEx	GasEx	GasEx	GasEx	GasEx	GasEx	GasEx	Leak	Leak	Leak	Leak	Leak	FLR	FLR	FLR	FLR	FLR	FLR	FLR	FLR	FLR	FLR	FLR	FLR	FLR	FLR	FLR	FLR	FLR	FLR	FLR	FLR	FLR	FLR	FLR	FLR	MPF	MPF	MPF	MPF	MPF	MPF	MPF	MPF	LeafQ	LeafQ	LeafQ	LeafQ	Const	Const	Meas	Meas	Meas	Meas	Meas	Meas	Meas	Meas	Meas	Meas	Meas	Meas	Meas	Meas	FlrLS	FlrLS	FlrLS	FlrLS	FlrLS	FlrLS	FlrLS	FlrLS	FlrLS	FlrLS	FlrLS	FlrLS	FlrLS	FlrLS	FlrLS	FlrLS	FlrLS	FlrStats	FlrStats	FlrStats	FlrStats	FlrStats	Match	Match	Match	Match	Match	Match	Match	Match	Match	Stability	Stability	Stability	Stability	Stability	Stability	Stability	Stability	Stability	Stability	Stability	Auxiliary	Auxiliary	Auxiliary	Auxiliary	Auxiliary	Auxiliary	Auxiliary	Auxiliary	Auxiliary	Auxiliary	Auxiliary	Auxiliary	Auxiliary	Auxiliary	Auxiliary	Auxiliary	Auxiliary	Auxiliary	Auxiliary	Status	Status	Status	Status	Status	Status	Status	Status	Status	Status	Status	Status	Status	Status	Status	Status	Status	Status	Status	Status	
obs	time	elapsed	date	hhmmss	plant	TIME	E	A	Ca	Ci	Pci	Pca	gsw	gbw	gtw	gtc	Rabs	TleafEB	TleafCnd	SVPleaf	RHcham	VPcham	SVPcham	VPDleaf	LatHFlux	SenHFlux	NetTherm	EBSum	blfa_1	blfa_2	blfa_3	Leak	LeakPct	CorrFact	CorrFactPct	Fan	DarkAdaptedID	Fo	Fm	Fv	Fv/Fm	Adark	LightAdaptedID	Fs	Fm'	PhiPS2	PS2/1	Qabs_fs	Afs	ETR	Fv'/Fm'	PhiCO2	NPQ	DarkPulseID	Fo'	Fv'	qP	qN	qP_Fo	qN_Fo	ID	P1_dur	P2_dur	P3_dur	P1_Qmax	P1_Fmax	P2_dQdt	P3_ΔF	Qin	Qabs	alpha	convert	K	Geometry	TIME	CO2_s	CO2_r	H2O_s	H2O_r	Flow	Pa	ΔPcham	Tair	Tleaf	Tleaf2	Fan_speed	Qamb_in	Qamb_out	Q	f_red	f_blue	f_farred	F	Q_modavg	F_dc	Pc	Tled	TDigital	TPreamp	TPwrSpy	TDrive	Q_red	Q_blue	Q_farred	TSPF	F_avg	dF/dt	dF_dc/dt	F_dc_avg	period	time	hhmmss	count	co2_adj	h2o_adj	co2_at	h2o_at	co2_cv	h2o_cv	CO2_s:MN	CO2_s:SLP	CO2_s:SD	CO2_s:OK	H2O_s:MN	H2O_s:SLP	H2O_s:SD	H2O_s:OK	Stable	Total	State	ADC_CH1	ADC_CH2	ADC_CH3	ADC_CH4	ADC_CH5	ADC_CH6	ADC_CH7	ADC_CH8	DAC_1	DAC_2	DAC_3	DAC_4	GPIO	GPIO_dir	excit_5v	power_12v	power_5v	ch1_pullup	AuxPower	MatchValveR	MatchValveS	MatchCO2	MatchH2O	DIAG	Flow_s	Flow_r	Txchg	Tirga	Tchopper	Ts	Tr	CO2_%	Desiccant_%	Humidifier_%	Txchg_sp	CO2_r_sp	H2O_r_sp	SS_s	SS_r	
	s	s				s	mol m⁻² s⁻¹	µmol m⁻² s⁻¹	µmol mol⁻¹	µmol mol⁻¹	Pa	Pa	mol m⁻² s⁻¹	mol m⁻² s⁻¹	mol m⁻² s⁻¹	mol m⁻² s⁻¹	W m⁻²	°C	°C	kPa	%	kPa	kPa	kPa	W m⁻²	W m⁻²	W m⁻²	W m⁻²				µmol s⁻¹	%		%	µmol s⁻¹						µmol m⁻² s⁻¹						µmol m⁻² s⁻¹	µmol m⁻² s⁻¹	µmol m⁻² s⁻¹		µmol µmol⁻¹										ms	ms	ms	µmol m⁻² s⁻¹		mol m⁻² s⁻²		µmol m⁻² s⁻¹	µmol m⁻² s⁻¹		J/µmol			s	µmol mol⁻¹	µmol mol⁻¹	mmol mol⁻¹	mmol mol⁻¹	µmol s⁻¹	kPa	kPa	°C	°C	°C	rpm	µmol m⁻² s⁻¹	µmol m⁻² s⁻¹	µmol m⁻² s⁻¹					µmol m⁻² s⁻¹			°C	°C	°C	°C	°C	µmol m⁻² s⁻¹	µmol m⁻² s⁻¹	µmol m⁻² s⁻¹	s		min⁻¹	min⁻¹		s	secs			µmol/mol	mmol/mol	µmol/mol	mmol/mol	%	%	µmol mol⁻¹	µmol mol⁻¹ min⁻¹	µmol mol⁻¹		mmol mol⁻¹	mmol mol⁻¹ min⁻¹	mmol mol⁻¹					V	V	V	V	V	V	V	V	V	V	V	V							V	%	%	µmol/mol	mmol/mol		µmol s⁻¹	µmol s⁻¹	°C	°C	°C	°C	°C	%	%	%	°C	µmol mol⁻¹	mmol mol⁻¹	%	%	
1	1598200359.7	0	20200823 11:32:39	11:32:39		1598200351.6999993	0.00800862329269127	32.24974056436221	385.8935360585847	273.91746520557854	27.227229888401737	38.35758340867324	0.5359402257309092	3.3810958097720554	0.4928267546687803	0.3116007659075185	321.4443580890641	27.168210374513805	27.059203225806453	3.591623878687456	55.403492857388336	2.0219571301233548	3.6495120178216642	1.5696667485641012	-353.180287207685	49.69585437982232	3.1782393375157163	21.13816459871714	-0.041155065453993646	0.0462001663538592	3.4533157388803115	148.0	30.0	1	0	52292.0	0	0	0	0	0	-1	MPF-6533-20200823-11_32_41	303.44403846153847	428.587	0.2919896346330185	0.5	1681.2235258693738	32.24974056436221	245.4499215275168	0.5446432112966563	0.019777108785798435	-1.0	DARK-6534-20200823-11_32_49	195.16	233.427	0.536111767441048	2.1960801393728224	0.2919896346330186	0	6533	300	300	300	9867.49	394.191	-0.00656264	1.63229	2000.0319354838712	1681.2235258693738	0.8405983404773147	0.19119668095462958	0.5	0: Broadleaf	1598200351.6999993	385.8935483870968	400.028	20.341745161290326	17.203822580645163	500.05783870967747	99.19939354838708	0.19999987096774194	27.331835483870965	27.059203225806453	999.9000000000003	10004.843548387098	0.0	190.35867741935482	2000.0319354838712	0.9800055161290322	0.019994503225806454	0.0	303.5024838709677	5.00054	7853.902903225807	18703.964516129025	48.951290322580626	50.35474193548387	49.39693548387096	49.134870967741925	50.40506451612902	1955.141290322581	39.89000000000002	0.0	476.60000014305115	303.44403846153847	-5.9735042914769325	-144.76478636273984	7852.423461538462	15	1598200387.2	11:33:07	16	-0.186	0.113	400.0	17.0	0.2	0.03	386.4836545454546	0.5265095312762985	0.0720444857979032	0	20.37564909090909	-0.2027789372214101	0.029582936560409175	0	0	2	0/2	1.86676	1.86325	1.8689	1.86682	1.87155	1.86401	1.86557	1.86551	5	0	0	0	11111111	oooooooo	off	off	off	off	0.0	100.0	100.0	-0.186	0.113	2	334.981	481.566	21.3866	33.9761	30.0003	33.9439	33.9403	22.0815	49.8919	0	21.3754	400	17.0553	100.766	101.128	
2	1598200479.2	119.5	20200823 11:34:39	11:34:39		1598200471.2032251	0.006938087078652169	22.660970620005305	290.15221717941864	196.8809182397729	19.5700160625235	28.841208185867405	0.4436829786002688	3.378858052496657	0.41367168765007467	0.26107184148497564	321.4428597386194	26.96522902775204	27.001187096774196	3.579409243435928	55.09533478211546	1.9587140274391754	3.5551359024956777	1.6206952159967525	-305.96964016856066	-21.095418491002075	-1.3466255429447094	-6.968824463888037	-0.04112046823136977	0.046161327940580726	3.451017269540974	148.0	30.0	1	0	52554.0	0	0	0	0	0	-1	MPF-6535-20200823-11_34_40	285.97311538461537	385.423	0.2580278930302152	0.5	1681.2129867735875	22.660970620005305	216.89992235611194	0.49437371407518493	0.0140737496118282	-1.0	DARK-6536-20200823-11_34_48	194.88	190.543	0.5219288276944555	1.9777452791461412	0.25802789303021517	0	6535	300	300	300	9870.02	360.239	-0.00656462	2.38229	2000.019032258065	1681.2129867735875	0.840598494143059	0.1911969882861182	0.5	0: Broadleaf	1598200471.2032251	290.15222580645155	300.0205806451614	19.7053193548387	16.98512258064516	500.0645483870968	99.2002580645161	0.20001006451612902	26.88538064516129	27.001187096774196	999.9000000000003	9996.345806451613	0.0	194.69635483870968	2000.019032258065	0.9800011290322584	0.019999032258064518	0.0	286.032129032258	5.00054	7464.768387096775	18703.81612903226	48.28199999999999	49.80622580645159	48.72754838709676	48.65906451612903	49.7478064516129	1955.1190322580646	39.90000000000001	0.0	119.0	285.97311538461537	-3.3415726615358095	-68.41025644327658	7463.816923076924	15	1598200504.7	11:35:04	17	-0.278	0.116	300.0	17.0	0.11	0.03	290.2237272727272	0.21696655553464367	0.03275110243554696	1	19.720410909090912	-0.16435156031686918	0.02204962727145108	1	2	2	2/2	1.86676	1.86325	1.86898	1.8669	1.87158	1.86401	1.86561	1.86552	5	0	0	0	11111111	oooooooo	off	off	off	off	0.0	100.0	100.0	-0.278	0.116	2	334.811	481.104	21.5885	34.0068	30	33.9839	33.9816	17.5954	49.337	0	21.7003	300	17.0496	100.758	101.127	
3	1598200596.2	236.5	20200823 11:36:36	11:36:36		1598200588.1999993	0.006308647052491727	13.39718464191925	194.14702715962758	132.22547089480784	13.142985343100298	19.297881982174722	0.39332218218919407	3.379680969632076	0.36954674660972986	0.23298298623428482	321.4403819404311	26.958584696622232	27.016151612903226	3.5825563763995283	54.846951264919916	1.9327743658290455	3.523941297107697	1.6497820105704828	-278.21133501488515	-51.12976293414201	-3.260872540458655	-11.161588549054699	-0.041133189887262854	0.046175609113798984	3.4518625109535295	147.0	29.0	1	0	52556.0	0	0	0	0	0	-1	MPF-6537-20200823-11_36_37	280.2663076923077	361.466	0.22463991719191378	0.5	1681.1994898627302	13.39718464191925	188.8322570929257	0.44874483353897743	0.008563638478795148	-1.0	DARK-6538-20200823-11_36_45	199.26	162.20600000000002	0.5005961080828841	1.8140419552343672	0.2246399171919138	0	6537	300	300	300	9871.93	341.206	-0.00656611	1.66232	2000.002903225806	1681.1994898627302	0.8405985247077004	0.19119704941540083	0.5	0: Broadleaf	1598200588.1999993	194.1470322580645	199.995064516129	19.444745161290324	16.97067741935484	500.06529032258067	99.1983	0.19998729032258059	26.73553548387097	27.016151612903226	999.9000000000003	9999.635806451613	0.0	196.76541935483874	2000.002903225806	0.9799975483870966	0.02000238709677419	0.0	280.3002903225806	5.00054	7336.145806451613	18703.65161290323	47.76580645161288	49.38293548387097	48.21341935483869	48.328387096774186	49.27799999999999	1955.0961290322587	39.901612903225825	0.0	116.60000014305115	280.2663076923077	-3.0913504090549546	-36.378803457778545	7335.327692307692	15	1598200624.2	11:37:04	18	-0.284	0.121	200.0	17.0	0.26	0.03	194.15003636363636	0.04553246753251798	0.009783034733404548	1	19.45002727272727	-0.10181818181816296	0.013485621360214637	1	2	2	2/2	1.86676	1.86325	1.86894	1.86689	1.87153	1.86401	1.86556	1.86551	5	0	0	0	11111111	oooooooo	off	off	off	off	0.0	100.0	100.0	-0.284	0.121	2	335.375	480.688	21.3794	33.9948	30	33.9992	33.9998	12.9361	49.056	0	21.3877	200	17.1461	100.758	101.129	
4	1598200715.7	356.0	20200823 11:38:35	11:38:35		1598200707.732258	0.006271703346638824	4.794999059824994	97.86100140287591	74.90127400452641	7.445032689770146	9.72718240351992	0.3923601200622544	3.3788882230873156	0.3686919045332767	0.23243986470986633	321.4420190309108	26.825495926324095	26.96806774193548	3.5724526121022273	55.18122462758609	1.9284118293618642	3.4946883516568716	1.6440407827403631	-276.58211758677214	-68.1482120891826	-4.343145641783015	-27.63145628682696	-0.0411209346206293	0.0461618515033825	3.4510482585630675	147.0	29.0	1	0	52625.0	0	0	0	0	0	-1	MPF-6539-20200823-11_38_37	280.019	347.317	0.19376534981011584	0.5	1681.205477096072	4.794999059824994	162.87968368610154	0.41822600103075863	0.0034469308711952526	-1.0	DARK-6540-20200823-11_38_45	202.06	145.257	0.4633029733506819	1.7188805305354846	0.19376534981011584	0	6539	300	300	300	9873.45	329.542	-0.00656733	1.31061	2000.0096774193544	1681.205477096072	0.8405986711351113	0.19119734227022273	0.5	0: Broadleaf	1598200707.732258	97.86100322580644	100.02425161290323	19.40092258064516	16.941200000000002	500.0585483870967	99.19795161290324	0.19999306451612905	26.593961290322582	26.96806774193548	999.9000000000003	9996.691612903227	0.0	199.27925806451614	2000.0096774193544	0.9799942580645162	0.020005909677419356	0.0	280.03187096774195	5.00054	7304.39129032258	18703.7	47.40299999999999	49.033999999999985	47.824258064516115	48.04809677419354	48.92506451612902	1955.0980645161292	39.911612903225816	0.0	119.0	280.019	0.04280342979636701	-31.665299241361613	7304.505769230768	15	1598200738.8	11:38:58	19	-0.271	0.115	100.0	17.0	0.23	0.04	97.8581	-0.09976204371019287	0.01549126440053541	1	19.40756727272727	-0.013387622303318473	0.008011651845235028	1	2	2	2/2	1.86676	1.86326	1.86897	1.8669	1.87154	1.86401	1.86557	1.86554	5	0	0	0	11111111	oooooooo	off	off	off	off	0.0	100.0	100.0	-0.271	0.115	2	335.591	480.066	21.7934	33.9945	29.9999	34.0114	34.0155	8.088	50.3706	0	21.8042	100	16.9351	100.758	101.134	
5	1598200830.4	470.7000000476837	20200823 11:40:30	11:40:30		1598200822.354839	0.006292903702452606	0.3329722740731049	49.73346116356369	46.982982194715746	4.6699934567349946	4.943384335461544	0.3910402850046021	3.3793190398648343	0.3675287179264213	0.23169997427346967	321.4377674603406	26.935357377157096	26.997783870967737	3.5786938603122214	54.68127142199729	1.9238963886138978	3.5183826904214026	1.6547974716983236	-277.51705327815995	-52.66463941255935	-3.358361963761107	-12.102287194139848	-0.04112759456497379	0.04616932787435236	3.4514907623760247	147.0	29.0	1	0	52545.0	0	0	0	0	0	-1	MPF-6541-20200823-11_40_31	279.62103846153843	335.28	0.1660074013912597	0.5	1681.1888416123734	0.3329722740731049	139.5448954220261	0.3944166070150322	0.0007928748044715159	-1.0	DARK-6542-20200823-11_40_39	203.04	132.23999999999998	0.4208935385546094	1.6513002364066194	0.1660074013912597	0	6541	300	300	300	9874.5	322.5	-0.00656837	1.44354	1999.9906451612903	1681.1888416123734	0.840598352637191	0.19119670527438198	0.5	0: Broadleaf	1598200822.354839	49.73346129032258	49.99180645161291	19.355570967741937	16.887425806451613	500.05980645161287	99.19758387096776	0.19996899999999998	26.708712903225802	26.997783870967737	999.9000000000003	9998.347741935484	0.0	201.6825806451613	1999.9906451612903	0.9800067096774194	0.019993351612903224	0.0	279.6149677419356	5.00054	7287.373225806453	18703.570967741933	47.086387096774175	48.717483870967726	47.491806451612895	47.75380645161289	48.632935483870966	1955.100645161291	39.89000000000002	0.0	114.20000004768372	279.62103846153843	-0.12618803243016738	-16.38153854740291	7287.214615384615	15	1598200855.8	11:40:55	20	-0.227	0.117	50.0	17.0	0.27	0.03	49.699514545454555	-0.09378436250880093	0.014334502790398235	1	19.350663636363635	0.035555998927902906	0.01174462141711711	1	2	2	2/2	1.86676	1.86327	1.86896	1.8669	1.87158	1.86401	1.86561	1.86554	5	0	0	0	11111111	oooooooo	off	off	off	off	0.0	100.0	100.0	-0.227	0.117	2	335.534	479.899	22.1818	33.9578	30.0003	33.9992	34.0081	5.63963	50.3651	0	22.1581	50	16.9618	100.759	101.142	
6	1598200947.4	587.7000000476837	20200823 11:42:27	11:42:27		1598200939.3580651	0.006481418270653147	30.291023516127655	386.898794885948	253.80069132319412	25.227440322860378	38.4572091119433	0.4115315056700171	3.379834759155755	0.38558270167149317	0.2431841125281241	321.4400338247079	27.055850327034086	26.994632258064517	3.5780314793846397	54.996856147821795	1.9536915624576843	3.5523695340084678	1.6243399169269555	-285.83054573580375	-22.319996741166438	-1.424243721386775	11.86524762635089	-0.0411355675069942	0.04617827820023834	3.4520204727832553	147.0	29.0	1	0	52380.0	0	0	0	0	0	-1	MPF-6543-20200823-11_42_28	270.97092307692304	370.645	0.268920603065135	0.5	1681.2007647720677	30.291023516127655	226.0547617680353	0.5102051828569116	0.01861230625859845	-1.0	DARK-6544-20200823-11_42_36	181.54	189.105	0.5270832443514288	2.0416712570232454	0.26892060306513493	0	6543	300	300	300	9875.47	343.094	-0.00656915	1.18732	2000.0048387096774	1681.2007647720677	0.8405983486803515	0.19119669736070324	0.5	0: Broadleaf	1598200939.3580651	386.89880645161287	400.01670967741927	19.65511612903225	17.113809677419354	500.05974193548394	99.19862903225805	0.19999825806451618	26.87213870967742	26.994632258064517	999.9000000000003	10000.180645161292	0.0	202.48806451612904	2000.0048387096774	0.9800050645161291	0.019994777419354834	0.0	270.9649032258065	5.00054	7115.210322580645	18703.699999999997	46.8788064516129	48.4878064516129	47.254	47.55406451612902	48.41899999999999	1955.113870967742	39.89000000000002	0.0	116.5	270.97092307692304	-1.6092991479739822	-44.32102596000241	7114.379615384616	15	1598200974.4	11:42:54	21	-0.226	0.118	400.0	17.0	0.4	0.03	386.9032000000001	-0.025161401230332253	0.02459223824335486	1	19.647205454545453	0.07036259367685799	0.009605574483445832	1	2	2	2/2	1.86678	1.86327	1.86896	1.86691	1.87163	1.86401	1.86565	1.86554	5	0	0	0	11111111	oooooooo	off	off	off	off	0.0	100.0	100.0	-0.226	0.118	2	335.213	480.65	22.4905	33.9149	30.0003	33.9777	33.9877	22.0702	49.8729	0	22.4845	400	17.0561	100.766	101.155	
7	1598201065.9	706.2000000476837	20200823 11:44:25	11:44:25		1598201057.9000006	0.006691971691831279	30.835216228956792	386.6473107838782	256.2318869230816	25.468172930238214	38.43081629029023	0.42904199129285936	3.376303610759739	0.4008915741081274	0.2529323599049676	321.44017194764723	27.035333167113645	26.996177419354833	3.5783562157184554	55.239384915758514	1.965453431636844	3.558065381492229	1.6129027840816115	-295.1159516097594	-17.61691767012549	-1.1254770155996991	7.581825652162635	-0.041080987391359965	0.04611700723895818	3.4483935458472623	147.0	29.0	1	0	52344.0	0	0	0	0	0	-1	MPF-6545-20200823-11_44_27	271.7193461538461	377.013	0.27928388104960267	0.5	1681.2013254833387	30.835216228956792	234.76621550336154	0.5144995000172408	0.018935992820374618	-1.0	DARK-6546-20200823-11_44_35	183.04	193.97299999999998	0.5428263410173265	2.0597301136363635	0.2792838810496027	0	6545	300	300	300	9875.98	347.701	-0.0065696	1.42795	2000.0054838709682	1681.2013254833387	0.840598357875204	0.19119671575040809	0.5	0: Broadleaf	1598201057.9000006	386.6473225806452	400.0147419354838	19.774164516129034	17.150629032258067	500.06135483870975	99.19500645161291	0.2000112258064516	26.899393548387096	26.996177419354833	999.9000000000003	9987.276774193548	0.0	204.93287096774196	2000.0054838709682	0.9800041935483874	0.019995532258064507	0.0	271.7215806451613	5.00054	7126.403548387097	18703.709677419356	46.70529032258063	48.316193548387076	47.08029032258063	47.47154838709677	48.28603225806451	1955.1148387096775	39.890645161290344	0.0	117.70000004768372	271.7193461538461	0.014461538784353651	-4.949743686704899	7126.2315384615395	15	1598201091.9	11:44:51	22	-0.234	0.117	400.0	17.0	0.19	0.03	386.65645454545466	-0.007878787879042485	0.021758858744985222	1	19.768927272727275	0.05474545454545211	0.012080313881314336	1	2	2	2/2	1.86676	1.86326	1.86895	1.86691	1.87162	1.86403	1.86563	1.86554	5	0	0	0	11111111	oooooooo	off	off	off	off	0.0	100.0	100.0	-0.234	0.117	2	335.518	480.377	22.4356	33.889	30.0006	33.9563	33.969	22.0635	50.6042	0	22.4302	400	17.0552	100.77	101.16	
8	1598201206.4	846.7000000476837	20200823 11:46:46	11:46:46		1598201198.4000006	0.0062829796818804	37.51622772336357	483.78437283968043	314.29531455514314	31.239381928430973	48.08574641189449	0.39895597024668517	3.378939372502586	0.37451225047985465	0.23614142032923502	321.43740707486	27.01874310138367	27.011899999999997	3.5816619896091075	55.46078280410853	1.9606586620740651	3.5352163509830943	1.6210033275350424	-277.0794039709257	-40.45364210361747	-2.5811999553264715	1.323161044990357	-0.04112172531335074	0.04616273912523079	3.4511007955055275	146.0	29.0	1	0	52643.0	0	0	0	0	0	-1	MPF-6547-20200823-11_46_47	278.59165384615386	403.023	0.3087450248592417	0.5	1681.1869448381792	37.51622772336357	259.5290525385481	0.5358081300570935	0.02291013967341443	-1.0	DARK-6548-20200823-11_46_55	187.08	215.943	0.5762231058837107	2.15428159076331	0.30874502485924166	0	6547	300	300	300	9876.51	368.08	-0.00657006	0.481293	1999.988387096774	1681.1869448381792	0.8405983533127541	0.19119670662550833	0.5	0: Broadleaf	1598201198.4000006	483.7843870967741	500.0046774193549	19.725929032258062	17.26262258064516	500.0629999999999	99.19500967741935	0.1999875806451613	26.789829032258066	27.011899999999997	999.9000000000003	9997.180322580643	0.0	206.56403225806451	1999.988387096774	0.9800034838709677	0.01999637096774193	0.0	278.6114516129032	5.00054	7267.277096774193	18703.54516129032	46.59248387096773	48.19735483870967	46.94322580645161	47.39293548387097	48.181161290322564	1955.098387096774	39.89000000000002	0.0	140.0	278.59165384615386	-0.6500854506650832	-28.709401686945082	7266.670384615384	15	1598201231.4	11:47:11	23	-0.17	0.118	500.0	17.0	0.25	0.04	483.71376363636364	0.10376623376615364	0.024975598008214698	1	19.745532727272728	-0.19164588744589006	0.026430464891487718	1	2	2	2/2	1.86678	1.86331	1.86896	1.86687	1.87158	1.86402	1.86561	1.86553	5	0	0	0	11111111	oooooooo	off	off	off	off	0.0	100.0	100.0	-0.17	0.118	2	336.028	480.037	21.4625	33.8992	29.9989	33.9532	33.9634	26.3566	50.4856	0	22.1275	500	17.0772	100.767	101.161	
9	1598201339.9	980.2000000476837	20200823 11:48:59	11:48:59		1598201331.9000006	0.005941953966465253	42.302408307418276	581.680145190976	373.5342861378062	37.12695637867785	57.81534434266378	0.36473600549756635	3.3791336829996617	0.34419093738825657	0.21686873139002422	321.4370784826017	26.82070956362292	27.01752258064516	3.5828448203821925	55.03876921905607	1.9144086720920963	3.478291210460554	1.6684361482900962	-262.04016992111764	-91.70203648989968	-5.842941411060877	-38.14806933947648	-0.04112472910906288	0.04616611114906463	3.451300377137784	147.0	29.0	1	0	52562.0	0	0	0	0	0	-1	MPF-6549-20200823-11_49_01	284.1696153846154	420.431	0.324099280536841	0.5	1681.184091157663	42.302408307418276	272.4352771970908	0.5551231950070286	0.02575708902741296	-1.0	DARK-6550-20200823-11_49_09	187.04	233.391	0.5838330724637394	2.2478133019674935	0.324099280536841	0	6549	300	300	300	9877.26	381.212	-0.00657055	1.37701	1999.9848387096774	1681.184091157663	0.8405984178571604	0.19119683571432095	0.5	0: Broadleaf	1598201331.9000006	581.6801612903226	599.9814516129032	19.260864516129033	16.93014193548387	500.0600967741936	99.19370645161291	0.19999783870967744	26.51415161290323	27.01752258064516	999.9000000000003	9998.04193548387	0.0	207.45064516129034	1999.9848387096774	0.9800024516129031	0.019997712903225807	0.0	284.2043225806452	5.00054	7379.548387096774	18703.500000000004	46.503870967741925	48.10264516129032	46.850612903225795	47.29406451612902	48.090451612903216	1955.0887096774188	39.894193548387115	0.0	132.70000004768372	284.1696153846154	-2.5561025678426676	-38.62290605482283	7379.296923076923	15	1598201366.4	11:49:26	24	-0.162	0.114	600.0	17.0	0.1	0.03	581.6367636363636	0.28838961038969274	0.05385906309700061	1	19.270665454545455	-0.051524675324672725	0.006973748651043906	1	2	2	2/2	1.86676	1.86325	1.8689	1.86685	1.87156	1.86401	1.86558	1.86551	5	0	0	0	11111111	oooooooo	off	off	off	off	0.0	100.0	100.0	-0.162	0.114	2	335.882	479.505	21.6941	33.9394	30.0005	33.9699	33.9786	30.5054	51.5321	0	21.6752	600	16.946	100.76	101.159	
10	1598201470.4	1110.7000000476837	20200823 11:51:10	11:51:10		1598201462.4000006	0.0053314673346307444	45.6165936003153	680.2851116998328	427.7659027617245	42.516542414598526	67.61495158653827	0.3216319332025229	3.3797775544918784	0.30554378360448636	0.19234323875366202	321.4444557314584	26.7834502358933	27.019687096774195	3.583300263798295	55.10253950011048	1.8968083754595157	3.4423247869650595	1.6864918883387794	-235.11770945721582	-124.22234829325009	-7.906631516069215	-45.802233535076766	-0.04113468310469679	0.04617728538118161	3.4519617161483023	146.0	29.0	1	0	52634.0	0	0	0	0	0	-1	MPF-6551-20200823-11_51_12	286.27049999999997	427.25	0.3299695728496197	0.5	1681.2213867735886	45.6165936003153	277.37595142966313	0.5651726155646577	0.027727813818605195	-1.0	DARK-6552-20200823-11_51_19	185.78	241.47	0.5838385720793474	2.2997631607277427	0.32996957284961975	0	6551	300	300	300	9877.72	388.174	-0.00657105	1.8696	2000.0290322580643	1681.2213867735886	0.8405984911506326	0.19119698230126522	0.5	0: Broadleaf	1598201462.4000006	680.285129032258	699.9800000000001	19.0841	16.992480645161294	500.06432258064524	99.19209032258063	0.19998870967741933	26.337935483870965	27.019687096774195	999.9000000000003	10000.624838709678	0.0	208.7889677419355	2000.0290322580643	0.9800019677419354	0.019998296774193552	0.0	286.29625806451617	5.00054	7426.596129032258	18703.916129032255	46.40893548387094	48.04799999999998	46.76999999999998	47.16506451612902	47.961322580645145	1955.1290322580642	39.90000000000001	0.0	129.89999985694885	286.27049999999997	-2.3635213572347737	-19.088205299441377	7426.20576923077	15	1598201497.4	11:51:37	25	-0.072	0.116	700.0	17.0	0.08	0.04	680.1700363636362	0.28754112554122163	0.04648282718531519	1	19.09566545454545	-0.126368831168829	0.016733811370252913	1	2	2	2/2	1.86676	1.86325	1.8689	1.86686	1.8715	1.86401	1.86555	1.86552	5	0	0	0	11111111	oooooooo	off	off	off	off	0.0	100.0	100.0	-0.072	0.116	2	336.339	479.474	21.0724	33.9578	30	33.9869	33.9938	34.5469	51.344	0	21.0787	700	17.0122	100.754	101.157	
11	1598201618.9	1259.2000000476837	20200823 11:53:38	11:53:38		1598201610.9000006	0.004683235105807727	47.55224162139448	779.5405303272813	480.3272998991813	47.739176380152976	77.47763427267878	0.28069833497051117	3.3773442239552707	0.26835175698270874	0.16878388089569185	321.4401265038	26.904735524091038	27.023351612903223	3.584071442671787	55.2059571823062	1.897382778111097	3.436916729557618	1.68668866456069	-206.53066816612076	-129.64991748844747	-8.257088045869507	-22.997547196637754	-0.041097069247392835	0.04613506053120304	3.449462379882436	146.0	29.0	1	0	52704.0	0	0	0	0	0	-1	MPF-6553-20200823-11_53_40	284.4230769230769	428.212	0.33578910230662173	0.5	1681.195944838019	47.55224162139448	282.26363855934557	0.5648884197547009	0.02887958525623997	-1.0	DARK-6554-20200823-11_53_48	186.32	241.892	0.5944343883920225	2.2982610562473167	0.3357891023066217	0	6553	300	300	300	9874.45	387.523	-0.0065687	1.68542	1999.998387096774	1681.195944838019	0.8405986503211469	0.19119730064229387	0.5	0: Broadleaf	1598201610.9000006	779.5405483870965	800.0190967741935	19.090500000000006	17.253206451612904	500.064870967742	99.18882903225804	0.20001767741935483	26.311300000000003	27.023351612903223	999.9000000000003	9991.80870967742	0.0	209.05548387096775	1999.998387096774	0.9799959032258063	0.02000448387096775	0.0	284.4373548387097	5.00054	7422.330322580645	18703.590322580643	47.118870967741934	48.71741935483869	47.50187096774194	48.098483870967726	48.70941935483869	1955.088387096774	39.91000000000001	0.0	147.59999990463257	284.4230769230769	-1.605743584393002	-12.576752167060521	7422.418076923077	15	1598201645.4	11:54:05	26	-0.176	0.12	800.0	17.0	0.12	0.06	779.5823818181818	0.5603463203459645	0.0824432567194677	0	19.092920000000003	-0.0638034632034626	0.008459709859628206	1	1	2	1/2	1.86676	1.86325	1.8689	1.86682	1.87149	1.86401	1.86555	1.86553	5	0	0	0	11111111	oooooooo	off	off	off	off	0.0	100.0	100.0	-0.176	0.12	2	336.46	479.354	20.9595	33.9578	30.0001	33.99	33.9998	38.4906	50.209	0	20.9525	800	17.2361	100.757	101.158	
12	1598201766.9	1407.2000000476837	20200823 11:56:06	11:56:06		1598201758.9032264	0.004264671389076146	50.13300253187781	978.3001099801461	624.7246624836213	62.09036947002358	97.23165888752551	0.250856311668356	3.382205992228942	0.24095921382852284	0.1514561880713095	321.43971923658114	26.86472373104041	27.03388709677419	3.586289388997845	55.006592561081455	1.8755756714388192	3.409728878145119	1.7107137175590257	-188.07200825825802	-156.27547943655665	-9.932341202868272	-32.84010966110179	-0.04117223342578699	0.046219438906194156	3.454456048119702	146.0	29.0	1	0	52574.0	0	0	0	0	0	-1	MPF-6555-20200823-11_56_08	281.92784615384613	419.83	0.3284714142537547	0.5	1681.1964577413257	50.13300253187781	276.112489056348	0.5600600242955482	0.030414650409491463	-1.0	DARK-6556-20200823-11_56_16	184.7	235.13	0.5864932328760849	2.2730373578776395	0.32847141425375476	0	6555	300	300	300	9871.38	382.29	-0.0065661	1.41754	1999.9993548387095	1681.1964577413257	0.8405985000314694	0.19119700006293905	0.5	0: Broadleaf	1598201758.9032264	978.3001290322582	1000.0196774193548	18.871177419354833	17.197693548387093	500.0576451612904	99.18840000000002	0.19997570967741932	26.17683870967742	27.03388709677419	999.9000000000003	10010.126451612905	0.0	210.4349032258065	1999.9993548387095	0.9800010000000003	0.0199992	0.0	281.98335483870966	5.00054	7410.52870967742	18703.62903225806	48.02183870967741	49.556064516129005	48.42306451612901	48.8686451612903	49.543999999999976	1955.0993548387091	39.90000000000001	0.0	147.70000004768372	281.92784615384613	-1.3914530029878904	-25.258803350165373	7410.2292307692305	15	1598201792.4	11:56:32	27	0.253	0.121	1000.0	17.0	0.15	0.06	977.8139454545455	0.4783584597690983	0.06692992758558504	0	18.87100727272727	-0.0012731294784233042	0.00403245265070355	1	1	2	1/2	1.86676	1.86325	1.86892	1.86686	1.8715	1.86401	1.86554	1.86552	5	0	0	0	11111111	oooooooo	off	off	off	off	0.0	100.0	100.0	0.253	0.121	2	336.213	479.28	20.9513	33.9763	30.0001	34.0053	34.012	46.0806	50.5848	0	20.9523	1000	17.2872	100.751	101.16	
13	1598201913.9	1554.2000000476837	20200823 11:58:33	11:58:33		1598201905.9032264	0.003936514300286699	50.8126427621713	1177.8603678051882	786.3412251998113	78.15072807910396	117.0619603418431	0.2306874895879134	3.3806183844464015	0.22228542289967287	0.13965778589538475	321.4365166092019	26.795635857768204	27.002119354838708	3.579605232725971	55.24728415553343	1.8677988304328952	3.3807975522826155	1.7118064022930757	-173.6002806426434	-176.67827993075062	-11.224464256135027	-40.066508220327194	-0.041147683278325756	0.04619187921495788	3.452825359129789	145.0	29.0	1	0	52655.0	0	0	0	0	0	-1	MPF-6557-20200823-11_58_35	278.4883461538461	408.855	0.31885791746744907	0.5	1681.1820867736574	50.8126427621713	268.02910953611433	0.5525063897958934	0.030819173705094915	-1.0	DARK-6558-20200823-11_58_43	182.96	225.895	0.577111728219544	2.2346687800612157	0.31885791746744907	0	6557	300	300	300	9868.96	372.542	-0.00656406	1.57739	1999.9825806451615	1681.1820867736574	0.8405983647274246	0.19119672945484925	0.5	0: Broadleaf	1598201905.9032264	1177.8603870967743	1200.0377419354838	18.79351935483871	17.248670967741933	500.05338709677414	99.18527096774194	0.19999025806451612	26.032722580645146	27.002119354838708	999.9000000000003	10004.473225806452	0.0	210.4548387096774	1999.9825806451615	0.9800041612903224	0.01999563225806452	0.0	278.5194516129032	5.00054	7374.32806451613	18703.48709677419	48.715451612903216	50.14899999999998	49.11070967741936	49.36877419354839	50.132935483870966	1955.091935483871	39.890645161290344	0.0	146.29999995231628	278.4883461538461	-2.8169230750834755	-36.7288888058257	7373.972307692307	15	1598201952.4	11:59:12	28	0.145	0.121	1200	17.0	0.24	0.05	1177.927818181818	0.35952730673815764	0.061899945927165724	0	18.804314545454545	-0.096047341105206	0.013419557209627822	1	1	2	1/2	1.86676	1.86325	1.86891	1.86689	1.87149	1.86401	1.86557	1.86551	5	0	0	0	11111111	oooooooo	off	off	off	off	0.0	100.0	100.0	0.145	0.121	2	337.142	479.594	20.9602	33.9516	30.0003	33.9931	33.9998	53.3516	50.716	0	20.9551	1200	17.2424	100.757	101.17	
14	1598202052.0	1692.2999999523163	20200823 12:00:52	12:00:52		1598202043.9612904	0.0037805293706814143	50.98375076622289	1577.2899806549485	1159.5762685076031	115.24641720497306	156.76158964320183	0.221798078180463	3.3815290738871306	0.21402134297512931	0.1344393318975048	321.44315613310243	26.63847136308441	26.9661	3.572039664907103	55.78099701401039	1.8644633630674257	3.3424704879318177	1.7075763018396772	-166.72134524705038	-205.2689559688255	-13.0224244417778	-63.56956952455124	-0.04116176519262376	0.04620768739740084	3.4537607598628237	145.0	29.0	1	0	52669.0	0	0	0	0	0	-1	MPF-6559-20200823-12_00_53	277.2296153846154	395.022	0.2981919604867187	0.5	1681.2126581274654	50.98375076622289	250.66204926105823	0.5407344401071333	0.030920389823927683	-1.0	DARK-6560-20200823-12_01_01	181.42	213.602	0.5514573113331551	2.1773894829676994	0.29819196048671875	0	6559	300	300	300	9867.19	363.201	-0.00656247	1.60486	2000.018387096774	1681.2126581274654	0.8405986009798205	0.19119720195964132	0.5	0: Broadleaf	1598202043.9612904	1577.2900000000002	1600.065806451613	18.759693548387105	17.27603870967742	500.0634516129032	99.18664516129033	0.20001903225806453	25.840135483870966	26.9661	999.9000000000003	10007.758387096774	0.0	213.51577419354842	2000.018387096774	0.979995709677419	0.020004448387096776	0.0	277.2356774193548	5.00054	7371.672903225806	18703.790322580644	49.22764516129032	50.658999999999985	49.670999999999985	49.814225806451596	50.59248387096773	1955.1106451612907	39.90709677419356	0.0	137.5	277.2296153846154	-3.08977778204928	-48.68888881777636	7370.920384615384	15	1598202092.4	12:01:32	29	0.145	0.117	1200	17.0	0.24	0.07	1577.2754545454545	0.18658261662464293	0.09469219381896328	1	18.764038181818183	-0.005040217726422135	0.013959962111293809	1	2	2	2/2	1.86676	1.86325	1.8689	1.86688	1.87151	1.86401	1.86555	1.86548	5	0	0	0	11111111	oooooooo	off	off	off	off	0.0	100.0	100.0	0.145	0.117	2	337.152	479.721	20.6161	33.9972	30.0007	34.0155	34.0212	67.0727	51.9355	0	20.5633	1600	17.0068	100.756	101.168	
15	1598202185.0	1825.2999999523163	20200823 12:03:05	12:03:05		1598202176.9483874	0.0030752673251915356	51.06738878345197	1777.3566580368156	1257.8119488174825	125.0099992146516	176.64592440406136	0.17588156878127034	3.379583832304379	0.17095015794446577	0.10727539943338349	321.4389938637233	26.811497783774215	27.01264516129032	3.581818730717061	55.09093607804421	1.8427137792007486	3.3448583567182095	1.7391049515163122	-135.6192890409467	-211.43501500705074	-13.425268390313782	-39.040578574587926	-0.04113168814786423	0.04617392327976443	3.451762738336307	145.0	29.0	1	0	52692.0	0	0	0	0	0	-1	MPF-6561-20200823-12_03_06	275.19776923076927	387.991	0.2907109463086276	0.5	1681.1899835476954	51.06738878345197	244.37016552086828	0.5352469516045475	0.030970556149506594	-1.0	DARK-6562-20200823-12_03_14	180.32	207.671	0.5431342400683327	2.151680346051464	0.2907109463086276	0	6561	300	300	300	9865.53	357.379	-0.00656114	1.18671	1999.9912903225807	1681.1899835476954	0.8405986524453987	0.19119730489079734	0.5	0: Broadleaf	1598202176.9483874	1777.3566774193546	1799.9667741935482	18.540816129032255	17.333687096774188	500.07070967741936	99.1868870967742	0.19998812903225807	25.852190322580643	27.01264516129032	999.9000000000003	10000.42129032258	0.0	212.00532258064518	1999.9912903225807	0.9799962903225806	0.020003687096774195	0.0	275.2046774193548	5.00054	7345.766451612904	18703.519354838707	49.67706451612902	51.09858064516128	50.09654838709676	50.189193548387074	50.995935483870966	1955.0812903225808	39.91000000000001	0.0	132.20000004768372	275.19776923076927	0.11022223458163867	-6.776752165839339	7345.641538461538	15	1598202211.5	12:03:31	30	0.392	0.121	1800.0	17.0	0.21	0.08	1777.0865454545456	0.23310974809904977	0.08838383607503308	1	18.54282727272727	-0.05292810969588467	0.007541001972138923	1	2	2	2/2	1.86672	1.86322	1.8689	1.86677	1.87149	1.86396	1.86554	1.8654	5	0	0	0	11111111	oooooooo	off	off	off	off	0.0	100.0	100.0	0.392	0.121	2	337.324	479.696	19.6644	34.0586	29.9999	34.0585	34.0616	73.5442	50.6472	0	19.6844	1800	17.3823	100.738	101.151	
